/*--------------------------------*- C++ -*----------------------------------*\
  =========                 |
  \\      /  F ield         | OpenFOAM: The Open Source CFD Toolbox
   \\    /   O peration     | Website:  https://openfoam.org
    \\  /    A nd           | Version:  6
     \\/     M anipulation  |
\*---------------------------------------------------------------------------*/
FoamFile
{
    version     2.0;
    format      ascii;
    class       volScalarField;
    location    "8.5";
    object      p;
}
// * * * * * * * * * * * * * * * * * * * * * * * * * * * * * * * * * * * * * //

dimensions      [1 -1 -2 0 0 0 0];

internalField   nonuniform List<scalar> 
5250
(
1.0001
1.00058
1.0015
1.00401
1.00867
1.02285
1.04699
1.13227
1.26761
1.80595
2.91596
6.67397
14.6755
13.8384
12.2792
11.6591
11.6209
11.6711
11.7705
11.8017
11.7826
11.7559
11.7498
11.7584
11.7692
1.0001
1.00058
1.00149
1.00398
1.00862
1.02274
1.04678
1.13174
1.26663
1.80317
2.91004
6.6554
14.6357
13.7911
12.2494
11.6423
11.6074
11.6565
11.7551
11.7883
11.7713
11.7491
11.7469
11.7581
11.7713
1.0001
1.00057
1.00147
1.00393
1.00852
1.0225
1.04633
1.13057
1.26452
1.79686
2.89582
6.61067
14.5447
13.6979
12.183
11.598
11.5646
11.6113
11.7079
11.7452
11.7327
11.7183
11.7229
11.738
11.754
1.0001
1.00055
1.00143
1.00385
1.00835
1.0221
1.0456
1.12857
1.26107
1.78609
2.87177
6.53476
14.403
13.5752
12.0937
11.5292
11.4863
11.5294
11.6246
11.6693
11.6635
11.658
11.6704
11.6896
11.7083
1.00009
1.00053
1.00138
1.00373
1.00811
1.02151
1.04452
1.12559
1.25596
1.76998
2.83705
6.425
14.2115
13.4265
11.9898
11.4392
11.3715
11.4122
11.5094
11.5651
11.5684
11.5717
11.5904
11.6109
11.631
1.00009
1.00051
1.00132
1.00356
1.00776
1.02068
1.04304
1.12145
1.24873
1.74774
2.78988
6.27727
13.9678
13.2513
11.8778
11.3239
11.2174
11.2584
11.3624
11.432
11.4447
11.4543
11.4766
11.4979
11.5204
1.00008
1.00047
1.00122
1.00334
1.0073
1.01958
1.04099
1.11595
1.23904
1.71879
2.72607
6.08545
13.6631
13.0411
11.7781
11.1854
11.0273
11.0696
11.1856
11.2699
11.288
11.2975
11.3156
11.3302
11.3519
1.00007
1.00043
1.00111
1.00305
1.00668
1.01815
1.03793
1.10916
1.22428
1.68433
2.63722
5.84054
13.2889
12.8005
11.7289
11.0278
10.8036
10.8509
10.9849
11.0794
11.0927
11.0903
11.0867
11.077
11.0845
1.00007
1.00038
1.00098
1.00272
1.00595
1.01631
1.03405
1.09974
1.20346
1.63676
2.51722
5.52872
12.79
12.5578
11.7122
10.8566
10.567
10.6203
10.7689
10.8588
10.8509
10.8218
10.761
10.675
10.6224
1.00006
1.00033
1.00085
1.00235
1.00515
1.01418
1.02962
1.08743
1.17885
1.56506
2.35464
5.08981
12.0641
12.4595
11.7851
10.7133
10.3391
10.3928
10.5417
10.604
10.5729
10.4799
10.2972
10.0304
9.69609
1.00005
1.00028
1.00073
1.002
1.00437
1.01197
1.02493
1.07395
1.14896
1.48226
2.13676
4.50785
10.8762
12.6004
11.9017
10.6005
10.1423
10.1897
10.3164
10.3277
10.2593
10.0637
9.67539
9.00675
7.4889
1.00004
1.00025
1.00065
1.00174
1.00379
1.01008
1.02097
1.0603
1.12066
1.38694
1.88721
3.78354
9.07045
13.1154
12.219
10.5928
10.0065
10.0289
10.096
10.0673
9.93229
9.612
9.04207
8.20515
6.7631
1.00004
1.00023
1.00059
1.00156
1.00339
1.00886
1.01842
1.05124
1.10193
1.31358
1.68251
3.08291
6.73337
13.2808
12.2795
10.589
9.93915
9.89981
9.89751
9.83143
9.62725
9.20936
8.60816
7.82834
6.81055
1.00004
1.00021
1.00054
1.00142
1.00307
1.00796
1.01651
1.04539
1.08937
1.27377
1.57408
2.78107
5.73046
12.8087
12.064
10.5974
9.9402
9.80098
9.74364
9.61333
9.34479
8.92429
8.38494
7.73893
6.95705
1.00003
1.00019
1.00048
1.00128
1.00277
1.00715
1.01484
1.04047
1.07944
1.24201
1.49588
2.55365
5.00243
11.5735
11.3987
10.6522
9.96428
9.71684
9.60332
9.42598
9.14288
8.75981
8.29243
7.75331
7.15563
1.00003
1.00017
1.00043
1.00113
1.00246
1.00633
1.01314
1.03566
1.06988
1.2123
1.42525
2.35029
4.36569
10.2123
10.9363
10.6169
9.98897
9.65118
9.47831
9.28502
9.01595
8.67083
8.26686
7.7972
7.30859
1.00003
1.00014
1.00037
1.00098
1.00212
1.00545
1.01132
1.03054
1.05949
1.18306
1.34489
2.17109
3.74136
8.79242
10.7437
10.5274
9.99929
9.58714
9.3738
9.18297
8.93767
8.62907
8.27403
7.87586
7.45664
1.00002
1.00012
1.00032
1.00083
1.0018
1.00459
1.00953
1.02552
1.05013
1.15095
1.28288
1.94962
3.17473
7.25291
10.7388
10.5379
10.0071
9.5318
9.29324
9.11311
8.89328
8.62231
8.29968
7.9592
7.60089
1.00002
1.0001
1.00026
1.00069
1.00149
1.00378
1.00789
1.0207
1.04181
1.11786
1.23283
1.71287
2.61888
5.49835
10.6927
10.5265
10.0277
9.50755
9.24522
9.07281
8.87708
8.63198
8.35232
8.05586
7.7453
1.00001
1.00008
1.00022
1.00057
1.00123
1.00313
1.00653
1.01711
1.03461
1.09731
1.19106
1.58586
2.31873
4.79943
10.1662
10.3283
10.0185
9.5106
9.23111
9.06044
8.88211
8.66034
8.42056
8.16125
7.88744
1.00001
1.00007
1.00018
1.00046
1.00101
1.00256
1.00535
1.01403
1.0283
1.08072
1.15102
1.49281
2.04935
4.18145
8.93921
10.0312
9.90446
9.55667
9.25098
9.07165
8.90535
8.71797
8.50676
8.27395
8.02632
1.00001
1.00006
1.00014
1.00037
1.00081
1.00207
1.00431
1.01131
1.02273
1.06512
1.11946
1.39875
1.8081
3.52502
7.37911
9.97165
9.92039
9.67308
9.32535
9.11848
8.96324
8.80134
8.60754
8.3905
8.16013
1.00001
1.00004
1.00011
1.0003
1.00064
1.00163
1.00342
1.00887
1.01799
1.0502
1.09408
1.30101
1.60405
2.85169
5.59473
9.97373
10.058
9.88213
9.50201
9.22934
9.06325
8.90122
8.71311
8.50501
8.28672
1.00001
1.00003
1.00009
1.00024
1.00051
1.0013
1.00272
1.00703
1.01435
1.03917
1.07609
1.23072
1.4547
2.44397
4.42844
9.59043
10.2103
10.0479
9.68331
9.36879
9.17053
8.99889
8.81354
8.6132
8.40579
1
1.00003
1.00007
1.00019
1.0004
1.00102
1.00213
1.00552
1.01118
1.03116
1.05753
1.19056
1.33843
2.20394
3.74058
8.49677
10.2186
10.127
9.86002
9.51706
9.28182
9.0955
8.91135
8.71905
8.52189
1
1.00002
1.00006
1.00014
1.00034
1.00073
1.00186
1.00383
1.01027
1.01963
1.06074
1.1044
1.37342
1.7254
3.33545
6.85814
10.3132
10.3032
10.1141
9.72436
9.41736
9.19954
9.01044
8.82406
8.63685
1
1.00002
1.00005
1.00011
1.00028
1.0006
1.00152
1.00315
1.00825
1.01659
1.04667
1.08728
1.27757
1.55337
2.68571
5.11541
10.3717
10.6592
10.4428
9.97723
9.5777
9.31343
9.11218
8.92981
8.75215
1
1.00001
1.00004
1.00009
1.00023
1.00049
1.00124
1.00259
1.00678
1.01372
1.03801
1.07289
1.22735
1.43342
2.45049
4.40024
9.93877
10.7961
10.6153
10.1895
9.72926
9.4183
9.20384
9.02809
8.86313
1
1.00001
1.00003
1.00007
1.00018
1.00039
1.001
1.00207
1.00549
1.0109
1.03151
1.05632
1.19654
1.34072
2.25667
3.85165
8.91486
10.9152
10.7875
10.411
9.87567
9.51666
9.29335
9.12724
8.97479
1
1.00001
1.00002
1.00006
1.00014
1.00035
1.00073
1.00189
1.00378
1.01074
1.01897
1.06608
1.10616
1.4109
1.79918
3.58359
7.5733
11.2437
11.1187
10.6535
9.98478
9.58294
9.36623
9.21806
9.08064
1
1.00001
1.00002
1.00005
1.00013
1.00028
1.00072
1.0015
1.00392
1.00793
1.02195
1.04221
1.13102
1.24036
1.82164
2.82795
6.21369
11.7832
11.5428
10.8411
10.0665
9.64722
9.44486
9.31312
9.18627
1
1.00001
1.00002
1.00005
1.00012
1.00025
1.00064
1.00134
1.00351
1.00713
1.01952
1.03816
1.11421
1.21448
1.70704
2.5693
5.59568
11.6736
11.5194
10.9065
10.1403
9.72708
9.53445
9.40962
9.28642
1
1.00001
1.00002
1.00004
1.00011
1.00022
1.00057
1.0012
1.00315
1.00641
1.01759
1.03443
1.10341
1.19324
1.64291
2.42324
5.23019
11.264
11.3442
10.9774
10.2675
9.85435
9.646
9.50803
9.37859
1
1.00001
1.00002
1.00004
1.00009
1.0002
1.0005
1.00105
1.00276
1.00561
1.01561
1.02968
1.09479
1.16623
1.59442
2.27748
4.87282
10.6058
11.2955
11.0236
10.4459
10.0084
9.7539
9.58833
9.44981
1
1
1.00001
1.00003
1.00008
1.00016
1.00042
1.00087
1.00233
1.00458
1.01364
1.02362
1.08686
1.14058
1.546
2.14883
4.52463
9.95084
11.3634
11.1489
10.6374
10.133
9.81723
9.62876
9.49024
1
1
1.00001
1.00003
1.00006
1.00015
1.00031
1.00082
1.00158
1.00478
1.00811
1.02968
1.04663
1.19165
1.31687
2.29331
3.91089
9.28738
11.5978
11.385
10.8107
10.1817
9.81004
9.62061
9.49492
1
1
1.00001
1.00002
1.00006
1.00012
1.00031
1.00065
1.00175
1.00336
1.01044
1.01739
1.06735
1.10409
1.43679
1.84082
3.82335
8.32487
12.0551
11.7476
10.9357
10.1593
9.75786
9.58327
9.48009
1
1
1.00001
1.00002
1.00005
1.00011
1.00029
1.00062
1.00163
1.00329
1.0093
1.01701
1.05819
1.09424
1.37426
1.71615
3.38264
7.17356
12.6737
12.2166
11.0772
10.1348
9.69623
9.53609
9.45343
1
1
1.00001
1.00002
1.00004
1.00011
1.00023
1.00061
1.00124
1.00341
1.00639
1.02059
1.03401
1.13189
1.21737
1.83839
2.82951
6.41775
13.0843
12.4864
11.1188
10.1211
9.66583
9.50681
9.43378
1
1
1.00001
1.00002
1.00004
1.00009
1.00024
1.0005
1.00133
1.00262
1.00771
1.01336
1.04845
1.07655
1.30557
1.57629
2.90817
5.89572
12.9251
12.408
11.1583
10.1445
9.67495
9.50854
9.43487
1
1
1.00001
1.00002
1.00004
1.0001
1.00021
1.00054
1.00109
1.00303
1.00554
1.01844
1.02977
1.11774
1.1914
1.74689
2.61034
5.84279
12.5582
12.1964
11.1538
10.1907
9.70564
9.52122
9.44293
1
1
1.00001
1.00002
1.00004
1.00009
1.00023
1.00048
1.00126
1.00253
1.00716
1.01316
1.04389
1.07276
1.27855
1.50987
2.78067
5.38967
12.236
12.0035
11.2038
10.2576
9.75135
9.54836
9.4636
1
1
1.00001
1.00002
1.00004
1.0001
1.0002
1.00052
1.00105
1.00291
1.00534
1.01753
1.02833
1.11081
1.17862
1.69664
2.49528
5.47407
11.9196
11.8134
11.1804
10.2928
9.7853
9.57303
9.48596
1
1
1.00001
1.00002
1.00004
1.00009
1.00024
1.0005
1.0013
1.00265
1.00722
1.01414
1.04196
1.07552
1.26034
1.48182
2.68863
5.01186
11.6439
11.6961
11.2323
10.3474
9.82162
9.59912
9.51134
1
1
1.00001
1.00002
1.00004
1.0001
1.00024
1.00051
1.00132
1.0027
1.00728
1.01441
1.04132
1.07684
1.25085
1.47213
2.6216
4.83907
11.3565
11.6636
11.2417
10.3944
9.84834
9.61433
9.52691
1
1
1.00001
1.00002
1.00004
1.0001
1.00024
1.00051
1.00131
1.00267
1.00717
1.01418
1.04054
1.07523
1.24575
1.45777
2.58513
4.73097
11.1264
11.6297
11.2324
10.4191
9.86912
9.63082
9.54311
1
1
1.00001
1.00002
1.00004
1.00009
1.00024
1.00049
1.00128
1.00262
1.00702
1.0139
1.03975
1.07385
1.24131
1.44867
2.55661
4.65176
10.9431
11.5886
11.2139
10.4344
9.88984
9.64949
9.55796
1
1
1.00001
1.00002
1.00004
1.00009
1.00022
1.00047
1.00122
1.00247
1.0067
1.01307
1.0388
1.06895
1.24143
1.43235
2.557
4.62486
10.813
11.5164
11.1661
10.4296
9.90637
9.67117
9.57661
1
1
1.00001
1.00002
1.00004
1.00009
1.00018
1.00047
1.00094
1.00263
1.00459
1.01579
1.02435
1.09773
1.15193
1.61654
2.28551
4.90626
10.7294
11.4512
11.1133
10.4059
9.90726
9.68134
9.58714
1
1
1.00001
1.00002
1.00004
1.00009
1.00022
1.00046
1.00119
1.00242
1.00657
1.01282
1.03821
1.06786
1.23872
1.42746
2.53922
4.57655
10.6809
11.4659
11.1356
10.4318
9.91874
9.68697
9.59038
4.22628
3.20627
3.41446
4.16408
4.23119
4.09294
3.94858
3.84592
3.79532
3.77257
3.76194
3.75271
3.73769
3.71819
3.70407
3.69877
3.69829
3.70766
3.7257
3.74968
3.77937
3.81537
3.85806
3.9072
3.96194
4.02099
4.08342
4.14913
4.21774
4.28758
4.35697
4.42468
4.48978
4.55174
4.61025
4.665
4.71579
4.76186
4.80341
4.84257
4.88025
4.9128
4.93905
4.95836
4.97192
4.97997
4.98336
4.98262
4.97896
4.96982
4.95423
4.9353
4.91368
4.88874
4.86078
4.82973
4.79602
4.75977
4.72125
4.68058
4.63803
4.59368
4.5478
4.50047
4.45187
4.40213
4.35137
4.2997
4.24723
4.19405
4.14024
4.08589
4.0311
3.97599
3.92067
3.86529
3.81004
3.75513
3.70079
3.64728
3.59491
3.54399
3.49487
3.44792
3.40353
3.36215
3.32428
3.29052
3.26161
3.2385
3.22254
3.21566
3.21598
3.21778
3.22301
3.23505
3.2599
3.29601
3.33428
3.3708
4.79771
3.90922
4.00042
4.27635
4.19189
4.05597
3.94826
3.87217
3.83366
3.81533
3.78804
3.76759
3.74263
3.71785
3.69683
3.6869
3.68644
3.69833
3.71832
3.74328
3.77284
3.80827
3.85024
3.8985
3.95218
4.01005
4.07121
4.13602
4.20509
4.27545
4.34543
4.41369
4.47922
4.5416
4.60052
4.65581
4.70715
4.75397
4.79665
4.83604
4.87288
4.90512
4.93145
4.95123
4.96514
4.97357
4.97703
4.97654
4.97368
4.96592
4.95012
4.93062
4.90871
4.88407
4.85639
4.82563
4.79207
4.75596
4.71754
4.67697
4.63448
4.59022
4.54438
4.49709
4.44852
4.39879
4.34805
4.29639
4.24393
4.19078
4.13701
4.08274
4.02805
3.97306
3.9179
3.86272
3.80769
3.753
3.69889
3.64561
3.59346
3.54273
3.49379
3.44699
3.40272
3.36144
3.32364
3.28994
3.26106
3.23797
3.22196
3.21546
3.21586
3.21787
3.22338
3.23578
3.26114
3.29723
3.33602
3.37688
5.71314
4.9953
4.75446
4.60074
4.3595
4.15958
4.00976
3.90338
3.83299
3.7884
3.75853
3.74819
3.73374
3.71519
3.69903
3.6927
3.69623
3.70752
3.72557
3.74843
3.77695
3.81182
3.85346
3.90157
3.9554
4.01368
4.07539
4.14014
4.20804
4.27731
4.34614
4.41347
4.47827
4.53992
4.59808
4.65264
4.70327
4.74963
4.79188
4.83062
4.8662
4.89759
4.92358
4.94352
4.95754
4.966
4.96918
4.96871
4.96631
4.95972
4.94553
4.92496
4.90238
4.87775
4.85032
4.81987
4.78655
4.75062
4.71233
4.6719
4.62951
4.58533
4.53952
4.49225
4.44366
4.39391
4.34312
4.29143
4.23893
4.18576
4.132
4.07779
4.02321
3.9684
3.91348
3.85859
3.8039
3.7496
3.6959
3.64304
3.59129
3.54096
3.49239
3.44592
3.40195
3.36097
3.32343
3.28998
3.26133
3.23852
3.22267
3.21695
3.21753
3.2199
3.22592
3.23907
3.26555
3.30153
3.34086
3.38649
6.20345
5.57513
5.17293
4.89833
4.64547
4.40035
4.19605
4.04608
3.9463
3.89024
3.85729
3.83334
3.80612
3.77643
3.75054
3.73408
3.72971
3.73257
3.74242
3.76374
3.79412
3.82946
3.87022
3.91681
3.96865
4.02486
4.08442
4.14695
4.21203
4.27863
4.34528
4.41072
4.47341
4.53345
4.59025
4.6436
4.69313
4.73871
4.7803
4.81826
4.85268
4.88313
4.9087
4.92872
4.94301
4.9517
4.95487
4.95444
4.95246
4.94705
4.93515
4.9146
4.89146
4.8665
4.83919
4.80912
4.77622
4.74068
4.70271
4.66255
4.62039
4.57641
4.53078
4.48367
4.43522
4.38558
4.33489
4.28328
4.23088
4.17781
4.12421
4.07018
4.01586
3.96138
3.90685
3.85243
3.79826
3.74454
3.69143
3.63919
3.58805
3.53834
3.49034
3.44443
3.40097
3.36048
3.32345
3.29051
3.2624
3.24013
3.22481
3.22043
3.22116
3.22388
3.2306
3.24501
3.27233
3.30874
3.34789
3.39843
6.53893
5.97546
5.53577
5.20448
4.93206
4.68826
4.47801
4.30968
4.1822
4.09506
4.02966
3.97436
3.92365
3.87739
3.83887
3.81172
3.79856
3.79917
3.80394
3.81679
3.84315
3.87602
3.91353
3.95557
4.00239
4.05341
4.10789
4.16536
4.22527
4.28686
4.34901
4.41056
4.47036
4.52778
4.58232
4.63363
4.68146
4.72557
4.76597
4.80275
4.83595
4.86533
4.89029
4.91025
4.92484
4.93395
4.93734
4.93697
4.93528
4.93076
4.9208
4.90154
4.87844
4.85313
4.82571
4.79587
4.7634
4.72832
4.69078
4.65098
4.60912
4.56541
4.52001
4.4731
4.42481
4.37533
4.32478
4.27331
4.22106
4.16817
4.11479
4.06104
4.00708
3.95302
3.89901
3.84517
3.79167
3.73868
3.68633
3.63486
3.58451
3.53559
3.4884
3.44332
3.40071
3.36102
3.32479
3.29266
3.26548
3.24425
3.23007
3.22742
3.2283
3.23141
3.23894
3.25487
3.28317
3.31998
3.35811
3.41192
6.80123
6.3147
5.88788
5.54377
5.25686
5.00676
4.78797
4.60144
4.44864
4.32729
4.23043
4.15052
4.08239
4.02362
3.97436
3.93608
3.91044
3.89907
3.89958
3.90341
3.91412
3.93687
3.96908
4.00645
4.04746
4.09207
4.13967
4.19031
4.24339
4.2984
4.35462
4.4111
4.4668
4.52081
4.57251
4.62137
4.6672
4.70944
4.74834
4.78375
4.81567
4.84394
4.86806
4.88771
4.90241
4.91189
4.91569
4.91537
4.91389
4.90996
4.90137
4.88402
4.86163
4.8363
4.80875
4.77898
4.74681
4.71216
4.67507
4.63571
4.59425
4.55089
4.50581
4.45919
4.4112
4.36198
4.31169
4.2605
4.20855
4.156
4.10299
4.04969
3.99624
3.94279
3.88948
3.83639
3.78375
3.73165
3.68034
3.62996
3.58074
3.53288
3.48677
3.44269
3.40111
3.36247
3.3274
3.29653
3.27073
3.25101
3.23874
3.23817
3.23923
3.24279
3.25128
3.26911
3.29843
3.33543
3.37153
3.4265
7.02567
6.60689
6.22449
5.88724
5.59501
5.3409
5.11513
4.91566
4.74319
4.59762
4.47623
4.37466
4.28852
4.21459
4.15142
4.09912
4.05875
4.03188
4.0185
4.01778
4.01995
4.02737
4.04414
4.07237
4.10491
4.14134
4.18074
4.22303
4.26798
4.31517
4.36418
4.41431
4.46465
4.51433
4.56246
4.60839
4.65168
4.69193
4.729
4.76275
4.79311
4.81998
4.84301
4.86206
4.87654
4.88621
4.89049
4.89024
4.88896
4.8855
4.87789
4.86246
4.84122
4.81642
4.78905
4.75938
4.72742
4.69312
4.65651
4.61763
4.57666
4.53376
4.48911
4.44289
4.39528
4.34646
4.29656
4.24578
4.19424
4.14217
4.08968
4.03698
3.98418
3.9315
3.8791
3.8271
3.77559
3.72466
3.67451
3.62527
3.57721
3.53055
3.48567
3.44288
3.40267
3.36557
3.33216
3.30312
3.27931
3.26165
3.25254
3.25279
3.25437
3.25882
3.26877
3.28916
3.31857
3.35478
3.38794
3.44165
7.23328
6.86993
6.52588
6.21042
5.92763
5.67165
5.43956
5.23146
5.0474
4.88574
4.74558
4.62503
4.52127
4.43156
4.35405
4.288
4.23364
4.19185
4.16333
4.14716
4.13989
4.14032
4.14328
4.15174
4.16979
4.19536
4.22463
4.25824
4.2948
4.33394
4.37539
4.41859
4.46289
4.50743
4.55135
4.5939
4.63443
4.67246
4.70761
4.73963
4.76837
4.79374
4.81558
4.83374
4.84767
4.85732
4.86196
4.86178
4.86069
4.85764
4.85083
4.83694
4.81704
4.79322
4.76638
4.73698
4.70524
4.67125
4.63505
4.59669
4.55627
4.51391
4.46981
4.42411
4.37702
4.32871
4.27933
4.22909
4.17812
4.12666
4.07484
4.02294
3.97113
3.91953
3.86822
3.81732
3.76694
3.71718
3.66824
3.62028
3.57358
3.52839
3.48505
3.44393
3.40549
3.37035
3.33903
3.3123
3.29105
3.27602
3.27057
3.2711
3.27327
3.2788
3.29064
3.31349
3.34217
3.37637
3.40594
3.45627
7.42632
7.10723
6.79753
6.50472
6.23273
5.98167
5.75155
5.5405
5.34782
5.17425
5.02062
4.88607
4.76828
4.66509
4.57483
4.49632
4.42911
4.37325
4.32934
4.29709
4.27478
4.26058
4.25209
4.25215
4.25416
4.26066
4.27511
4.29828
4.32461
4.35519
4.38871
4.42457
4.46225
4.50104
4.54012
4.57874
4.61615
4.6517
4.68479
4.71503
4.74216
4.76606
4.78661
4.80371
4.81705
4.82634
4.83103
4.83091
4.82996
4.82721
4.82099
4.80825
4.78965
4.76704
4.74107
4.71221
4.68082
4.64716
4.61135
4.57348
4.53363
4.49189
4.44841
4.40335
4.35689
4.30921
4.2605
4.21092
4.16068
4.11003
4.05923
4.00839
3.95767
3.90715
3.85696
3.8072
3.75803
3.70958
3.66204
3.6156
3.57052
3.52708
3.48558
3.44647
3.41024
3.37748
3.3488
3.32494
3.30679
3.29515
3.29316
3.29394
3.2967
3.30346
3.31769
3.34168
3.36908
3.40017
3.42559
3.47098
7.605
7.32002
7.03902
6.76749
6.50925
6.26628
6.03936
5.82844
5.63371
5.45629
5.29556
5.15098
5.02203
4.90725
4.80548
4.71534
4.63595
4.56688
4.5083
4.46023
4.42191
4.39216
4.36952
4.35392
4.3435
4.34068
4.34194
4.3467
4.35789
4.37871
4.4026
4.43058
4.46124
4.49366
4.52757
4.56199
4.59603
4.62888
4.65975
4.68815
4.71373
4.73629
4.7557
4.77186
4.7845
4.79345
4.79789
4.79779
4.79692
4.79435
4.78854
4.77662
4.75929
4.73796
4.71306
4.68499
4.65416
4.62095
4.58558
4.5482
4.50891
4.46782
4.42504
4.38071
4.33501
4.28809
4.24016
4.1914
4.14216
4.0926
4.04291
3.99318
3.94357
3.89419
3.84519
3.79671
3.7489
3.70194
3.65599
3.61129
3.56806
3.52666
3.48728
3.45055
3.41694
3.38703
3.36149
3.34105
3.32642
3.31895
3.3191
3.32032
3.32395
3.33229
3.34932
3.37277
3.39758
3.42456
3.44546
3.48508
7.7703
7.51094
7.25301
7.00053
6.75681
6.52417
6.30401
6.09708
5.90394
5.72509
5.56062
5.41033
5.2739
5.1506
5.03918
4.93855
4.84783
4.76643
4.69424
4.63147
4.57792
4.53294
4.4957
4.46548
4.4415
4.42386
4.41175
4.40662
4.40741
4.41105
4.42014
4.43862
4.46066
4.48478
4.51286
4.54281
4.57338
4.60335
4.63188
4.65842
4.68254
4.70397
4.72249
4.73793
4.75005
4.75865
4.76287
4.76276
4.76191
4.75945
4.75392
4.74265
4.72649
4.70641
4.68268
4.65561
4.62559
4.593
4.55818
4.52134
4.48265
4.44222
4.40019
4.35667
4.31181
4.26576
4.21877
4.17113
4.12304
4.07466
4.02612
3.97757
3.92915
3.88103
3.83335
3.78629
3.74
3.69467
3.65051
3.60772
3.56662
3.52743
3.49063
3.45668
3.42613
3.39957
3.37765
3.36109
3.35039
3.34742
3.34795
3.35
3.35509
3.36605
3.38481
3.40603
3.42694
3.44906
3.46552
3.49873
7.92302
7.68325
7.44422
7.20874
6.97938
6.75824
6.54686
6.34621
6.15696
5.97952
5.81414
5.66079
5.51926
5.38903
5.26937
5.15948
5.05864
4.96631
4.88217
4.80632
4.73894
4.67972
4.62825
4.58401
4.54657
4.51555
4.49072
4.47206
4.4594
4.45289
4.45334
4.45613
4.46365
4.47949
4.49715
4.52099
4.54718
4.57374
4.59979
4.62459
4.64747
4.66805
4.68598
4.70102
4.71286
4.72133
4.72554
4.72542
4.7246
4.72227
4.71709
4.70654
4.69141
4.67248
4.64998
4.62408
4.59509
4.56337
4.52926
4.49306
4.45502
4.41531
4.37406
4.33141
4.28746
4.24244
4.19662
4.15021
4.10336
4.0562
4.0089
3.96161
3.9145
3.86774
3.82151
3.77598
3.73136
3.68784
3.64565
3.60503
3.56636
3.52972
3.49582
3.46509
3.43805
3.41532
3.39748
3.38512
3.37884
3.37892
3.37989
3.38293
3.38994
3.40422
3.42206
3.43985
3.4561
3.47303
3.48574
3.51176
8.06417
7.84038
7.61759
7.39755
7.18203
6.97269
6.77087
6.57752
6.39332
6.21867
6.05385
5.89892
5.75381
5.61825
5.49184
5.37408
5.2645
5.16265
5.06822
4.98109
4.90155
4.82965
4.76522
4.70799
4.65762
4.61379
4.57627
4.54489
4.51964
4.50049
4.48772
4.48041
4.48066
4.48287
4.48926
4.50246
4.52024
4.54107
4.5638
4.58647
4.60809
4.62797
4.64551
4.66038
4.6722
4.68085
4.68534
4.68528
4.68458
4.6825
4.67782
4.66824
4.65408
4.6363
4.61508
4.5905
4.56274
4.53209
4.4989
4.46351
4.42624
4.38731
4.34692
4.30518
4.26227
4.21846
4.17393
4.12882
4.08327
4.03741
3.99144
3.94551
3.89981
3.85453
3.80988
3.76605
3.72326
3.68174
3.64175
3.60361
3.56749
3.53393
3.50335
3.47626
3.4532
3.43472
3.42132
3.41341
3.41169
3.41226
3.41432
3.41936
3.4299
3.44496
3.45987
3.47324
3.48467
3.49654
3.50579
3.525
8.19616
7.98653
7.77828
7.57231
7.36968
7.17157
6.97906
6.79299
6.61399
6.4425
6.27882
6.12311
5.97542
5.83573
5.70383
5.57952
5.46249
5.3525
5.24928
5.15264
5.06275
4.97992
4.90412
4.83523
4.77306
4.71739
4.66802
4.62478
4.5876
4.55643
4.53135
4.51238
4.4997
4.49202
4.49209
4.49368
4.49874
4.50981
4.52671
4.54521
4.56476
4.58357
4.60067
4.61547
4.62748
4.63644
4.64172
4.64203
4.64148
4.6397
4.63561
4.62719
4.61423
4.59774
4.5779
4.55474
4.52835
4.49897
4.46692
4.43256
4.39623
4.35824
4.31879
4.27808
4.23638
4.19388
4.15069
4.10693
4.06275
4.01829
3.97374
3.92928
3.88512
3.84146
3.79854
3.75657
3.71581
3.67653
3.63904
3.6037
3.57053
3.54037
3.51356
3.49058
3.47192
3.45806
3.44933
3.44623
3.44656
3.44802
3.45183
3.4601
3.47327
3.48609
3.49694
3.50558
3.51251
3.51971
3.52567
3.53844
8.32398
8.12702
7.93165
7.73811
7.54686
7.35869
7.17442
6.99481
6.82045
6.65183
6.48929
6.33312
6.18347
6.04049
5.90415
5.77444
5.65124
5.53441
5.42381
5.31923
5.22074
5.12867
5.04311
4.96406
4.89145
4.82513
4.76496
4.71079
4.66251
4.62011
4.58357
4.55294
4.52836
4.50971
4.49736
4.49043
4.48852
4.48977
4.49422
4.50418
4.51946
4.53545
4.55146
4.566
4.57828
4.5878
4.59394
4.59543
4.59501
4.59355
4.59014
4.5831
4.57155
4.55652
4.53818
4.51655
4.49169
4.46378
4.4331
4.40001
4.36488
4.32802
4.2897
4.25021
4.20983
4.16869
4.12689
4.08455
4.04182
3.99886
3.95585
3.91299
3.87051
3.82864
3.78762
3.74774
3.70926
3.67251
3.63788
3.60542
3.57586
3.54955
3.52695
3.50853
3.49465
3.48567
3.48187
3.48208
3.48324
3.48646
3.49353
3.50549
3.51719
3.52623
3.53281
3.53693
3.5399
3.54282
3.54546
3.55184
8.45018
8.26468
8.08061
7.89774
7.71614
7.5363
7.3589
7.18462
7.01408
6.84779
6.68618
6.52963
6.37842
6.23278
6.09287
5.95877
5.83051
5.70804
5.59131
5.48017
5.37457
5.27474
5.18095
5.09321
5.01153
4.93583
4.866
4.80193
4.74353
4.69076
4.64364
4.60221
4.56669
4.5368
4.51281
4.4947
4.48345
4.4749
4.47271
4.47391
4.47794
4.48683
4.49959
4.51241
4.52451
4.53461
4.54171
4.54498
4.54476
4.54377
4.54125
4.53588
4.52589
4.51241
4.49566
4.47566
4.45247
4.42622
4.39717
4.36564
4.33198
4.29649
4.25955
4.2215
4.18254
4.14283
4.10249
4.06166
4.02047
3.97912
3.93779
3.8967
3.85608
3.81619
3.77731
3.73976
3.70386
3.67
3.63851
3.60952
3.58389
3.5619
3.54397
3.53048
3.52163
3.51776
3.51793
3.51905
3.52221
3.52914
3.54044
3.55146
3.55969
3.56447
3.56704
3.56761
3.56729
3.56618
3.56382
3.56503
8.5761
8.4008
8.22628
8.05209
7.87819
7.70498
7.53304
7.36303
7.19555
7.03113
6.87029
6.71346
6.56104
6.41332
6.27058
6.13297
6.00061
5.87352
5.75173
5.63516
5.52369
5.41749
5.31682
5.22175
5.1323
5.04843
4.97009
4.89717
4.82961
4.76738
4.71046
4.65893
4.61279
4.57237
4.53766
4.50868
4.48574
4.4693
4.45596
4.44751
4.44627
4.44725
4.45056
4.45785
4.46776
4.4772
4.48524
4.49009
4.49091
4.49042
4.48879
4.48505
4.47739
4.46552
4.45036
4.43202
4.41057
4.38615
4.35896
4.32926
4.29735
4.26356
4.22828
4.19182
4.15441
4.11624
4.07746
4.03823
3.99873
3.95913
3.91964
3.88049
3.84193
3.80425
3.76779
3.73288
3.6999
3.6694
3.6412
3.61635
3.59512
3.57789
3.56504
3.55678
3.55324
3.5535
3.55483
3.55842
3.56611
3.57737
3.58818
3.59599
3.59995
3.60079
3.60042
3.59896
3.59529
3.58786
3.57854
3.57912
8.69965
8.53509
8.36902
8.20173
8.03368
7.86541
7.69759
7.5308
7.36565
7.20269
7.04247
6.88547
6.73215
6.58288
6.43796
6.2976
6.16199
6.03119
5.90525
5.78416
5.66784
5.55633
5.44992
5.34865
5.25254
5.16157
5.07571
4.99491
4.91913
4.84835
4.78258
4.72186
4.66626
4.61584
4.57085
4.53159
4.49812
4.47041
4.44937
4.43064
4.41835
4.41122
4.40972
4.41043
4.41285
4.41824
4.42547
4.43083
4.43374
4.4336
4.43276
4.43049
4.42554
4.41575
4.40229
4.38563
4.366
4.34356
4.31844
4.29083
4.26094
4.22912
4.19573
4.16106
4.12535
4.08887
4.05178
4.01431
3.97662
3.93893
3.90145
3.86445
3.8282
3.79302
3.75929
3.72738
3.69782
3.67078
3.64675
3.62639
3.61003
3.59802
3.59058
3.58784
3.58824
3.58997
3.59436
3.60347
3.61532
3.62641
3.63418
3.63785
3.63777
3.63705
3.63485
3.62974
3.61933
3.60747
3.59286
3.59313
8.8212
8.6643
8.50472
8.34313
8.18011
8.01619
7.8519
7.68786
7.52469
7.36298
7.2034
7.04641
6.89249
6.7421
6.59555
6.45309
6.31491
6.18114
6.05185
5.92705
5.80672
5.69078
5.57945
5.4729
5.3711
5.27403
5.18164
5.09393
5.01085
4.93242
4.85862
4.78955
4.72525
4.66588
4.61156
4.56247
4.51884
4.48103
4.44926
4.42304
4.39996
4.3836
4.37283
4.36643
4.36443
4.36484
4.36635
4.36968
4.37324
4.37404
4.3737
4.37246
4.36942
4.36296
4.35145
4.33665
4.31901
4.29869
4.27577
4.25038
4.22271
4.19306
4.16175
4.12905
4.09525
4.06063
4.02543
3.98987
3.95418
3.91859
3.88334
3.84873
3.81506
3.78272
3.75209
3.72364
3.69801
3.67482
3.65549
3.64014
3.62908
3.62265
3.62102
3.62162
3.62391
3.62946
3.6407
3.65346
3.66519
3.67351
3.67712
3.67699
3.67608
3.67343
3.66756
3.656
3.64099
3.62606
3.60749
3.60696
8.93755
8.78784
8.63362
8.47638
8.31699
8.15616
7.99451
7.83269
7.67132
7.51104
7.35234
7.1958
7.0419
6.89098
6.74343
6.59952
6.4595
6.32348
6.19155
6.06374
5.94006
5.82043
5.70497
5.5939
5.48721
5.38484
5.28675
5.19291
5.10334
5.01804
4.93704
4.86042
4.78826
4.72068
4.65781
4.59984
4.54697
4.49937
4.45731
4.42138
4.39077
4.36381
4.34396
4.32964
4.32017
4.31453
4.31187
4.31192
4.31228
4.31298
4.31281
4.31209
4.31015
4.3059
4.29727
4.28498
4.26976
4.25179
4.2312
4.20812
4.18278
4.15545
4.12638
4.09586
4.06419
4.03166
3.99854
3.96511
3.93161
3.89833
3.86555
3.8336
3.80285
3.7737
3.7466
3.7222
3.7004
3.68215
3.66798
3.65809
3.65256
3.65234
3.65326
3.65638
3.6636
3.67698
3.69105
3.70373
3.71298
3.7172
3.7171
3.71624
3.71362
3.70772
3.69578
3.68005
3.66172
3.64415
3.62282
3.62019
9.04931
8.90369
8.75281
8.59857
8.44192
8.28355
8.12413
7.96425
7.80458
7.64573
7.48822
7.33254
7.17912
7.02831
6.88045
6.73582
6.59462
6.45704
6.32318
6.19307
6.06672
5.94407
5.82516
5.71021
5.5993
5.49234
5.38927
5.29007
5.19477
5.10338
5.01597
4.9326
4.85339
4.77845
4.70791
4.64195
4.58076
4.52455
4.47358
4.42812
4.38865
4.35385
4.32354
4.30004
4.28225
4.26955
4.26109
4.25611
4.25341
4.25224
4.25145
4.25039
4.24853
4.24524
4.23935
4.23025
4.21797
4.20272
4.18468
4.16411
4.14125
4.11636
4.08971
4.06157
4.03224
4.00202
3.97122
3.94012
3.90904
3.87829
3.84824
3.81927
3.79179
3.76626
3.74325
3.72318
3.70607
3.69315
3.68464
3.6805
3.68075
3.68236
3.6869
3.69677
3.71164
3.72731
3.74126
3.7517
3.75716
3.75741
3.75672
3.75439
3.74888
3.73751
3.72118
3.70246
3.68156
3.6616
3.6381
3.63312
9.15193
9.00874
8.86043
8.70869
8.55443
8.39816
8.24088
8.08294
7.92499
7.76766
7.6115
7.45686
7.30428
7.15402
7.00636
6.86156
6.71983
6.58131
6.44611
6.31428
6.18584
6.06077
5.93898
5.8207
5.70613
5.59521
5.48783
5.38398
5.28368
5.18698
5.09393
5.00464
4.9192
4.83773
4.76037
4.68729
4.61867
4.55471
4.49565
4.44181
4.39338
4.35087
4.3123
4.27959
4.25307
4.23216
4.21648
4.20543
4.19806
4.19334
4.19035
4.18811
4.18592
4.18321
4.17909
4.17262
4.1633
4.15103
4.13592
4.11816
4.09805
4.07586
4.05186
4.02632
3.99957
3.97188
3.94363
3.91511
3.88674
3.85884
3.83186
3.80622
3.78243
3.76096
3.74262
3.72696
3.71541
3.70826
3.70576
3.70632
3.70877
3.715
3.72795
3.74447
3.76157
3.77699
3.78901
3.79595
3.7974
3.79686
3.7949
3.79009
3.7799
3.76373
3.74453
3.72338
3.70031
3.67825
3.653
3.64591
9.24287
9.10075
8.95413
8.8042
8.65168
8.49745
8.34194
8.18612
8.03051
7.87554
7.72153
7.5689
7.41783
7.2687
7.12179
6.97736
6.83557
6.69659
6.56053
6.42745
6.29738
6.17033
6.04619
5.92509
5.8073
5.69288
5.58174
5.47386
5.36922
5.26789
5.16992
5.07541
4.98446
4.89721
4.81379
4.73438
4.65912
4.58825
4.52194
4.46048
4.4041
4.35303
4.30791
4.26631
4.23115
4.20198
4.17849
4.16038
4.14707
4.13781
4.13144
4.12713
4.12396
4.12103
4.11778
4.11319
4.10641
4.09709
4.08506
4.07037
4.05327
4.03401
4.01288
3.99019
3.96622
3.94135
3.91588
3.89025
3.86484
3.84013
3.81656
3.79469
3.775
3.7582
3.74451
3.73446
3.72854
3.72782
3.72876
3.73219
3.74024
3.75646
3.77474
3.79322
3.81018
3.82398
3.83286
3.83604
3.83573
3.8343
3.83048
3.82213
3.80649
3.78744
3.76596
3.74274
3.71781
3.69394
3.66732
3.65848
9.3136
9.17353
9.0292
8.88141
8.73118
8.57945
8.42695
8.27426
8.12177
7.96976
7.81851
7.66829
7.51937
7.37199
7.22641
7.08284
6.94148
6.80246
6.66594
6.53199
6.40068
6.27203
6.14602
6.02259
5.90199
5.78451
5.67009
5.5587
5.45032
5.34498
5.24274
5.1437
5.04797
4.95567
4.86697
4.78199
4.70092
4.62393
4.55122
4.48302
4.41957
4.36112
4.30796
4.26005
4.21662
4.17955
4.14828
4.12267
4.10248
4.08721
4.07615
4.06844
4.06319
4.05941
4.05621
4.05265
4.04798
4.04134
4.03242
4.021
4.00717
3.99111
3.97313
3.95349
3.93256
3.91068
3.88828
3.86579
3.84371
3.82254
3.80282
3.78516
3.77005
3.75847
3.74988
3.74562
3.74584
3.74754
3.75256
3.76352
3.78141
3.80152
3.82162
3.84026
3.85607
3.86709
3.87274
3.87271
3.87186
3.8691
3.86259
3.84911
3.8302
3.80881
3.78538
3.7604
3.73394
3.70856
3.68087
3.67064
9.35906
9.22332
9.08234
8.93777
8.79111
8.64337
8.49515
8.34681
8.1986
8.05069
7.90324
7.7564
7.61036
7.46531
7.32148
7.17909
7.03836
6.8995
6.76267
6.62803
6.49566
6.36563
6.23797
6.1126
5.9897
5.86957
5.75229
5.63783
5.52621
5.4174
5.31149
5.20852
5.10865
5.01196
4.91864
4.82879
4.74262
4.66024
4.5819
4.50776
4.43808
4.3731
4.31304
4.25841
4.20827
4.16369
4.12496
4.09207
4.06487
4.0432
4.02659
4.01442
4.00582
3.99989
3.99568
3.99222
3.98866
3.98411
3.97794
3.96973
3.95932
3.94676
3.9322
3.91593
3.89831
3.87975
3.86075
3.84179
3.82344
3.80624
3.79081
3.77781
3.76779
3.76133
3.75904
3.75966
3.76238
3.76931
3.78371
3.8031
3.82444
3.84611
3.8665
3.88473
3.89796
3.90632
3.90813
3.90757
3.90555
3.90054
3.88986
3.87208
3.85119
3.82803
3.80299
3.77653
3.74881
3.72218
3.69365
3.68227
9.37644
9.24847
9.11289
8.97351
8.83252
8.69083
8.54873
8.40634
8.2637
8.12091
7.97804
7.83522
7.69257
7.55027
7.40854
7.26762
7.12775
6.98921
6.85221
6.71697
6.58365
6.45237
6.32321
6.1962
6.07134
5.9489
5.82911
5.71196
5.59744
5.48555
5.37634
5.26989
5.16634
5.06579
4.96841
4.87429
4.78364
4.69657
4.6133
4.53397
4.45884
4.38811
4.32203
4.26087
4.20496
4.15346
4.10792
4.06811
4.03404
4.00575
3.98305
3.96551
3.95252
3.94333
3.93699
3.9326
3.92922
3.92595
3.92198
3.9167
3.90968
3.90071
3.88981
3.87718
3.86322
3.84839
3.83321
3.81828
3.80415
3.79146
3.78081
3.77303
3.76827
3.7682
3.76938
3.7734
3.78257
3.80044
3.82092
3.84347
3.86658
3.88884
3.90892
3.92572
3.936
3.94073
3.94053
3.93933
3.93586
3.92804
3.91216
3.89223
3.86977
3.84517
3.81881
3.79117
3.7624
3.73475
3.70559
3.69316
9.3746
9.25637
9.128
8.99536
8.86155
8.72735
8.59261
8.45719
8.32097
8.18396
8.04616
7.90764
7.76853
7.62903
7.48937
7.34985
7.21078
7.07246
6.93522
6.79933
6.66502
6.53247
6.40183
6.27318
6.14651
6.02206
5.90004
5.78049
5.6634
5.54878
5.43668
5.32718
5.22037
5.11637
5.01533
4.91741
4.82275
4.7315
4.64385
4.55996
4.48003
4.40427
4.33291
4.26618
4.20442
4.14736
4.09558
4.04933
4.00886
3.97422
3.94538
3.92213
3.90416
3.8908
3.88138
3.87505
3.87093
3.86807
3.86564
3.86284
3.85891
3.85344
3.84627
3.83752
3.82758
3.81689
3.80599
3.79552
3.78598
3.77825
3.77271
3.77074
3.77134
3.77401
3.78062
3.79427
3.81197
3.83409
3.85816
3.88292
3.90717
3.92932
3.94857
3.96247
3.96982
3.97095
3.97033
3.96805
3.96244
3.95049
3.93161
3.90998
3.88617
3.86038
3.83294
3.80432
3.77467
3.74619
3.71654
3.70315
9.36591
9.25789
9.13802
9.01363
8.88796
8.76155
8.63411
8.50546
8.37532
8.24374
8.11065
7.97612
7.84029
7.70335
7.56558
7.42729
7.28885
7.15062
7.01299
6.8763
6.74086
6.60693
6.47471
6.34432
6.21581
6.08935
5.96517
5.84332
5.72382
5.6067
5.49198
5.37975
5.27008
5.16309
5.05895
4.95776
4.85969
4.76488
4.67347
4.58565
4.50159
4.42147
4.34551
4.27393
4.20697
4.14497
4.08755
4.03548
3.98902
3.94829
3.91343
3.88443
3.86102
3.84292
3.82962
3.82045
3.81462
3.81124
3.80957
3.80856
3.8072
3.80496
3.80142
3.7968
3.79131
3.7852
3.77906
3.77353
3.76898
3.76684
3.76724
3.76919
3.77419
3.78458
3.79994
3.81956
3.8424
3.86785
3.89449
3.92089
3.9455
3.9668
3.98424
3.99474
3.9988
3.9985
3.99706
3.99323
3.98482
3.9687
3.94844
3.92563
3.90072
3.87396
3.84561
3.81618
3.78583
3.75664
3.72664
3.71235
9.35649
9.25926
9.14828
9.03272
8.91533
8.7965
8.676
8.55342
8.42868
8.30163
8.1724
8.04114
7.90799
7.77317
7.63695
7.49967
7.36169
7.22344
7.08534
6.94779
6.81118
6.67583
6.542
6.40988
6.27957
6.15115
6.02484
5.9008
5.77906
5.65964
5.54258
5.42794
5.31579
5.20625
5.09938
4.99534
4.89427
4.79631
4.70162
4.61035
4.52266
4.43872
4.35874
4.2829
4.21143
4.14464
4.08233
4.02523
3.97337
3.92708
3.88651
3.85178
3.82295
3.79983
3.78212
3.7694
3.76101
3.75622
3.75456
3.75462
3.75484
3.75528
3.75524
3.75498
3.75433
3.75308
3.75214
3.75229
3.75305
3.75533
3.76049
3.77044
3.78295
3.80007
3.82135
3.84595
3.87296
3.90141
3.92985
3.95681
3.98074
4.00038
4.01514
4.02248
4.02339
4.02273
4.02039
4.01471
4.00267
3.98443
3.963
3.93932
3.91354
3.88598
3.8569
3.82679
3.79587
3.76611
3.73586
3.72081
9.36185
9.27058
9.1686
9.06059
8.9496
8.83629
8.72051
8.60203
8.48082
8.35694
8.23054
8.10175
7.97073
7.83764
7.70274
7.56632
7.42876
7.29047
7.15192
7.01355
6.87579
6.73903
6.6036
6.46973
6.33761
6.20728
6.07893
5.95279
5.82893
5.7074
5.58822
5.47144
5.35708
5.24526
5.13604
5.02955
4.92593
4.82531
4.7278
4.63357
4.54276
4.45553
4.37204
4.29247
4.21707
4.14605
4.07958
4.01788
3.96124
3.9099
3.86411
3.82407
3.7899
3.76171
3.73934
3.72259
3.71094
3.70406
3.70171
3.70199
3.70296
3.70513
3.70869
3.71242
3.71626
3.72026
3.72481
3.73046
3.73753
3.74664
3.75874
3.7746
3.79412
3.8173
3.84383
3.87297
3.90353
3.93418
3.96339
3.98983
4.01215
4.02975
4.04119
4.04549
4.04523
4.04395
4.04042
4.03269
4.01695
3.9979
3.9757
3.95137
3.92487
3.89666
3.86696
3.83628
3.8049
3.77465
3.74423
3.72859
9.37379
9.29039
9.19487
9.0923
8.98561
8.87577
8.7629
8.647
8.52818
8.40656
8.2823
8.15553
8.02634
7.89486
7.76126
7.62579
7.48878
7.35065
7.21184
7.07284
6.93413
6.79615
6.65928
6.52383
6.39003
6.25799
6.12788
5.99988
5.87414
5.75072
5.62965
5.51097
5.39467
5.28087
5.16958
5.06096
4.95506
4.85204
4.75203
4.65518
4.56161
4.47148
4.38496
4.30222
4.22344
4.14877
4.07858
4.01275
3.95181
3.89596
3.84546
3.80059
3.76152
3.72845
3.7014
3.68033
3.66511
3.65531
3.65127
3.65159
3.65286
3.65582
3.66183
3.66943
3.67796
3.68731
3.6977
3.70958
3.72329
3.73936
3.7584
3.78076
3.80665
3.83568
3.86722
3.90024
3.93336
3.96512
3.99412
4.01928
4.03953
4.05481
4.06312
4.06476
4.06423
4.06227
4.05744
4.04725
4.02948
4.00966
3.98671
3.96194
3.93487
3.90611
3.8759
3.84474
3.81298
3.78232
3.75178
3.73576
9.39778
9.32016
9.22879
9.12869
9.02341
8.91456
8.80266
8.6879
8.57039
8.45027
8.32762
8.20249
8.07491
7.94491
7.81258
7.67809
7.54174
7.40388
7.26497
7.12552
6.98602
6.84699
6.70883
6.57195
6.43661
6.30302
6.17131
6.04165
5.91422
5.7891
5.66635
5.54597
5.42797
5.31243
5.19934
5.08887
4.98103
4.87601
4.77389
4.67481
4.57889
4.4863
4.39715
4.31161
4.22988
4.15207
4.07851
4.00926
3.94459
3.88481
3.83018
3.78097
3.73742
3.6998
3.66828
3.64295
3.62392
3.611
3.60424
3.60447
3.60573
3.60893
3.61568
3.62681
3.63988
3.65457
3.67091
3.6892
3.7098
3.73304
3.7591
3.78829
3.82042
3.8549
3.89072
3.92668
3.96129
3.99323
4.02132
4.04478
4.06282
4.07575
4.08136
4.08131
4.08043
4.07776
4.07161
4.05899
4.04066
4.01984
3.99648
3.9711
3.94358
3.91439
3.88376
3.85219
3.82011
3.7891
3.75847
3.74226
9.42222
9.34763
9.25856
9.15952
9.05471
8.94627
8.83504
8.72129
8.60511
8.48652
8.36552
8.24206
8.11609
7.98759
7.85658
7.72318
7.58762
7.45023
7.31144
7.17176
7.03171
6.89184
6.75263
6.61452
6.47785
6.34288
6.20979
6.07873
5.94985
5.82327
5.69903
5.57716
5.45766
5.34059
5.22594
5.11385
5.00432
4.89755
4.79356
4.69255
4.59459
4.49985
4.40844
4.32052
4.23625
4.15575
4.07931
4.00701
3.93915
3.87597
3.81771
3.76467
3.71715
3.67542
3.63974
3.61036
3.58745
3.57148
3.56142
3.56115
3.56213
3.56518
3.57198
3.58558
3.60265
3.6225
3.64483
3.66971
3.69723
3.72762
3.76077
3.79666
3.83468
3.87393
3.9132
3.95117
3.98644
4.01792
4.04474
4.06638
4.08235
4.09311
4.09625
4.09595
4.09455
4.09104
4.08344
4.06868
4.05013
4.02884
4.00508
3.97919
3.95124
3.92165
3.89063
3.85871
3.82634
3.79502
3.76436
3.74809
9.44971
9.37617
9.28677
9.18697
9.08162
8.97317
8.86246
8.74965
8.63468
8.51746
8.39788
8.27583
8.15123
8.024
7.89413
7.76169
7.62685
7.48992
7.3513
7.2115
7.07104
6.93052
6.79042
6.65127
6.51343
6.37723
6.2429
6.11058
5.98044
5.85256
5.72703
5.60386
5.48308
5.36468
5.24871
5.13528
5.02437
4.91617
4.81068
4.70809
4.60845
4.51191
4.4186
4.32866
4.24222
4.15943
4.08053
4.00565
3.93509
3.869
3.80764
3.75134
3.70035
3.65503
3.61567
3.58261
3.55608
3.53675
3.52411
3.52164
3.52251
3.5255
3.53246
3.54669
3.56708
3.59162
3.61967
3.651
3.68544
3.72284
3.76291
3.80505
3.84833
3.8916
3.93351
3.97275
4.00812
4.03882
4.06426
4.08424
4.0984
4.10734
4.10864
4.10818
4.10644
4.10218
4.09318
4.07727
4.05829
4.03659
4.01245
3.98615
3.95783
3.92787
3.89654
3.86429
3.83167
3.80008
3.76947
3.75314
9.46832
9.3961
9.30631
9.20591
9.10067
8.99304
8.88365
8.77235
8.65901
8.54339
8.42532
8.30466
8.18133
8.05519
7.92626
7.7946
7.66036
7.52384
7.38541
7.24556
7.10482
6.96379
6.82299
6.68296
6.54413
6.40685
6.27138
6.13792
6.00663
5.87762
5.75096
5.62666
5.50474
5.38522
5.26813
5.15353
5.04145
4.93202
4.82527
4.72134
4.62029
4.52228
4.42738
4.33572
4.24752
4.16282
4.08191
4.00488
3.93194
3.86336
3.79935
3.74029
3.68638
3.63801
3.59548
3.5592
3.5295
3.5069
3.49194
3.48684
3.48756
3.49032
3.4972
3.51152
3.53449
3.56301
3.59622
3.63357
3.67458
3.71863
3.765
3.81269
3.86053
3.90707
3.95094
3.99094
4.02615
4.05603
4.08029
4.09888
4.11167
4.11908
4.11927
4.11867
4.11658
4.11161
4.10145
4.08463
4.06544
4.04333
4.0189
3.9922
3.96355
3.93322
3.90157
3.86901
3.83614
3.80434
3.77378
3.75736
9.48577
9.41381
9.32405
9.22287
9.11785
9.011
8.90268
8.79273
8.68064
8.5661
8.44892
8.32904
8.2063
8.08085
7.9525
7.82133
7.6875
7.55124
7.41294
7.27303
7.13206
6.99062
6.84925
6.70851
6.56884
6.43065
6.29424
6.15982
6.02761
5.89769
5.77014
5.64497
5.52221
5.40185
5.28392
5.16847
5.05554
4.9452
4.83751
4.73258
4.63043
4.53125
4.43508
4.3421
4.25241
4.16615
4.08357
4.00471
3.92986
3.85928
3.79314
3.73177
3.67541
3.62448
3.57926
3.54025
3.50777
3.48242
3.46501
3.45735
3.45792
3.46046
3.46704
3.4811
3.5059
3.5376
3.57516
3.61782
3.66469
3.71469
3.76663
3.81905
3.87054
3.9196
3.96486
4.00534
4.04033
4.06955
4.09292
4.11047
4.1223
4.12842
4.12831
4.12743
4.12485
4.11904
4.10813
4.09113
4.07128
4.04891
4.02416
3.9971
3.96819
3.93757
3.90566
3.87283
3.83977
3.80777
3.7776
3.76059
9.49962
9.42606
9.3353
9.23521
9.1314
9.026
8.91936
8.81085
8.69981
8.58617
8.46973
8.35029
8.22797
8.10267
7.97454
7.84361
7.70997
7.57384
7.43556
7.29559
7.15442
7.01264
6.87082
6.7295
6.58915
6.45019
6.31298
6.17774
6.04471
5.91396
5.7856
5.65963
5.53607
5.41494
5.29628
5.18011
5.06646
4.95541
4.84696
4.74122
4.63822
4.53807
4.44091
4.34687
4.25601
4.1685
4.08458
4.0043
3.92799
3.85578
3.78792
3.72477
3.66653
3.61359
3.56626
3.52507
3.49034
3.46283
3.44309
3.43348
3.43391
3.43621
3.4425
3.45595
3.48202
3.51625
3.55745
3.60459
3.65639
3.71134
3.76778
3.82399
3.87828
3.92919
3.97545
4.01627
4.05114
4.07994
4.10275
4.11965
4.13085
4.13602
4.13583
4.13475
4.13183
4.12579
4.11344
4.09634
4.07621
4.05354
4.02849
4.00115
3.97199
3.94113
3.90897
3.87589
3.84266
3.81046
3.78073
3.76299
9.51481
9.43917
9.34623
9.24666
9.14535
9.03928
8.93327
8.82541
8.71486
8.60133
8.48478
8.36537
8.24308
8.11794
7.98996
7.85917
7.72567
7.58965
7.45142
7.31141
7.17014
7.02819
6.88611
6.74444
6.60367
6.46418
6.32641
6.19058
6.05697
5.92567
5.79678
5.67029
5.54625
5.42465
5.30555
5.18896
5.0749
4.96342
4.85452
4.74827
4.6447
4.54395
4.446
4.3511
4.25935
4.1709
4.08595
4.0046
3.92719
3.85377
3.78464
3.72012
3.66041
3.60592
3.55698
3.51409
3.47763
3.44838
3.42702
3.4154
3.41574
3.41788
3.4238
3.43682
3.46316
3.49934
3.54339
3.594
3.64958
3.70828
3.76811
3.82706
3.88339
3.93561
3.9826
4.02372
4.05859
4.0872
4.10975
4.12625
4.13718
4.14172
4.14142
4.14014
4.13696
4.13074
4.11782
4.1003
4.07984
4.0569
4.03161
4.00406
3.97469
3.94368
3.91134
3.87805
3.84474
3.81231
3.78315
3.76448
9.52462
9.44811
9.355
9.25784
9.15633
9.05128
8.94595
8.83835
8.7278
8.61415
8.49745
8.37778
8.25522
8.12983
8.00166
7.87073
7.73713
7.60103
7.46273
7.32263
7.18124
7.03911
6.89679
6.75483
6.61374
6.47393
6.33578
6.1995
6.0654
5.93359
5.80422
5.67725
5.55275
5.4307
5.31119
5.19423
5.07984
4.96804
4.8588
4.75217
4.64817
4.54694
4.44851
4.35309
4.26076
4.17174
4.08617
4.00418
3.92608
3.85192
3.78201
3.71666
3.65605
3.60061
3.55066
3.50669
3.46914
3.43877
3.41643
3.40353
3.40375
3.4057
3.41147
3.42426
3.45038
3.48793
3.53404
3.58705
3.64515
3.70628
3.76826
3.82894
3.88654
3.93961
3.98706
4.02844
4.06336
4.09199
4.1144
4.13079
4.14157
4.14566
4.14526
4.14394
4.14074
4.13419
4.12112
4.10326
4.08248
4.05932
4.03384
4.00615
3.9766
3.94548
3.913
3.8796
3.84616
3.81351
3.78486
3.76528
9.52939
9.4519
9.35709
9.26468
9.15975
9.05571
8.95087
8.84362
8.73342
8.62006
8.50354
8.38393
8.26136
8.13591
8.00765
7.87662
7.74292
7.60674
7.46837
7.32822
7.18678
7.04458
6.90217
6.7601
6.61883
6.47879
6.34038
6.20385
6.06953
5.93753
5.808
5.68089
5.55624
5.43406
5.31442
5.19734
5.08282
4.97088
4.86148
4.75469
4.6505
4.54905
4.45039
4.3547
4.26208
4.17272
4.0868
4.00442
3.92591
3.85134
3.78099
3.71519
3.65407
3.59811
3.54761
3.50307
3.46493
3.43394
3.41107
3.39739
3.39761
3.3995
3.40516
3.41783
3.44382
3.48205
3.52921
3.58343
3.64283
3.70516
3.76821
3.82973
3.88794
3.94142
3.9891
4.03064
4.06558
4.09427
4.11661
4.13297
4.14376
4.1474
4.14704
4.14583
4.1426
4.13598
4.1226
4.10461
4.0837
4.06041
4.03484
4.00707
3.97743
3.94626
3.9137
3.88032
3.84665
3.8142
3.78577
3.7656
)
;

boundaryField
{
    inlet
    {
        type            fixedValue;
        value           uniform 1;
    }
    outlet
    {
        type            waveTransmissive;
        gamma           1.4;
        fieldInf        1;
        lInf            3;
        value           nonuniform List<scalar> 
40
(
3.35435
3.36053
3.37021
3.38226
3.39587
3.4106
3.42594
3.44076
3.45565
3.46991
3.4837
3.49681
3.51013
3.52363
3.53712
3.55031
3.56442
3.57842
3.59223
3.60546
3.61839
3.6312
3.64378
3.65595
3.66758
3.67848
3.68846
3.69767
3.70616
3.71396
3.72117
3.7277
3.73356
3.73865
3.74292
3.74623
3.7487
3.75026
3.75111
3.75152
)
;
    }
    bottom
    {
        type            symmetryPlane;
    }
    top
    {
        type            symmetryPlane;
    }
    obstacle
    {
        type            zeroGradient;
    }
    defaultFaces
    {
        type            empty;
    }
}


// ************************************************************************* //
