/*--------------------------------*- C++ -*----------------------------------*\
  =========                 |
  \\      /  F ield         | OpenFOAM: The Open Source CFD Toolbox
   \\    /   O peration     | Website:  https://openfoam.org
    \\  /    A nd           | Version:  6
     \\/     M anipulation  |
\*---------------------------------------------------------------------------*/
FoamFile
{
    version     2.0;
    format      ascii;
    class       volScalarField;
    location    "10";
    object      p;
}
// * * * * * * * * * * * * * * * * * * * * * * * * * * * * * * * * * * * * * //

dimensions      [1 -1 -2 0 0 0 0];

internalField   nonuniform List<scalar> 
5250
(
1.00012
1.00067
1.00172
1.00454
1.00975
1.02543
1.05164
1.1453
1.28988
1.88091
3.07965
7.21047
15.4748
14.0531
12.1608
11.4312
11.4707
11.6661
11.9641
12.1316
12.2285
12.3109
12.3837
12.4388
12.4718
1.00012
1.00067
1.00172
1.00453
1.00972
1.02535
1.05148
1.14486
1.28893
1.87831
3.07306
7.18965
15.4315
14.0126
12.1272
11.4126
11.4585
11.6612
11.955
12.1187
12.216
12.3005
12.375
12.4306
12.4655
1.00012
1.00066
1.0017
1.0045
1.00966
1.02518
1.05112
1.14393
1.2867
1.87288
3.05743
7.1409
15.335
13.9337
12.0602
11.3686
11.4225
11.6343
11.9188
12.0747
12.1713
12.258
12.3341
12.3904
12.4278
1.00012
1.00065
1.00169
1.00445
1.00956
1.02492
1.05055
1.14246
1.28301
1.8643
3.03155
7.06174
15.1861
13.8243
11.9696
11.3015
11.3616
11.579
11.8508
11.9966
12.09
12.176
12.2513
12.3066
12.345
1.00012
1.00064
1.00166
1.00439
1.00941
1.02454
1.04975
1.14041
1.27776
1.85255
2.99495
6.95253
14.9847
13.6831
11.8578
11.2142
11.2787
11.4976
11.7546
11.8891
11.9771
12.0599
12.1324
12.1851
12.2237
1.00011
1.00063
1.00163
1.0043
1.00923
1.02405
1.04875
1.13773
1.27085
1.83782
2.94731
6.81417
14.729
13.5066
11.7276
11.1084
11.1748
11.3902
11.6289
11.7489
11.8277
11.903
11.9693
12.0177
12.0573
1.00011
1.00062
1.00159
1.00419
1.00901
1.02346
1.04763
1.13429
1.26372
1.81741
2.89234
6.64495
14.4167
13.296
11.5785
10.9856
11.051
11.2566
11.4721
11.5733
11.637
11.6976
11.7501
11.7878
11.826
1.00011
1.0006
1.00154
1.00407
1.00875
1.02277
1.0463
1.13029
1.25575
1.79196
2.83045
6.44516
14.0462
13.0509
11.4114
10.8494
10.9109
11.0993
11.2842
11.3596
11.3988
11.4322
11.4547
11.4633
11.4885
1.0001
1.00058
1.00149
1.00394
1.00846
1.02199
1.04477
1.12571
1.24678
1.76256
2.75954
6.21607
13.6148
12.7695
11.2303
10.7038
10.7577
10.9202
11.0665
11.1081
11.1106
11.0977
11.0572
10.9878
10.953
1.0001
1.00056
1.00143
1.00378
1.00812
1.0211
1.04303
1.12051
1.23669
1.72932
2.67972
5.96059
13.1182
12.439
11.0574
10.5565
10.5963
10.7206
10.8201
10.8184
10.7831
10.6889
10.5164
10.2655
9.94991
1.00009
1.00053
1.00137
1.0036
1.00775
1.02011
1.0411
1.11466
1.22564
1.69207
2.59141
5.68007
12.5524
12.0498
10.9107
10.4149
10.4318
10.506
10.5516
10.5219
10.4191
10.1965
9.82257
9.15153
7.59973
1.00009
1.0005
1.00129
1.0034
1.00733
1.01899
1.03892
1.1081
1.21331
1.65084
2.49432
5.37704
11.9212
11.6168
10.7822
10.2877
10.2623
10.2918
10.2877
10.224
10.0433
9.68372
9.14079
8.30403
6.82888
1.00008
1.00047
1.0012
1.00317
1.00683
1.0177
1.03622
1.10098
1.19717
1.60723
2.37934
5.05575
11.2253
11.1613
10.6837
10.1879
10.0923
10.0923
10.06
9.9434
9.68279
9.25875
8.68076
7.9051
6.87346
1.00008
1.00043
1.0011
1.00291
1.00627
1.01623
1.03327
1.09276
1.17893
1.56001
2.23655
4.7066
10.402
10.8445
10.5666
10.1075
9.96139
9.92626
9.84954
9.68274
9.37963
8.97084
8.44677
7.8032
7.01709
1.00007
1.00038
1.00099
1.00262
1.00564
1.01459
1.02997
1.08334
1.15969
1.50352
2.08678
4.29446
9.42877
10.6628
10.4745
10.0676
9.85788
9.77571
9.66429
9.466
9.17544
8.80133
8.34611
7.81316
7.20985
1.00006
1.00034
1.00087
1.0023
1.00496
1.01279
1.02631
1.07271
1.14002
1.43547
1.93578
3.80792
8.27116
10.6225
10.4683
10.0658
9.76806
9.63895
9.51148
9.31373
9.04295
8.7041
8.30567
7.84631
7.35505
1.00005
1.00029
1.00074
1.00196
1.00422
1.01085
1.02235
1.06119
1.11834
1.36175
1.77035
3.27879
6.91822
10.6833
10.5195
10.079
9.6984
9.52814
9.3951
9.20777
8.9589
8.65496
8.30598
7.90893
7.48732
1.00004
1.00024
1.00062
1.00162
1.00351
1.00894
1.01846
1.04957
1.09736
1.28606
1.60128
2.73537
5.33986
10.6843
10.5645
10.1472
9.67594
9.45367
9.31274
9.13625
8.90625
8.63139
8.31711
7.97497
7.6124
1.00004
1.0002
1.00052
1.00136
1.00294
1.00749
1.01548
1.04143
1.08073
1.24117
1.4807
2.48378
4.65004
10.2359
10.4524
10.1672
9.67644
9.40579
9.25173
9.08695
8.87816
8.63251
8.34725
8.04948
7.73577
1.00003
1.00017
1.00044
1.00114
1.00248
1.00631
1.01306
1.03489
1.06817
1.20453
1.39345
2.27967
4.02011
9.13965
10.2442
10.096
9.71233
9.39819
9.2157
9.06023
8.8753
8.64633
8.39785
8.13546
7.85949
1.00003
1.00014
1.00036
1.00095
1.00206
1.00523
1.01084
1.02892
1.05606
1.17121
1.31392
2.06863
3.42048
7.73714
10.2151
10.1144
9.79331
9.41964
9.21789
9.06329
8.88742
8.68349
8.46656
8.2317
7.98352
1.00002
1.00012
1.0003
1.00078
1.0017
1.00431
1.00895
1.02359
1.04714
1.13579
1.25999
1.83125
2.87504
6.2298
10.2782
10.219
9.9416
9.4894
9.24393
9.0857
8.92592
8.7514
8.55219
8.3347
8.10555
1.00002
1.00009
1.00025
1.00064
1.00139
1.00352
1.00734
1.01913
1.03871
1.10763
1.21392
1.64074
2.44419
5.02121
10.1245
10.3103
10.0919
9.63208
9.31585
9.14313
8.99969
8.83397
8.64367
8.43735
8.22152
1.00001
1.00008
1.0002
1.00053
1.00114
1.0029
1.00604
1.01579
1.03181
1.08978
1.17202
1.53731
2.19061
4.44212
9.4873
10.2882
10.1296
9.75803
9.42218
9.22664
9.07715
8.91579
8.73278
8.53498
8.32914
1.00001
1.00006
1.00017
1.00043
1.00094
1.00238
1.00494
1.01298
1.02586
1.07476
1.1366
1.454
1.94364
3.87034
8.179
10.3004
10.2103
9.92237
9.54879
9.31958
9.15697
8.9957
8.81774
8.62679
8.42915
1.00001
1.00005
1.00015
1.00033
1.00084
1.00178
1.00454
1.00933
1.02517
1.0484
1.14886
1.27334
1.92242
3.07899
6.80276
10.466
10.4133
10.1544
9.70483
9.41944
9.23425
9.06907
8.89501
8.71095
8.52194
1.00001
1.00004
1.00012
1.00027
1.0007
1.00148
1.00377
1.00777
1.02058
1.04108
1.11708
1.22821
1.704
2.5774
5.36669
10.6435
10.6785
10.4237
9.89724
9.5289
9.30912
9.13676
8.96601
8.789
8.6085
1.00001
1.00003
1.0001
1.00023
1.00058
1.00124
1.00316
1.00653
1.01732
1.03462
1.09882
1.19129
1.596
2.32906
4.84231
10.2718
10.7355
10.5187
10.0416
9.63378
9.38057
9.19765
9.03
8.8613
8.69063
1.00001
1.00003
1.00008
1.00019
1.00048
1.00103
1.00263
1.00543
1.01455
1.0284
1.08534
1.15478
1.52015
2.1284
4.34478
9.39324
10.7476
10.5925
10.1944
9.74702
9.45435
9.25679
9.09196
8.9327
8.77249
1
1.00003
1.00006
1.00017
1.00037
1.00093
1.00194
1.0051
1.01015
1.02926
1.05214
1.18039
1.31257
2.16647
3.61443
8.33356
10.8916
10.7731
10.3948
9.86346
9.52086
9.31148
9.15253
9.0034
8.85282
1
1.00002
1.00006
1.00013
1.00034
1.00073
1.00185
1.00381
1.01026
1.01947
1.06101
1.10384
1.37605
1.72496
3.3613
6.98874
11.2975
11.1455
10.6277
9.95623
9.56155
9.35021
9.20408
9.06767
8.92722
1
1.00002
1.00005
1.00012
1.0003
1.00064
1.00164
1.00339
1.00891
1.01789
1.0505
1.09403
1.30231
1.60316
2.85657
5.65223
11.6583
11.4635
10.8482
10.0476
9.60142
9.38748
9.25342
9.12872
8.99727
1
1.00002
1.00005
1.00011
1.00027
1.00057
1.00145
1.00302
1.00791
1.01593
1.04458
1.08347
1.2669
1.51984
2.67036
5.13011
11.4389
11.3985
10.9724
10.1366
9.65272
9.42779
9.29888
9.18361
9.06088
1
1.00001
1.00004
1.00009
1.00024
1.00051
1.00131
1.00273
1.00715
1.01444
1.04032
1.07643
1.24229
1.46282
2.55039
4.70673
10.8822
11.2876
10.9573
10.2569
9.74937
9.49404
9.3532
9.23853
9.12094
1
1.00001
1.00004
1.00008
1.00021
1.00046
1.00117
1.00242
1.00639
1.01285
1.03645
1.06755
1.22389
1.41047
2.44052
4.37687
10.2275
11.2533
10.9841
10.382
9.86124
9.56913
9.40731
9.28868
9.17499
1
1.00001
1.00003
1.00008
1.00017
1.00043
1.0009
1.00236
1.00467
1.01357
1.02369
1.08365
1.13716
1.52224
2.08102
4.34698
9.54191
11.2773
11.0583
10.5119
9.95324
9.62159
9.44406
9.32631
9.21896
1
1.00001
1.00003
1.00007
1.00017
1.00036
1.00092
1.0019
1.0051
1.01002
1.0299
1.0522
1.18897
1.32276
2.22878
3.76787
8.86607
11.4328
11.2193
10.6392
10.0064
9.64028
9.46322
9.35631
9.25825
1
1.00001
1.00003
1.00006
1.00015
1.00032
1.00082
1.0017
1.00455
1.00893
1.02673
1.04631
1.16911
1.28287
2.10309
3.42286
8.06307
11.7964
11.5083
10.7469
10.0069
9.62163
9.45739
9.36845
9.28394
1
1.00001
1.00002
1.00006
1.00012
1.00031
1.00064
1.00167
1.0033
1.00959
1.01663
1.05937
1.09449
1.37014
1.70636
3.32286
6.96175
12.3356
11.9245
10.8884
10.008
9.59291
9.44723
9.38053
9.30971
1
1.00001
1.00002
1.00005
1.00012
1.00026
1.00066
1.00137
1.00365
1.00725
1.02109
1.03771
1.13101
1.22602
1.81917
2.80199
6.25087
12.7242
12.2245
11.0003
10.0239
9.58467
9.44703
9.39384
9.33306
1
1.00001
1.00002
1.00005
1.0001
1.00026
1.00055
1.00143
1.00289
1.00806
1.01474
1.04884
1.08067
1.30164
1.57748
2.86811
5.77908
12.6662
12.2198
11.0822
10.0693
9.60334
9.46138
9.41564
9.36018
1
1.00001
1.00002
1.00004
1.00011
1.00023
1.00059
1.00121
1.00323
1.00627
1.01882
1.03226
1.11757
1.19622
1.73371
2.59567
5.7594
12.4144
12.0952
11.1074
10.1292
9.64979
9.4937
9.44175
9.3857
1
1.00001
1.00002
1.00005
1.0001
1.00025
1.00053
1.00136
1.00277
1.00754
1.01439
1.04474
1.07655
1.27855
1.51658
2.76465
5.36884
12.1802
11.9637
11.1836
10.2157
9.71457
9.5361
9.47138
9.41106
1
1.00001
1.00002
1.00004
1.00011
1.00023
1.00059
1.00123
1.00323
1.0065
1.01826
1.03364
1.11116
1.19293
1.6895
2.50564
5.47734
11.9015
11.7953
11.1652
10.2691
9.77188
9.57707
9.49943
9.43372
1
1.00001
1.00002
1.00004
1.00011
1.00024
1.0006
1.00126
1.00329
1.00668
1.0183
1.03563
1.10763
1.1982
1.66708
2.47076
5.38559
11.6864
11.654
11.1563
10.316
9.82455
9.61629
9.52606
9.45417
1
1.00001
1.00002
1.00004
1.00011
1.00023
1.0006
1.00124
1.00325
1.00659
1.01803
1.0351
1.10589
1.19454
1.65572
2.44132
5.30317
11.5174
11.5782
11.1695
10.3661
9.87066
9.64837
9.5474
9.47052
1
1.00001
1.00002
1.00004
1.00011
1.00023
1.00058
1.00121
1.00318
1.00645
1.01767
1.03435
1.10407
1.19016
1.64591
2.41094
5.2324
11.367
11.5514
11.1684
10.4004
9.89819
9.665
9.55874
9.481
1
1.00001
1.00002
1.00004
1.0001
1.00022
1.00055
1.00115
1.00302
1.00605
1.01704
1.03117
1.10373
1.17804
1.64057
2.39292
5.1596
11.2773
11.5753
11.1976
10.4324
9.91267
9.66741
9.55835
9.48222
1
1.00001
1.00002
1.00004
1.00009
1.00023
1.00048
1.00125
1.00256
1.0069
1.01343
1.04031
1.07061
1.25219
1.45558
2.62358
4.84197
11.2232
11.6367
11.2601
10.4841
9.93673
9.67657
9.56387
9.48885
1
1.00001
1.00002
1.00004
1.0001
1.00021
1.00053
1.00111
1.00292
1.00583
1.01662
1.02999
1.10226
1.17293
1.63285
2.36477
5.09039
11.1434
11.5944
11.2294
10.4732
9.93143
9.67135
9.55981
9.48681
4.24168
3.11528
3.27675
3.98792
4.04354
3.94026
3.81225
3.7065
3.655
3.63811
3.63675
3.65368
3.67466
3.68989
3.69448
3.69537
3.69888
3.71269
3.74183
3.78333
3.83261
3.88754
3.9482
4.01464
4.08608
4.1601
4.23531
4.31099
4.38593
4.45895
4.52953
4.59715
4.66105
4.72068
4.77572
4.82669
4.87547
4.92263
4.96153
4.99264
5.01745
5.03668
5.05052
5.05908
5.06263
5.06207
5.05875
5.05019
5.03455
5.01577
4.99434
4.96995
4.94257
4.91238
4.87963
4.8445
4.80729
4.76813
4.72727
4.68486
4.64109
4.59612
4.55011
4.50322
4.45562
4.40744
4.35886
4.31003
4.26112
4.21232
4.1638
4.11575
4.0684
4.02194
3.97664
3.93273
3.89053
3.85034
3.8125
3.77744
3.7456
3.71752
3.69375
3.67507
3.66181
3.65505
3.65499
3.65587
3.65903
3.66699
3.68398
3.71406
3.74877
3.78492
3.82093
3.85517
3.88609
3.91215
3.93188
3.94535
4.81399
3.82131
3.87489
4.09365
4.0033
3.89034
3.79522
3.72412
3.68818
3.67421
3.67733
3.69079
3.69499
3.70207
3.69415
3.68806
3.68679
3.69918
3.72974
3.77246
3.82171
3.87591
3.93562
4.00149
4.07368
4.14778
4.22322
4.29934
4.37464
4.44814
4.5194
4.58768
4.65225
4.71255
4.76843
4.82024
4.86914
4.91526
4.95441
4.98598
5.01109
5.03051
5.04452
5.05322
5.05675
5.05627
5.05355
5.0461
5.03068
5.01096
4.98907
4.96475
4.9376
4.90761
4.87501
4.84002
4.8029
4.76387
4.72313
4.68083
4.63717
4.59231
4.54643
4.49966
4.45218
4.40414
4.35568
4.30697
4.25819
4.2095
4.16109
4.11316
4.0659
4.01955
3.97434
3.93052
3.88839
3.84826
3.8105
3.77549
3.74369
3.71563
3.69194
3.67317
3.65993
3.65348
3.65358
3.65463
3.65799
3.66607
3.68305
3.71273
3.74745
3.78394
3.82046
3.85512
3.88655
3.91324
3.93382
3.94953
5.7437
4.96571
4.65184
4.45196
4.22252
4.04246
3.90395
3.79886
3.72411
3.67866
3.66355
3.66563
3.67423
3.68907
3.69268
3.69306
3.69726
3.71114
3.74055
3.78139
3.82963
3.88267
3.94088
4.00503
4.07498
4.14791
4.22236
4.29732
4.37172
4.44463
4.51513
4.58271
4.64676
4.70672
4.76244
4.81413
4.8624
4.907
4.94589
4.97795
5.00348
5.02306
5.0371
5.04575
5.04907
5.04862
5.04634
5.04002
5.02629
5.0055
4.98276
4.95825
4.93126
4.90151
4.86909
4.83425
4.79727
4.75837
4.71775
4.67561
4.6321
4.58741
4.54168
4.49508
4.44773
4.39981
4.3515
4.30295
4.25432
4.20578
4.15752
4.10974
4.06263
4.01643
3.97137
3.92772
3.88574
3.84576
3.80816
3.77329
3.74163
3.7137
3.69005
3.67151
3.65839
3.65251
3.65269
3.65395
3.65755
3.66592
3.6832
3.71195
3.74619
3.78294
3.82006
3.8553
3.88735
3.91468
3.93618
3.95479
6.24106
5.57189
5.11295
4.80431
4.55305
4.33517
4.14183
3.98385
3.86514
3.79335
3.76734
3.76639
3.76796
3.7689
3.76655
3.76021
3.75769
3.76122
3.77444
3.80495
3.8528
3.90421
3.95858
4.0179
4.08296
4.15198
4.22324
4.29563
4.36785
4.43824
4.50685
4.57307
4.63618
4.69555
4.7509
4.80226
4.84974
4.89319
4.93159
4.96391
4.98989
5.00983
5.02406
5.03281
5.03604
5.03564
5.0337
5.02836
5.01658
4.99585
4.9725
4.94753
4.92048
4.89094
4.85884
4.82432
4.78762
4.74899
4.70863
4.66676
4.62353
4.57913
4.5337
4.48739
4.44035
4.39274
4.34472
4.29647
4.24813
4.19988
4.1519
4.1044
4.05758
4.01165
3.96687
3.9235
3.8818
3.84211
3.80479
3.77023
3.73884
3.71117
3.68779
3.66951
3.6568
3.6515
3.65183
3.65335
3.65737
3.66624
3.68407
3.71188
3.74439
3.78119
3.81862
3.85437
3.88703
3.91519
3.9376
3.95966
6.57864
5.98887
5.50847
5.14558
4.85964
4.6185
4.40894
4.234
4.09758
4.00265
3.94459
3.91124
3.889
3.87126
3.85563
3.8419
3.83538
3.83683
3.84381
3.86218
3.90034
3.94761
3.99728
4.04996
4.10717
4.16868
4.23352
4.3005
4.36828
4.43537
4.50147
4.56544
4.6267
4.68456
4.73878
4.78909
4.83545
4.87768
4.91529
4.94745
4.97367
4.99396
5.00839
5.01724
5.02032
5.01992
5.01815
5.01343
5.00312
4.98361
4.96035
4.93496
4.90762
4.87811
4.84627
4.8121
4.77578
4.73751
4.6975
4.65596
4.61306
4.56897
4.52387
4.47787
4.43113
4.38387
4.33619
4.28827
4.24028
4.19241
4.14483
4.09774
4.05134
4.00586
3.96154
3.91865
3.87744
3.83827
3.80148
3.76746
3.73663
3.70952
3.68671
3.66892
3.65683
3.65249
3.65295
3.65473
3.65915
3.66857
3.68712
3.71329
3.7446
3.78051
3.81716
3.8531
3.88604
3.91489
3.93774
3.96301
6.83437
6.32714
5.87646
5.50327
5.19725
4.93936
4.71746
4.52835
4.3722
4.25014
4.16021
4.09672
4.05212
4.0193
3.99373
3.97331
3.95912
3.95358
3.95469
3.96019
3.97485
4.00552
4.04502
4.08976
4.13855
4.19137
4.24804
4.30784
4.36972
4.4326
4.49464
4.5556
4.61449
4.6705
4.72318
4.77222
4.81739
4.85848
4.89533
4.92713
4.95336
4.97401
4.98894
4.99817
5.00139
5.00102
4.99937
4.99505
4.98569
4.96767
4.94515
4.91978
4.89222
4.8626
4.83087
4.79698
4.76101
4.72312
4.6835
4.64234
4.59983
4.55614
4.51142
4.46588
4.41963
4.37286
4.32568
4.27828
4.23081
4.18347
4.13641
4.08985
4.04402
3.99909
3.95537
3.91312
3.87264
3.83424
3.79819
3.76486
3.73482
3.7085
3.68641
3.66935
3.65801
3.65504
3.65563
3.65768
3.66255
3.67273
3.69167
3.71646
3.74641
3.78014
3.81521
3.85044
3.88292
3.91227
3.93481
3.9632
7.04827
6.61333
6.20952
5.85276
5.54394
5.27842
5.04837
4.84789
4.67576
4.53219
4.41704
4.32756
4.25923
4.20648
4.16454
4.1302
4.1027
4.08321
4.07169
4.0705
4.07277
4.08116
4.10071
4.13551
4.17576
4.22047
4.26898
4.32089
4.37554
4.43213
4.48907
4.5462
4.60192
4.65543
4.70607
4.75342
4.79714
4.83698
4.8727
4.90385
4.92995
4.95075
4.96595
4.97553
4.97906
4.97873
4.97722
4.97328
4.96476
4.94822
4.92689
4.90212
4.87471
4.84511
4.81346
4.77983
4.74423
4.70679
4.66764
4.62697
4.58494
4.54174
4.49754
4.4525
4.40676
4.36051
4.31387
4.26703
4.22013
4.17338
4.12696
4.08107
4.03597
3.99188
3.94907
3.90772
3.86812
3.83065
3.79554
3.76309
3.73412
3.70883
3.68782
3.67207
3.66125
3.66003
3.6608
3.66318
3.66842
3.67929
3.69825
3.72213
3.75011
3.7812
3.81425
3.8477
3.87891
3.90818
3.92941
3.96138
7.23745
6.86282
6.50435
6.17421
5.878
5.61363
5.37825
5.16892
4.98531
4.82746
4.69311
4.58121
4.48967
4.41513
4.35401
4.30322
4.26117
4.22795
4.20359
4.18795
4.17999
4.18061
4.18474
4.19636
4.221
4.25534
4.29524
4.33892
4.38568
4.435
4.48639
4.53765
4.58898
4.63909
4.68708
4.73232
4.77434
4.81279
4.84737
4.87774
4.90349
4.92424
4.93985
4.95
4.95403
4.95378
4.9525
4.94902
4.9414
4.92608
4.90603
4.8822
4.8553
4.82592
4.7944
4.76094
4.72564
4.6886
4.6499
4.60972
4.5682
4.52553
4.48186
4.43739
4.39224
4.3466
4.30061
4.25444
4.20825
4.16224
4.11663
4.07166
4.02753
3.98441
3.94254
3.90216
3.86352
3.82714
3.79304
3.76216
3.73437
3.71018
3.69067
3.67625
3.66738
3.66719
3.66796
3.67045
3.67622
3.68812
3.7067
3.72938
3.7554
3.78345
3.81368
3.84437
3.87382
3.90188
3.92224
3.95649
7.41161
7.08525
6.76666
6.46431
6.18369
5.92639
5.69222
5.48082
5.29028
5.11951
4.9692
4.83888
4.72774
4.63398
4.55443
4.48687
4.4296
4.38208
4.34388
4.31448
4.2934
4.28024
4.27644
4.27795
4.28409
4.29872
4.32763
4.36158
4.4002
4.4421
4.48632
4.53164
4.57767
4.62332
4.66772
4.71015
4.74998
4.78674
4.82
4.84941
4.87458
4.89515
4.91082
4.92141
4.92633
4.92617
4.92509
4.92201
4.91517
4.90125
4.88241
4.85969
4.83362
4.80474
4.77353
4.74033
4.70533
4.66868
4.63047
4.59082
4.54989
4.50783
4.4648
4.42098
4.37652
4.33158
4.28631
4.24088
4.19551
4.15043
4.10583
4.06189
4.01877
3.97669
3.93589
3.89667
3.85928
3.82422
3.79158
3.76226
3.73605
3.71371
3.69574
3.68303
3.67628
3.67644
3.67748
3.68038
3.68678
3.69973
3.71747
3.73869
3.76236
3.78706
3.8139
3.84155
3.86868
3.89494
3.91358
3.94925
7.57432
7.28552
6.99967
6.72266
6.45903
6.2116
5.98144
5.76896
5.57372
5.39561
5.23508
5.09211
4.96571
4.85484
4.75852
4.6752
4.60337
4.54206
4.49067
4.44858
4.41511
4.38977
4.37259
4.36273
4.36285
4.36535
4.3735
4.39149
4.42012
4.45338
4.49004
4.52895
4.56858
4.6088
4.64872
4.68752
4.72451
4.75908
4.79071
4.81893
4.84334
4.86355
4.87926
4.89007
4.89597
4.89595
4.89515
4.89257
4.88659
4.87427
4.85652
4.8349
4.80982
4.7817
4.75103
4.71822
4.68358
4.64732
4.60958
4.57048
4.53016
4.48875
4.44641
4.4033
4.35958
4.3154
4.27093
4.22639
4.18203
4.13801
4.09448
4.05162
4.00963
3.96873
3.92921
3.89133
3.85545
3.82188
3.79114
3.76324
3.73937
3.71879
3.70323
3.69181
3.68748
3.6878
3.68913
3.69254
3.6998
3.71325
3.73006
3.74924
3.77032
3.79235
3.81479
3.83895
3.86337
3.88746
3.90455
3.93921
7.72698
7.46625
7.20585
6.94991
6.70206
6.46509
6.24075
6.03002
5.83342
5.65127
5.48394
5.33157
5.19407
5.07097
4.9618
4.86551
4.78104
4.70728
4.64366
4.58964
4.54449
4.50757
4.47859
4.45717
4.44359
4.43689
4.43744
4.44087
4.4503
4.47015
4.49711
4.52833
4.56089
4.59534
4.6304
4.66505
4.69864
4.7305
4.76005
4.78673
4.81012
4.82978
4.84537
4.85646
4.86303
4.86349
4.86289
4.86078
4.85569
4.84505
4.82832
4.80775
4.78375
4.75658
4.72666
4.69443
4.66028
4.6245
4.58727
4.54876
4.50908
4.46838
4.42679
4.38447
4.34156
4.29822
4.25471
4.21124
4.16798
4.12508
4.0827
4.04105
4.00033
3.9608
3.92274
3.88645
3.85228
3.82054
3.79172
3.76602
3.74406
3.7262
3.71273
3.70327
3.70125
3.7017
3.7033
3.70721
3.71541
3.72887
3.74443
3.76145
3.77968
3.79843
3.81693
3.83749
3.85823
3.87994
3.89549
3.92738
7.86927
7.629
7.38791
7.14888
6.91473
6.68792
6.47038
6.26342
6.068
5.88472
5.7141
5.55647
5.41203
5.28065
5.16208
5.05568
4.96074
4.87637
4.80189
4.73677
4.68053
4.63249
4.59216
4.55918
4.53342
4.51471
4.50276
4.49761
4.49839
4.50223
4.512
4.53207
4.55709
4.58325
4.61254
4.64275
4.67265
4.70141
4.72845
4.7532
4.77524
4.7941
4.80938
4.82063
4.82763
4.82898
4.82853
4.82682
4.82254
4.81346
4.79786
4.77839
4.75551
4.72941
4.70042
4.66898
4.63549
4.60031
4.56367
4.52579
4.4868
4.44684
4.40605
4.36456
4.32253
4.28018
4.23776
4.19543
4.15333
4.11164
4.07053
4.03022
3.99094
3.95295
3.91656
3.88206
3.84985
3.8202
3.79357
3.7703
3.75069
3.73553
3.72447
3.71721
3.71708
3.71766
3.7196
3.72414
3.73345
3.74628
3.76015
3.77471
3.78994
3.80532
3.81979
3.83698
3.85409
3.87202
3.88593
3.91472
7.99988
7.77486
7.54878
7.32365
7.10158
6.88464
6.67465
6.47303
6.28087
6.09895
5.92791
5.76814
5.61995
5.48338
5.3583
5.24435
5.14104
5.04771
4.96368
4.88848
4.82181
4.76308
4.71184
4.66766
4.63037
4.59982
4.5759
4.55856
4.54723
4.54271
4.54354
4.54742
4.55705
4.5767
4.59577
4.62052
4.64622
4.6716
4.69588
4.71844
4.73887
4.7567
4.77148
4.78271
4.79004
4.79231
4.792
4.79065
4.78712
4.77952
4.76518
4.74689
4.72517
4.7002
4.67229
4.64181
4.60916
4.57473
4.53881
4.50162
4.46337
4.42421
4.38426
4.34366
4.30263
4.2614
4.22015
4.17903
4.13819
4.09782
4.05812
4.01931
3.98164
3.94539
3.91087
3.8784
3.84841
3.82106
3.797
3.77635
3.75946
3.74706
3.73842
3.7342
3.73445
3.7355
3.73818
3.74392
3.7539
3.76537
3.777
3.78888
3.8011
3.81291
3.82351
3.8376
3.85061
3.86429
3.87647
3.90177
8.11886
7.90614
7.69257
7.47952
7.26853
7.0613
6.85944
6.66431
6.47697
6.29829
6.12885
5.96915
5.81942
5.67985
5.55035
5.43077
5.3207
5.21973
5.12725
5.0429
4.96647
4.89758
4.83583
4.7809
4.73256
4.6907
4.65523
4.62617
4.60329
4.58672
4.57604
4.57203
4.57292
4.57685
4.58638
4.60131
4.62025
4.64136
4.66238
4.68247
4.70112
4.71772
4.73177
4.74279
4.75023
4.75342
4.75324
4.75222
4.74938
4.74307
4.73026
4.71323
4.69273
4.66899
4.64227
4.61292
4.5813
4.54778
4.5127
4.47632
4.43887
4.40054
4.36147
4.32186
4.28195
4.24192
4.20191
4.16209
4.12262
4.08371
4.04555
4.00841
3.97253
3.93823
3.90581
3.87564
3.84814
3.82335
3.80212
3.78431
3.77048
3.76078
3.75472
3.75342
3.75381
3.75531
3.75891
3.76631
3.77586
3.78554
3.79462
3.80378
3.81291
3.82108
3.82813
3.83879
3.84739
3.85718
3.8674
3.88877
8.22865
8.02662
7.82418
7.62217
7.42169
7.22409
7.03071
6.84277
6.66121
6.48684
6.3202
6.16179
6.01185
5.87057
5.73794
5.61391
5.49821
5.39058
5.29057
5.1979
5.11242
5.034
4.96236
4.89727
4.83851
4.78592
4.73953
4.69922
4.66517
4.6373
4.61557
4.60006
4.59004
4.58638
4.58716
4.59044
4.59824
4.61283
4.62861
4.64562
4.66213
4.67726
4.69035
4.70092
4.7083
4.71223
4.71215
4.71141
4.70914
4.70391
4.69312
4.67733
4.65808
4.63567
4.61031
4.58226
4.55186
4.51943
4.48533
4.44988
4.41333
4.3759
4.33781
4.29931
4.2606
4.22182
4.18315
4.14473
4.10676
4.06944
4.03299
3.9977
3.96382
3.93169
3.90162
3.87403
3.84916
3.82736
3.8092
3.79442
3.78388
3.77689
3.77378
3.77394
3.77482
3.77722
3.78251
3.79069
3.7989
3.80635
3.81281
3.81922
3.82528
3.82983
3.83366
3.84022
3.84451
3.85075
3.85869
3.87556
8.33119
8.13954
7.94773
7.75629
7.56601
7.37791
7.19313
7.0126
6.83714
6.66745
6.50408
6.34745
6.19785
6.05547
5.92039
5.79261
5.67202
5.55848
5.45174
5.35155
5.25784
5.17071
5.08996
5.01547
4.94704
4.88461
4.82808
4.77747
4.73281
4.69412
4.66144
4.63489
4.61428
4.59967
4.59035
4.58711
4.58754
4.59007
4.59644
4.60901
4.62199
4.63515
4.64701
4.6569
4.66423
4.66856
4.66867
4.66816
4.66642
4.66223
4.65342
4.63891
4.62099
4.60007
4.57628
4.54976
4.52076
4.48961
4.45668
4.42229
4.38678
4.35038
4.3134
4.2761
4.23866
4.20123
4.16398
4.12708
4.09074
4.05516
4.0206
3.98735
3.95569
3.92597
3.89853
3.87382
3.85186
3.83327
3.81839
3.80687
3.79963
3.79553
3.79526
3.7957
3.79739
3.80139
3.80885
3.81612
3.82235
3.82732
3.83134
3.83494
3.83785
3.83952
3.83997
3.84135
3.84249
3.84511
3.85024
3.86171
8.42705
8.24564
8.06454
7.88381
7.70383
7.52526
7.34889
7.17559
7.0061
6.84106
6.68096
6.52623
6.37716
6.23399
6.09686
5.96588
5.84104
5.72232
5.6096
5.50276
5.40177
5.30683
5.21786
5.13481
5.05755
4.98604
4.92018
4.85998
4.80549
4.75677
4.71386
4.6768
4.64576
4.62069
4.60128
4.58749
4.57923
4.57437
4.57483
4.57709
4.58258
4.59241
4.60186
4.61071
4.61774
4.62235
4.62301
4.62266
4.62135
4.61803
4.61097
4.59788
4.58145
4.56222
4.54019
4.51539
4.48801
4.45834
4.42677
4.39365
4.35932
4.32412
4.2884
4.2524
4.21632
4.18032
4.1446
4.10934
4.07476
4.04109
4.0086
3.9776
3.94839
3.92134
3.8968
3.87507
3.85645
3.84133
3.82982
3.82182
3.81777
3.81676
3.81715
3.81864
3.82228
3.82936
3.83627
3.84173
3.84562
3.84821
3.85001
3.85081
3.85054
3.84928
3.84614
3.84283
3.84076
3.84114
3.84292
3.84859
8.51947
8.34842
8.17756
8.00676
7.83616
7.66625
7.49764
7.33104
7.1671
7.00638
6.84937
6.69648
6.54805
6.40435
6.2656
6.13197
6.00357
5.88047
5.76267
5.65014
5.54287
5.4411
5.34489
5.25423
5.16904
5.08928
5.0149
4.94589
4.8823
4.82419
4.77163
4.72468
4.6834
4.64784
4.61842
4.59487
4.57727
4.56386
4.55498
4.55133
4.55162
4.55315
4.55697
4.56369
4.56937
4.57378
4.57517
4.57495
4.57398
4.57137
4.56568
4.55414
4.53943
4.52206
4.50192
4.47898
4.45338
4.42541
4.39543
4.36381
4.33091
4.29713
4.26282
4.22824
4.19362
4.15918
4.1251
4.09162
4.05896
4.02737
3.99717
3.96865
3.94215
3.91804
3.89675
3.87828
3.86318
3.85171
3.8437
3.83928
3.83835
3.83872
3.8402
3.84384
3.85112
3.85827
3.8636
3.86681
3.86858
3.86894
3.86866
3.86745
3.8643
3.85782
3.85048
3.84415
3.8389
3.83672
3.83714
3.83974
8.61115
8.44935
8.28747
8.12537
7.96304
7.80078
7.63904
7.47838
7.31936
7.16251
7.00829
6.85714
6.70942
6.56545
6.42551
6.28983
6.15859
6.03193
5.90994
5.79265
5.68007
5.57243
5.46992
5.37255
5.28029
5.19312
5.11102
5.03398
4.96203
4.89522
4.83366
4.77747
4.7268
4.68177
4.64244
4.60889
4.58136
4.56003
4.54206
4.52968
4.52206
4.51799
4.51803
4.5187
4.52048
4.52376
4.52525
4.52509
4.52428
4.52208
4.51722
4.50747
4.49484
4.47947
4.46129
4.44029
4.41663
4.39056
4.36241
4.33252
4.3013
4.26918
4.23648
4.2035
4.17052
4.13777
4.1055
4.07396
4.04342
4.01413
3.98644
3.96067
3.93716
3.91632
3.89828
3.88359
3.87219
3.8645
3.86012
3.85933
3.85981
3.86153
3.86563
3.87333
3.8811
3.88692
3.89005
3.89121
3.89111
3.89045
3.88842
3.8838
3.87493
3.86532
3.8552
3.84625
3.83825
3.83257
3.83166
3.83306
8.70019
8.5466
8.39263
8.23817
8.08309
7.92753
7.77183
7.61645
7.46187
7.30858
7.15704
7.00769
6.86092
6.71707
6.57647
6.43937
6.30601
6.17657
6.05119
5.92997
5.81291
5.70023
5.59222
5.48894
5.39039
5.29659
5.20754
5.12324
5.04375
4.96909
4.8994
4.83477
4.7754
4.72142
4.67293
4.6301
4.59299
4.5618
4.5365
4.51447
4.49854
4.48744
4.48067
4.47667
4.47484
4.47471
4.47456
4.4741
4.47297
4.47055
4.46578
4.45824
4.44776
4.43439
4.41819
4.39924
4.37768
4.35371
4.32764
4.29977
4.27052
4.2403
4.20943
4.17827
4.14711
4.11625
4.08598
4.05657
4.02834
4.00158
3.97665
3.9539
3.93366
3.91638
3.90197
3.89107
3.88356
3.87966
3.8792
3.87979
3.88193
3.8869
3.89554
3.90414
3.91073
3.91447
3.91535
3.91517
3.91433
3.91201
3.90681
3.89688
3.88503
3.87307
3.86063
3.84878
3.83811
3.82953
3.82579
3.82692
8.78307
8.6372
8.49056
8.34305
8.19448
8.04492
7.89463
7.74403
7.59357
7.4437
7.29487
7.14751
7.00201
6.85873
6.718
6.58011
6.44531
6.31382
6.18581
6.06141
5.9407
5.82378
5.71099
5.60252
5.49844
5.39877
5.30352
5.21272
5.12641
5.04466
4.96755
4.8952
4.82777
4.76544
4.70837
4.65672
4.61065
4.57029
4.53581
4.5065
4.48165
4.46295
4.4489
4.43888
4.43212
4.42785
4.42513
4.42301
4.42075
4.41785
4.41353
4.40723
4.39842
4.38692
4.37274
4.35592
4.33657
4.31487
4.29105
4.26544
4.2384
4.21031
4.18152
4.1524
4.1233
4.09455
4.06649
4.03946
4.01379
3.98982
3.96795
3.94851
3.93189
3.91817
3.90789
3.90098
3.89734
3.89739
3.89823
3.90101
3.90717
3.91711
3.92653
3.93439
3.93895
3.9403
3.94013
3.93933
3.93712
3.93215
3.9221
3.90928
3.89522
3.88095
3.86616
3.85182
3.83858
3.8275
3.82047
3.82135
8.86045
8.72118
8.58091
8.43948
8.2966
8.15233
8.00691
7.86072
7.71416
7.56765
7.42161
7.27643
7.13249
6.99016
6.84974
6.71156
6.57587
6.44292
6.3129
6.18598
6.06229
5.94188
5.82507
5.71219
5.60332
5.49851
5.39779
5.30122
5.20883
5.12071
5.03693
4.95763
4.88294
4.81301
4.74802
4.68816
4.63364
4.58466
4.5414
4.5042
4.47155
4.44429
4.42264
4.40596
4.39353
4.38449
4.37801
4.37321
4.36925
4.36541
4.36093
4.35514
4.34748
4.33759
4.3253
4.31056
4.29343
4.27405
4.25261
4.22941
4.20477
4.17904
4.15259
4.12578
4.09901
4.07265
4.04709
4.0227
3.99989
3.97904
3.96053
3.94472
3.93198
3.92218
3.91592
3.913
3.91319
3.91451
3.91825
3.92624
3.93719
3.94797
3.95678
3.96299
3.96541
3.96532
3.96469
3.96282
3.95849
3.94948
3.93626
3.92125
3.90516
3.88866
3.87166
3.85514
3.83955
3.8263
3.81584
3.81649
8.93154
8.79889
8.66456
8.5286
8.39081
8.25125
8.1102
7.968
7.82502
7.68166
7.5383
7.39531
7.25305
7.11183
6.97199
6.83383
6.69764
6.56366
6.43212
6.30321
6.17707
6.05379
5.93364
5.81699
5.70397
5.59468
5.48916
5.38749
5.28972
5.19594
5.10623
5.02071
4.93952
4.86281
4.79075
4.72354
4.66139
4.60452
4.55316
4.50751
4.46785
4.43212
4.40262
4.37862
4.35959
4.34496
4.33398
4.32569
4.31924
4.31379
4.30855
4.30276
4.29579
4.28712
4.27645
4.26361
4.2486
4.23148
4.21244
4.19172
4.1696
4.14641
4.1225
4.09824
4.07405
4.05036
4.02761
4.0062
3.9866
3.96918
3.95436
3.94249
3.93362
3.92825
3.92627
3.92665
3.92851
3.93334
3.9434
3.95572
3.96771
3.97793
3.98557
3.99
3.99024
3.98985
3.98847
3.98503
3.97762
3.9647
3.9497
3.9326
3.91475
3.89608
3.87723
3.85878
3.84108
3.82587
3.81209
3.8125
8.9974
8.87016
8.7406
8.60917
8.47591
8.34081
8.20402
8.06579
7.92643
7.78625
7.64559
7.5048
7.36423
7.22424
7.08516
6.94728
6.81089
6.67625
6.5436
6.41315
6.28507
6.15951
6.0366
5.91672
5.80014
5.68697
5.57728
5.47113
5.36861
5.26981
5.17483
5.08377
4.99676
4.91396
4.83554
4.76166
4.69257
4.62846
4.56958
4.51616
4.46843
4.42632
4.38881
4.35753
4.33167
4.3108
4.29434
4.28163
4.27178
4.26392
4.25721
4.25085
4.24406
4.23623
4.22689
4.21576
4.20273
4.1878
4.1711
4.15285
4.1333
4.11274
4.09151
4.07
4.04864
4.02787
4.0082
3.99011
3.97403
3.96041
3.94965
3.94196
3.93726
3.93646
3.93713
3.93971
3.94585
3.95827
3.97193
3.98528
3.99709
4.00646
4.01283
4.01488
4.01464
4.01365
4.01106
4.00538
3.9939
3.97873
3.96232
3.94332
3.92381
3.90345
3.8829
3.86267
3.84305
3.826
3.80923
3.80936
9.05704
8.93507
8.81023
8.68319
8.55405
8.42286
8.28975
8.15496
8.01873
7.88136
7.74318
7.6045
7.46566
7.32699
7.1888
7.0514
6.91506
6.78006
6.64665
6.51505
6.38545
6.25803
6.13287
6.01032
5.89073
5.77423
5.66092
5.55089
5.44424
5.34107
5.24146
5.14554
5.05342
4.96524
4.88117
4.80137
4.72606
4.65545
4.58979
4.52932
4.47426
4.42497
4.38055
4.34195
4.30904
4.28162
4.25928
4.2415
4.22758
4.21666
4.20788
4.20035
4.19326
4.18585
4.17752
4.16787
4.15665
4.1438
4.12937
4.11353
4.09651
4.07857
4.06007
4.04139
4.02301
4.00544
3.98917
3.97472
3.96254
3.95305
3.94659
3.94298
3.94307
3.94424
3.94793
3.95623
3.9698
3.98502
3.99999
4.01359
4.02505
4.03351
4.03831
4.03831
4.03781
4.03608
4.03186
4.02295
4.0093
3.99192
3.97372
3.95341
3.93235
3.91056
3.88855
3.86671
3.84538
3.82661
3.8076
3.8067
9.10756
8.99102
8.87099
8.7482
8.62303
8.49561
8.36608
8.23461
8.10144
7.96683
7.83108
7.69449
7.55739
7.42008
7.28289
7.14611
7.01004
6.87493
6.74105
6.60864
6.4779
6.34901
6.22206
6.09733
5.97518
5.85582
5.7394
5.62603
5.51582
5.40885
5.30521
5.20503
5.10841
5.01549
4.92642
4.84137
4.76055
4.68416
4.61243
4.54562
4.48397
4.4277
4.3773
4.33137
4.2917
4.25778
4.22934
4.20607
4.18741
4.17273
4.16113
4.15177
4.14377
4.1363
4.12864
4.12022
4.11068
4.09983
4.08763
4.07419
4.05969
4.04439
4.02864
4.01289
3.99767
3.9835
3.97089
3.96041
3.95232
3.94726
3.94517
3.94555
3.9475
3.95272
3.96366
3.97844
3.99477
4.01127
4.02693
4.04069
4.05163
4.05896
4.06142
4.06111
4.05995
4.057
4.05067
4.03814
4.02291
4.00429
3.98436
3.96291
3.94056
3.91747
3.8941
3.87082
3.84798
3.82765
3.807
3.80463
9.15312
9.04107
8.92471
8.80544
8.68371
8.55966
8.43335
8.30492
8.17456
8.04253
7.90909
7.77453
7.63916
7.50328
7.36718
7.23118
7.09556
6.96059
6.82654
6.69363
6.5621
6.43213
6.30387
6.17743
6.05315
5.93139
5.81236
5.69614
5.58288
5.47265
5.36555
5.26169
5.16118
5.06415
4.97074
4.88111
4.79544
4.71394
4.63682
4.56434
4.49674
4.43426
4.37722
4.32537
4.2792
4.23882
4.20418
4.17513
4.15128
4.13213
4.1171
4.10532
4.09587
4.08789
4.08055
4.07316
4.0652
4.05632
4.04638
4.03537
4.02342
4.01077
3.99783
3.98509
3.97316
3.96258
3.95388
3.94762
3.94362
3.94348
3.9443
3.94726
3.95415
3.9676
3.98361
4.0012
4.01927
4.0369
4.05307
4.0667
4.07681
4.0826
4.08291
4.08239
4.08058
4.07627
4.06733
4.05234
4.03526
4.01565
3.99445
3.9719
3.94841
3.92414
3.89955
3.87498
3.85081
3.82905
3.807
3.80331
9.18712
9.08051
8.96842
8.85302
8.73494
8.61429
8.49115
8.36565
8.238
8.10844
7.97723
7.84466
7.71101
7.57659
7.44168
7.30658
7.17158
7.03696
6.90296
6.76984
6.63782
6.5071
6.37785
6.2502
6.1244
6.00081
5.87966
5.76109
5.64525
5.53223
5.42214
5.31508
5.21118
5.11054
5.01331
4.91963
4.8297
4.74369
4.66181
4.5843
4.5114
4.44338
4.38047
4.32317
4.27069
4.22411
4.1834
4.14851
4.11931
4.09542
4.07635
4.06145
4.0499
4.04083
4.03337
4.02672
4.0202
4.01331
4.00573
3.9973
3.98804
3.97817
3.96815
3.95857
3.95014
3.94334
3.93881
3.93682
3.93716
3.93894
3.94366
3.9534
3.96767
3.98499
4.00401
4.02385
4.04358
4.06214
4.07846
4.09147
4.10036
4.10386
4.1036
4.1025
4.09966
4.09352
4.08176
4.06542
4.04675
4.02614
4.00396
3.98042
3.95591
3.93059
3.90491
3.87919
3.85383
3.83078
3.80755
3.80269
9.21994
9.11707
9.0078
8.89514
8.77984
8.66195
8.54144
8.41843
8.29313
8.16577
8.03661
7.90592
7.77395
7.64099
7.50731
7.37321
7.23896
7.10483
6.97108
6.83797
6.70571
6.57452
6.44458
6.31602
6.18908
6.06405
5.94118
5.82065
5.70263
5.58723
5.47457
5.36476
5.25792
5.15415
5.0536
4.95642
4.86275
4.7728
4.68674
4.60481
4.52724
4.45427
4.38618
4.32324
4.26542
4.21325
4.16681
4.12623
4.09154
4.06258
4.03903
4.02044
4.00613
3.99532
3.98718
3.98084
3.97552
3.97058
3.96547
3.95979
3.9534
3.94658
3.93976
3.9337
3.92915
3.92623
3.92636
3.92741
3.93058
3.93756
3.94897
3.96466
3.98308
4.00348
4.02513
4.04702
4.06806
4.08705
4.10299
4.1149
4.12223
4.12334
4.12288
4.12125
4.11733
4.10909
4.09479
4.07728
4.05753
4.03598
4.01291
3.9885
3.96308
3.93683
3.91018
3.88344
3.85703
3.83283
3.80854
3.80256
9.24876
9.14887
9.04195
8.93168
8.81887
8.70343
8.58531
8.46457
8.34141
8.21605
8.08875
7.95976
7.82933
7.69773
7.56522
7.43208
7.2986
7.16503
7.03162
6.89864
6.7663
6.63483
6.5044
6.37519
6.24735
6.12116
5.99688
5.87474
5.75489
5.63748
5.52263
5.41045
5.30107
5.1946
5.09117
4.99093
4.89403
4.80064
4.71096
4.62516
4.54351
4.46619
4.39352
4.3257
4.26308
4.20559
4.15371
4.10765
4.06755
4.03341
4.00513
3.9824
3.96476
3.95161
3.94221
3.93571
3.93127
3.92823
3.92561
3.9227
3.91937
3.91584
3.9126
3.9107
3.91082
3.91167
3.91418
3.91967
3.92971
3.94207
3.95853
3.97809
3.99996
4.02338
4.0474
4.07087
4.09259
4.11143
4.12647
4.13702
4.14213
4.142
4.14118
4.13883
4.13359
4.12281
4.10693
4.08836
4.06773
4.04535
4.02146
3.99625
3.97002
3.94294
3.91542
3.88778
3.86042
3.83519
3.80994
3.80275
9.27851
9.1803
9.07478
8.966
8.85474
8.74092
8.6244
8.50528
8.38376
8.26004
8.13433
8.00685
7.87781
7.74746
7.61605
7.48383
7.35108
7.21808
7.08507
6.95232
6.82003
6.68843
6.5577
6.42802
6.29952
6.17244
6.04706
5.92359
5.80223
5.6831
5.56637
5.45215
5.34057
5.23174
5.12581
5.02292
4.9232
4.82682
4.73397
4.64481
4.55959
4.47848
4.40178
4.32971
4.26259
4.20042
4.14368
4.09258
4.04736
4.00815
3.97504
3.94787
3.92647
3.91036
3.89902
3.89167
3.88768
3.8862
3.88584
3.88551
3.88555
3.88585
3.88673
3.88881
3.89306
3.8991
3.90719
3.918
3.93233
3.94985
3.97055
3.99387
4.01905
4.04516
4.07098
4.09535
4.11708
4.13523
4.149
4.15796
4.16037
4.16006
4.15878
4.15556
4.14863
4.13517
4.11822
4.09884
4.07745
4.05432
4.02969
4.00375
3.97678
3.94895
3.92065
3.8922
3.86398
3.83782
3.81173
3.80324
9.30508
9.208
9.10356
8.99587
8.88579
8.77323
8.65805
8.5403
8.42016
8.2978
8.17343
8.04723
7.91941
7.79017
7.65977
7.52844
7.39646
7.26407
7.13154
6.9991
6.86698
6.73538
6.60451
6.47453
6.34559
6.21788
6.09167
5.96716
5.84457
5.72403
5.60573
5.48978
5.37632
5.26549
5.1574
5.05222
4.95007
4.85112
4.75553
4.66348
4.57515
4.49077
4.41055
4.3347
4.26354
4.1972
4.13612
4.08048
4.03057
3.98659
3.94873
3.91707
3.89155
3.87196
3.85804
3.84918
3.84513
3.84523
3.84584
3.8474
3.85066
3.8555
3.86164
3.86889
3.8781
3.88933
3.90293
3.91915
3.93839
3.96073
3.98567
4.01263
4.04073
4.06883
4.09573
4.12026
4.14144
4.15843
4.17075
4.17748
4.17805
4.17754
4.17574
4.17136
4.16215
4.14695
4.12901
4.10889
4.08681
4.06299
4.03765
4.01101
3.98334
3.95483
3.92584
3.89666
3.86769
3.84069
3.81386
3.80404
9.33
9.23339
9.12951
9.02238
8.913
8.80124
8.68699
8.57027
8.45118
8.32991
8.20662
8.08149
7.95471
7.82648
7.697
7.56653
7.4353
7.30355
7.17154
7.03948
6.90761
6.77613
6.64522
6.51507
6.38583
6.25766
6.13082
6.00549
5.88189
5.76018
5.64054
5.52312
5.40805
5.29548
5.18554
5.07839
4.97415
4.87299
4.77506
4.68052
4.58955
4.50236
4.41914
4.34012
4.26555
4.19566
4.13067
4.07094
4.01673
3.96836
3.92599
3.88991
3.8602
3.83687
3.8199
3.8089
3.80446
3.80478
3.80611
3.80929
3.81583
3.82523
3.83661
3.84961
3.86451
3.88158
3.90108
3.92299
3.94774
3.9749
4.00402
4.03424
4.06467
4.09406
4.12134
4.14544
4.16558
4.1811
4.19166
4.19583
4.19567
4.19472
4.19207
4.18616
4.17417
4.1581
4.13944
4.1186
4.09584
4.07133
4.04534
4.01806
3.98977
3.96063
3.931
3.90115
3.87152
3.84373
3.81628
3.80515
9.35154
9.25517
9.15169
9.04496
8.93603
8.82487
8.71135
8.59542
8.47718
8.35677
8.23435
8.11009
7.98416
7.85675
7.72809
7.59838
7.46787
7.33678
7.20534
7.07377
6.94226
6.81102
6.68023
6.55007
6.42069
6.29224
6.16495
6.03902
5.91463
5.79198
5.67124
5.55257
5.43613
5.32208
5.21055
5.10171
4.99569
4.89263
4.79269
4.69604
4.60281
4.51323
4.42744
4.34571
4.2682
4.19526
4.12694
4.06367
4.00565
3.9533
3.90685
3.86661
3.83283
3.80566
3.78533
3.77168
3.76587
3.76628
3.76803
3.77221
3.78096
3.79462
3.81123
3.83025
3.85158
3.8752
3.90123
3.92937
3.95969
3.9917
4.02478
4.05791
4.09013
4.12026
4.14737
4.1706
4.18934
4.20323
4.21152
4.21342
4.21301
4.21147
4.20767
4.19958
4.18562
4.16871
4.14938
4.12787
4.10443
4.07927
4.05266
4.02478
3.99591
3.96618
3.93599
3.90555
3.87534
3.84686
3.81891
3.80645
9.37022
9.2738
9.17062
9.06419
8.9556
8.84491
8.73196
8.61669
8.49914
8.37942
8.25769
8.1341
8.00882
7.88206
7.75403
7.62495
7.49503
7.3645
7.23357
7.10244
6.97129
6.8403
6.70965
6.57951
6.45003
6.32137
6.1937
6.06725
5.94221
5.81877
5.6971
5.57741
5.45984
5.34457
5.23172
5.12149
5.01398
4.90937
4.80777
4.70938
4.61432
4.52279
4.43488
4.35091
4.27094
4.19535
4.12424
4.05799
3.99679
3.94105
3.89102
3.84706
3.80949
3.77863
3.75483
3.73827
3.7302
3.73059
3.73247
3.7372
3.74716
3.76435
3.78599
3.81113
3.83914
3.86967
3.90242
3.93714
3.97329
4.01022
4.04703
4.08273
4.11626
4.1467
4.17321
4.19525
4.21236
4.2244
4.23037
4.23037
4.22968
4.22746
4.22227
4.21162
4.19652
4.1788
4.15874
4.13656
4.11246
4.0867
4.05951
4.03109
4.00171
3.97146
3.94075
3.90978
3.87906
3.84998
3.82168
3.80778
9.38498
9.28835
9.18526
9.07896
8.97058
8.8602
8.74766
8.63286
8.51584
8.39664
8.2754
8.15232
8.02756
7.90135
7.77391
7.64545
7.51617
7.38628
7.25596
7.12539
6.99473
6.86413
6.73377
6.6038
6.47438
6.34565
6.21777
6.09097
5.96543
5.84138
5.71899
5.59847
5.47997
5.36371
5.24978
5.1384
5.02967
4.92377
4.82083
4.72099
4.62439
4.53121
4.44158
4.35572
4.27378
4.19603
4.12262
4.05389
3.99001
3.9314
3.87828
3.8311
3.7902
3.75598
3.72889
3.70943
3.69848
3.69875
3.70052
3.70529
3.71553
3.73528
3.76128
3.79213
3.82678
3.86437
3.90417
3.94546
3.9874
4.02905
4.06932
4.1072
4.14168
4.17207
4.19775
4.21845
4.23385
4.24403
4.2473
4.24694
4.24555
4.24212
4.23486
4.22229
4.20648
4.18805
4.16726
4.1444
4.11969
4.09338
4.06568
4.03678
4.00693
3.97624
3.94507
3.91368
3.88249
3.8529
3.82451
3.80887
9.39622
9.30037
9.19776
9.09175
8.98363
8.87357
8.76138
8.64694
8.53022
8.41131
8.29034
8.16746
8.04294
7.91696
7.7898
7.66161
7.5327
7.40317
7.27323
7.14305
7.01275
6.88246
6.75233
6.6225
6.49312
6.36436
6.23634
6.1093
5.98341
5.85891
5.73598
5.61485
5.49566
5.37862
5.26387
5.15159
5.04192
4.93503
4.83103
4.73009
4.63232
4.5379
4.44694
4.35964
4.27615
4.1967
4.12146
4.05076
3.98475
3.92385
3.86829
3.81851
3.77487
3.73785
3.70791
3.68596
3.6719
3.67198
3.6735
3.67804
3.6883
3.70913
3.73866
3.77444
3.81508
3.85932
3.90587
3.95356
4.00096
4.04695
4.09021
4.12985
4.16496
4.19509
4.21984
4.23919
4.25299
4.2613
4.26221
4.26161
4.25961
4.25501
4.24554
4.23176
4.21515
4.19601
4.17457
4.15111
4.12588
4.09909
4.07095
4.04166
4.01141
3.98036
3.94882
3.91707
3.88554
3.85551
3.82719
3.80986
9.39957
9.30515
9.20336
9.09788
8.99024
8.88067
8.769
8.65503
8.53875
8.42022
8.29961
8.17709
8.05292
7.92727
7.80053
7.67272
7.54438
7.41531
7.28595
7.1563
7.02646
6.89656
6.76673
6.63709
6.50781
6.37906
6.25099
6.12381
5.9977
5.87288
5.74953
5.62791
5.50815
5.39048
5.27506
5.16207
5.05165
4.94397
4.83913
4.73732
4.63863
4.54323
4.45123
4.36282
4.27815
4.19742
4.12084
4.04864
3.98108
3.91846
3.86106
3.80932
3.76358
3.72439
3.6922
3.6681
3.65196
3.65037
3.65179
3.65634
3.66674
3.68794
3.71974
3.75923
3.8048
3.85471
3.9071
3.96028
4.01236
4.06201
4.10775
4.14876
4.18429
4.21407
4.23801
4.25613
4.26876
4.27493
4.27475
4.27376
4.27109
4.26532
4.25398
4.2394
4.2221
4.20233
4.18036
4.15642
4.13078
4.10362
4.07513
4.04552
4.01497
3.98362
3.95178
3.91976
3.888
3.85754
3.82939
3.81079
9.4076
9.31364
9.21167
9.1059
8.99806
8.88839
8.77666
8.66267
8.54637
8.42779
8.30708
8.18442
8.06013
7.93438
7.80757
7.67973
7.55138
7.42241
7.29317
7.16385
7.03434
6.90476
6.7752
6.64574
6.51655
6.38783
6.25973
6.13248
6.00623
5.88124
5.75766
5.63576
5.51567
5.39766
5.28185
5.16845
5.05759
4.94946
4.84414
4.74181
4.64258
4.54659
4.45397
4.36487
4.27948
4.19795
4.12052
4.04737
3.97879
3.91504
3.85647
3.80343
3.75632
3.71568
3.682
3.6564
3.63896
3.63579
3.63715
3.64166
3.65208
3.67342
3.70663
3.74858
3.79749
3.8514
3.90803
3.96525
4.02077
4.07305
4.12052
4.16243
4.19818
4.22764
4.25094
4.26819
4.27998
4.2843
4.28392
4.2825
4.27911
4.27204
4.26001
4.24483
4.22698
4.20673
4.18436
4.16008
4.13414
4.10673
4.078
4.04817
4.01742
3.98589
3.95383
3.92166
3.88974
3.85891
3.83118
3.81165
9.40727
9.31441
9.21307
9.10772
9.00021
8.89083
8.77937
8.66561
8.54951
8.4311
8.31054
8.18802
8.06389
7.93826
7.81163
7.68386
7.5558
7.42692
7.29791
7.16874
7.03938
6.90993
6.78046
6.65104
6.52186
6.39311
6.26495
6.13761
6.01124
5.8861
5.76234
5.64024
5.51993
5.40168
5.28562
5.17195
5.06082
4.9524
4.84679
4.74416
4.6446
4.54828
4.45531
4.36585
4.28006
4.19812
4.12023
4.04661
3.97751
3.9132
3.85403
3.80034
3.75253
3.71116
3.67671
3.65033
3.6322
3.6281
3.62944
3.6339
3.64435
3.66573
3.69965
3.74285
3.79353
3.84959
3.90851
3.96793
4.02531
4.07899
4.12735
4.16969
4.20552
4.23477
4.25769
4.27454
4.28574
4.28914
4.28868
4.28704
4.28324
4.27544
4.26313
4.24765
4.2295
4.209
4.1864
4.16195
4.13586
4.10831
4.07946
4.04951
4.01865
3.98704
3.95484
3.92261
3.89058
3.85949
3.83218
3.81185
)
;

boundaryField
{
    inlet
    {
        type            fixedValue;
        value           uniform 1;
    }
    outlet
    {
        type            waveTransmissive;
        gamma           1.4;
        fieldInf        1;
        lInf            3;
        value           nonuniform List<scalar> 
40
(
3.92866
3.93285
3.9381
3.94292
3.94621
3.94631
3.9443
3.93941
3.93207
3.92205
3.91024
3.89757
3.88462
3.8717
3.85863
3.84487
3.83198
3.82328
3.81672
3.81065
3.80513
3.8003
3.79632
3.79318
3.7905
3.78842
3.7871
3.78649
3.78637
3.78658
3.78714
3.78802
3.78924
3.79067
3.79212
3.79333
3.79442
3.79546
3.79643
3.79667
)
;
    }
    bottom
    {
        type            symmetryPlane;
    }
    top
    {
        type            symmetryPlane;
    }
    obstacle
    {
        type            zeroGradient;
    }
    defaultFaces
    {
        type            empty;
    }
}


// ************************************************************************* //
