/*--------------------------------*- C++ -*----------------------------------*\
  =========                 |
  \\      /  F ield         | OpenFOAM: The Open Source CFD Toolbox
   \\    /   O peration     | Website:  https://openfoam.org
    \\  /    A nd           | Version:  6
     \\/     M anipulation  |
\*---------------------------------------------------------------------------*/
FoamFile
{
    version     2.0;
    format      ascii;
    class       volScalarField;
    location    "7.5";
    object      Ma;
}
// * * * * * * * * * * * * * * * * * * * * * * * * * * * * * * * * * * * * * //

dimensions      [0 0 0 0 0 0 0];

internalField   nonuniform List<scalar> 
5250
(
2.99988
2.99967
2.99903
2.99798
2.99454
2.98898
2.97095
2.93854
2.85094
2.64947
2.23849
1.36404
0.310666
0.188708
0.0743503
0.290259
0.348867
0.316748
0.255157
0.196445
0.158989
0.128299
0.0956078
0.0621153
0.0429347
2.99988
2.99967
2.99903
2.99799
2.99456
2.98902
2.97105
2.93877
2.85145
2.65072
2.24074
1.36856
0.315433
0.186123
0.0860155
0.297424
0.353321
0.32032
0.259849
0.204032
0.168726
0.139599
0.109593
0.0815743
0.0680183
2.99988
2.99967
2.99904
2.99801
2.99461
2.98911
2.97128
2.93927
2.85254
2.65352
2.24587
1.37992
0.327601
0.177785
0.10517
0.308179
0.360527
0.326974
0.269068
0.218828
0.187945
0.16253
0.13766
0.116818
0.107766
2.99988
2.99968
2.99905
2.99803
2.99467
2.98925
2.97163
2.94006
2.85429
2.65808
2.25429
1.39898
0.347437
0.165376
0.128822
0.322125
0.370986
0.337941
0.284152
0.240831
0.215258
0.194438
0.175195
0.160357
0.1545
2.99988
2.99968
2.99907
2.99807
2.99477
2.98944
2.97213
2.94116
2.85673
2.66445
2.26613
1.42577
0.374725
0.150976
0.155941
0.33884
0.384233
0.352736
0.304014
0.267729
0.247633
0.231645
0.217564
0.207441
0.203919
2.99989
2.99969
2.99909
2.99811
2.99489
2.98969
2.97276
2.94258
2.85988
2.67263
2.28148
1.46005
0.409527
0.137993
0.186168
0.357621
0.400013
0.370799
0.328435
0.299206
0.284635
0.273431
0.264375
0.258632
0.257421
2.99989
2.9997
2.99912
2.99817
2.99504
2.98999
2.97354
2.9443
2.86374
2.68265
2.30039
1.50232
0.452197
0.132542
0.219352
0.378752
0.417922
0.391943
0.356279
0.334691
0.325946
0.320562
0.317245
0.316847
0.319225
2.99989
2.99971
2.99915
2.99823
2.99521
2.99035
2.97445
2.94634
2.86823
2.69465
2.32265
1.55349
0.50585
0.142011
0.256147
0.40274
0.43826
0.416289
0.38809
0.373999
0.371627
0.372625
0.377463
0.385806
0.396106
2.9999
2.99972
2.99919
2.99831
2.99541
2.99076
2.97546
2.94874
2.87332
2.70753
2.34876
1.60056
0.570174
0.172076
0.296471
0.426957
0.459629
0.443125
0.423345
0.417377
0.421663
0.4312
0.447444
0.471584
0.504245
2.9999
2.99974
2.99923
2.99839
2.99563
2.99124
2.97662
2.95147
2.87918
2.72192
2.37911
1.6514
0.648147
0.221668
0.338831
0.447388
0.481388
0.471868
0.461796
0.462896
0.473969
0.495233
0.531394
0.583963
0.683532
2.99991
2.99975
2.99927
2.99849
2.99589
2.99177
2.97795
2.95447
2.88595
2.73826
2.41335
1.71166
0.735295
0.287612
0.382216
0.465793
0.502885
0.502714
0.501737
0.509201
0.528551
0.565167
0.624558
0.72032
0.867328
2.99992
2.99977
2.99933
2.9986
2.99618
2.99237
2.97948
2.95779
2.89365
2.75671
2.45177
1.78081
0.832193
0.368062
0.421373
0.482142
0.523745
0.532541
0.537855
0.552785
0.583952
0.634368
0.70687
0.816483
0.961614
2.99992
2.99979
2.99939
2.99873
2.99652
2.99305
2.98124
2.96163
2.9026
2.77788
2.49711
1.8646
0.94889
0.458505
0.451188
0.503336
0.54476
0.559901
0.571819
0.594488
0.633891
0.691087
0.765501
0.861689
0.973838
2.99993
2.99982
2.99945
2.99887
2.9969
2.99382
2.98326
2.96597
2.91271
2.80316
2.54985
1.96729
1.09438
0.558372
0.480389
0.520634
0.563196
0.586752
0.604936
0.632275
0.674269
0.72936
0.800411
0.882782
0.972085
2.99994
2.99984
2.99953
2.99902
2.99733
2.9947
2.98558
2.9709
2.92497
2.82989
2.61476
2.08155
1.26219
0.663894
0.508922
0.538989
0.582163
0.614345
0.637099
0.665467
0.705765
0.755568
0.818127
0.888441
0.963814
2.99995
2.99987
2.99961
2.99918
2.99775
2.99553
2.98787
2.97561
2.93638
2.86092
2.6744
2.23936
1.48143
0.781486
0.551366
0.572448
0.611841
0.645836
0.669353
0.695508
0.732546
0.776932
0.830097
0.889553
0.953856
2.99996
2.99989
2.99968
2.99932
2.99816
2.99633
2.99005
2.98014
2.94756
2.88937
2.73036
2.39953
1.71389
0.904013
0.606831
0.620836
0.653184
0.684211
0.703671
0.724265
0.755206
0.793575
0.839701
0.889972
0.943687
2.99997
2.99991
2.99974
2.99945
2.99849
2.99701
2.99187
2.98381
2.95709
2.90906
2.78015
2.48994
1.90998
1.00838
0.659107
0.657066
0.689249
0.718749
0.736718
0.752628
0.776387
0.807332
0.845834
0.888626
0.932999
2.99998
2.99993
2.99979
2.99956
2.99879
2.9976
2.99344
2.98701
2.96537
2.92685
2.82208
2.57317
2.09838
1.19512
0.765468
0.687297
0.711006
0.736149
0.758226
0.773674
0.79287
0.817671
0.849224
0.884402
0.919403
2.99998
2.99995
2.99984
2.99965
2.99905
2.99812
2.99484
2.98984
2.97268
2.94319
2.8594
2.66485
2.2797
1.45439
0.906936
0.727993
0.731486
0.750552
0.773978
0.790035
0.805949
0.826494
0.850581
0.87623
0.902404
2.99999
2.99996
2.99988
2.99974
2.99928
2.99856
2.99607
2.99233
2.97913
2.95787
2.89332
2.75873
2.46091
1.83142
1.08577
0.800221
0.770662
0.778594
0.794345
0.807348
0.818639
0.83275
0.848009
0.864566
0.883198
2.99999
2.99997
2.99991
2.9998
2.99945
2.99891
2.99701
2.99421
2.98403
2.96851
2.91741
2.81755
2.58171
2.03583
1.26293
0.864242
0.79703
0.802636
0.81371
0.824371
0.830088
0.834807
0.840987
0.850669
0.863861
3
2.99998
2.99993
2.99985
2.99959
2.99919
2.99777
2.99567
2.98803
2.97648
2.93786
2.86378
2.6816
2.24677
1.5279
0.980137
0.826073
0.818446
0.825357
0.832367
0.832571
0.829853
0.830231
0.835931
0.846173
3
2.99999
2.99995
2.99989
2.9997
2.99941
2.99836
2.99682
2.99119
2.98285
2.95369
2.90425
2.76189
2.47797
1.85035
1.14452
0.872824
0.833127
0.830252
0.829806
0.826105
0.8211
0.8195
0.824197
0.834119
3
2.99999
2.99997
2.99993
2.99979
2.99957
2.99882
2.99771
2.99367
2.98767
2.96655
2.93054
2.8284
2.60031
2.12847
1.33897
0.941318
0.835879
0.818882
0.814321
0.81115
0.808323
0.808869
0.815425
0.826994
3
3
2.99998
2.99994
2.99987
2.99964
2.99929
2.99805
2.99621
2.98955
2.97933
2.94499
2.88141
2.71476
2.3456
1.65974
1.04802
0.836546
0.800421
0.797545
0.79643
0.796836
0.801457
0.811127
0.824994
3.00001
3
2.99999
2.99996
2.99991
2.99974
2.99948
2.99855
2.99722
2.99212
2.98487
2.95808
2.91425
2.78335
2.51694
1.93191
1.16504
0.830123
0.763307
0.764285
0.769327
0.779303
0.79339
0.809177
0.826511
3.00001
3
2.99999
2.99997
2.99994
2.99981
2.99963
2.99895
2.99798
2.99426
2.989
2.96963
2.93696
2.83876
2.61633
2.17469
1.33712
0.866607
0.714495
0.712794
0.729053
0.753218
0.779851
0.803926
0.825907
3.00001
3
3
2.99998
2.99995
2.99986
2.99972
2.99922
2.99849
2.99571
2.99175
2.97713
2.95268
2.87842
2.71813
2.36546
1.69621
0.957748
0.676541
0.667393
0.694209
0.73139
0.768517
0.79903
0.824328
3.00001
3
3
2.99999
2.99996
2.99992
2.99976
2.99952
2.99862
2.99732
2.99236
2.98481
2.95807
2.90714
2.76678
2.45449
1.80496
0.968419
0.606556
0.588797
0.633375
0.687036
0.741184
0.781852
0.812058
3.00001
3.00001
3
2.99999
2.99998
2.99992
2.99984
2.99955
2.99912
2.99753
2.99507
2.98642
2.96981
2.92063
2.80354
2.54524
1.92816
1.09299
0.581807
0.500868
0.551996
0.623441
0.695433
0.746703
0.78208
3.00001
3.00001
3
2.99999
2.99998
2.99993
2.99986
2.9996
2.99924
2.9978
2.99572
2.98828
2.97438
2.93303
2.83284
2.60824
2.03605
1.22535
0.58547
0.406741
0.467473
0.564343
0.651549
0.706719
0.7426
3.00001
3.00001
3
3
2.99998
2.99994
2.99988
2.99964
2.9993
2.99794
2.99612
2.9887
2.97756
2.93946
2.85774
2.6616
2.17563
1.40589
0.605842
0.339086
0.417339
0.534625
0.623451
0.673757
0.705458
3.00001
3.00001
3
3
2.99999
2.99995
2.99989
2.99967
2.99937
2.99813
2.99648
2.9895
2.97996
2.94287
2.87829
2.69449
2.29025
1.53669
0.615672
0.279116
0.381698
0.506593
0.591119
0.636079
0.66401
3.00001
3.00001
3
3
2.99999
2.99996
2.99991
2.99973
2.99946
2.99841
2.99694
2.99108
2.98209
2.95039
2.88663
2.71827
2.33252
1.59409
0.644458
0.261795
0.364216
0.476329
0.556737
0.598707
0.62423
3.00001
3.00001
3
3
2.99999
2.99998
2.99992
2.99983
2.9995
2.99899
2.99704
2.99385
2.98237
2.96031
2.89293
2.7397
2.38877
1.68368
0.758939
0.304806
0.368771
0.454326
0.533157
0.574741
0.597622
3.00001
3.00001
3.00001
3
3
2.99998
2.99995
2.99983
2.99965
2.99899
2.99778
2.99372
2.98532
2.95958
2.89988
2.75067
2.39469
1.70839
0.757829
0.312747
0.345625
0.424613
0.504255
0.54916
0.573187
3.00001
3.00001
3.00001
3
3
2.99998
2.99996
2.99987
2.9997
2.99917
2.99801
2.99459
2.98647
2.96345
2.90631
2.76672
2.42316
1.76439
0.811449
0.343808
0.331703
0.399766
0.478506
0.529132
0.55665
3.00001
3.00001
3.00001
3
3
2.99999
2.99997
2.99991
2.99978
2.99936
2.99849
2.99565
2.98916
2.96922
2.92059
2.78509
2.49811
1.82007
0.926307
0.384941
0.323644
0.376536
0.457551
0.516174
0.54715
3.00001
3.00001
3.00001
3
3
2.99999
2.99997
2.99993
2.99979
2.99949
2.99852
2.99644
2.98937
2.97297
2.92236
2.80719
2.49223
1.90235
0.969365
0.416145
0.296596
0.350103
0.445513
0.515494
0.548301
3.00001
3.00001
3.00001
3.00001
3
2.99999
2.99998
2.99993
2.99984
2.99953
2.99903
2.99672
2.99267
2.97595
2.9409
2.82298
2.58672
1.94391
1.08947
0.447479
0.255793
0.314338
0.434719
0.515488
0.547942
3.00001
3.00001
3.00001
3
3
2.99999
2.99998
2.99993
2.99982
2.9996
2.99884
2.99737
2.99176
2.97935
2.93936
2.84407
2.58979
2.08435
1.2233
0.507812
0.237204
0.313654
0.450533
0.532971
0.560651
3.00001
3.00001
3.00001
3
3
2.99999
2.99997
2.99993
2.99981
2.99954
2.9989
2.99711
2.99309
2.98046
2.95105
2.86225
2.6693
2.16027
1.37469
0.511011
0.18494
0.289645
0.446803
0.530385
0.556978
3.00001
3.00001
3.00001
3
3
2.99999
2.99996
2.99988
2.99977
2.99931
2.99867
2.9961
2.99225
2.97831
2.95161
2.87217
2.68831
2.28737
1.53467
0.589622
0.183087
0.298615
0.44492
0.530824
0.56254
3.00001
3.00001
3.00001
3
3
2.99998
2.99996
2.99987
2.99975
2.99925
2.9986
2.99578
2.99217
2.97683
2.95405
2.87422
2.71514
2.33155
1.59926
0.652314
0.193366
0.30163
0.431554
0.525621
0.565962
3.00001
3.00001
3.00001
3
3
2.99998
2.99996
2.99987
2.99975
2.99926
2.99862
2.99585
2.99234
2.97731
2.95573
2.87761
2.7293
2.35377
1.64245
0.703803
0.208908
0.295612
0.414115
0.514465
0.561149
3.00001
3.00001
3.00001
3
3
2.99998
2.99996
2.99988
2.99976
2.99928
2.99866
2.99598
2.99258
2.97795
2.95706
2.88085
2.73656
2.37052
1.66654
0.736774
0.225774
0.293328
0.402941
0.504849
0.554933
3.00001
3.00001
3.00001
3
3
2.99999
2.99997
2.99989
2.99978
2.99935
2.99877
2.99635
2.99305
2.98
2.95865
2.8869
2.73631
2.37758
1.67275
0.743481
0.241991
0.296334
0.398377
0.497437
0.548052
3.00001
3.00001
3.00001
3
3
2.99999
2.99997
2.99993
2.9998
2.99957
2.99894
2.99747
2.99393
2.98414
2.96077
2.89352
2.74437
2.34689
1.64389
0.672282
0.20166
0.258016
0.363477
0.460877
0.511927
3.00001
3.00001
3.00001
3
3
2.99999
2.99997
2.9999
2.99979
2.99938
2.99882
2.99649
2.99327
2.98059
2.95956
2.88896
2.73943
2.38495
1.6838
0.761172
0.260316
0.301324
0.394756
0.489723
0.539636
1.03582
1.05494
0.774515
0.308027
0.210414
0.250647
0.336975
0.39258
0.42328
0.44551
0.468257
0.491602
0.512794
0.527992
0.534488
0.535397
0.533578
0.531082
0.527358
0.521103
0.511319
0.498083
0.48203
0.463898
0.444083
0.422913
0.400716
0.377578
0.353726
0.329322
0.304585
0.279776
0.254606
0.228751
0.202384
0.175658
0.14935
0.123134
0.0971275
0.0715492
0.0463875
0.0242633
0.0201078
0.0427322
0.0649108
0.0859524
0.108344
0.131286
0.15394
0.175798
0.196692
0.218288
0.240867
0.263032
0.28461
0.305673
0.326455
0.346963
0.367248
0.387181
0.406948
0.426441
0.445717
0.464758
0.483584
0.502248
0.520692
0.538905
0.55703
0.574928
0.59265
0.610384
0.627714
0.645238
0.662312
0.67957
0.696365
0.71338
0.729826
0.746556
0.762672
0.779069
0.794815
0.810917
0.826172
0.841984
0.856731
0.872113
0.88637
0.901072
0.914784
0.928537
0.941438
0.953941
0.965328
0.975963
0.98467
0.992102
0.996292
1.00166
1.06047
1.03654
0.852637
0.565119
0.435811
0.314941
0.20582
0.115777
0.0454914
0.107023
0.160723
0.203871
0.237878
0.257821
0.260931
0.254819
0.248604
0.246259
0.242345
0.235572
0.22494
0.211666
0.196235
0.178937
0.160432
0.140729
0.120158
0.0989508
0.0773869
0.0562224
0.0375004
0.0290451
0.0403611
0.0592422
0.0789076
0.0984624
0.119484
0.141088
0.162505
0.184171
0.205645
0.226993
0.247858
0.26795
0.287495
0.306896
0.32662
0.346289
0.365952
0.384999
0.403428
0.421842
0.441153
0.460618
0.479394
0.497875
0.515904
0.534009
0.551546
0.569333
0.586429
0.603831
0.620552
0.637545
0.653909
0.670593
0.686555
0.703016
0.718605
0.734803
0.750124
0.766088
0.781228
0.797059
0.812031
0.827683
0.842449
0.857805
0.872343
0.887374
0.901629
0.916336
0.930265
0.944673
0.958238
0.972287
0.985521
0.999104
1.01211
1.02501
1.03767
1.04966
1.06162
1.07239
1.08298
1.09189
1.10004
1.10581
1.10962
1.11329
1.04276
1.03996
0.96881
0.859917
0.77847
0.691685
0.604476
0.522175
0.44307
0.362444
0.297237
0.2447
0.203015
0.168011
0.140246
0.121599
0.100082
0.0805634
0.0852776
0.100994
0.112395
0.123008
0.136214
0.150713
0.166263
0.182541
0.199506
0.216918
0.234844
0.253111
0.271645
0.290395
0.308728
0.32663
0.344172
0.361447
0.37906
0.396355
0.413698
0.430904
0.447864
0.464771
0.481186
0.497252
0.512842
0.528398
0.543884
0.55955
0.575094
0.590448
0.604964
0.619553
0.63472
0.650524
0.665861
0.680904
0.695722
0.71046
0.725195
0.739828
0.754496
0.768927
0.783459
0.797706
0.812137
0.826232
0.840509
0.854381
0.868506
0.882252
0.896352
0.910094
0.924122
0.937728
0.951582
0.964972
0.97871
0.9919
1.00554
1.01853
1.03203
1.04482
1.05813
1.07085
1.08401
1.09663
1.10959
1.12187
1.13456
1.14629
1.15853
1.16956
1.18095
1.19098
1.20098
1.2092
1.21688
1.22204
1.22533
1.22848
1.03451
1.06035
1.04746
1.01007
0.969912
0.925218
0.871821
0.810377
0.748175
0.687627
0.634652
0.59099
0.554435
0.524978
0.500803
0.482571
0.471031
0.46256
0.460459
0.461666
0.463786
0.467185
0.4726
0.480314
0.489468
0.49977
0.510485
0.521924
0.534071
0.5469
0.560027
0.573261
0.586167
0.598822
0.610888
0.622942
0.634679
0.646516
0.6582
0.669881
0.681374
0.692834
0.703917
0.714916
0.725612
0.736304
0.747075
0.757951
0.769064
0.779931
0.790448
0.800699
0.811746
0.8233
0.83516
0.846516
0.857953
0.869144
0.880519
0.891759
0.90317
0.914536
0.925996
0.937506
0.948974
0.960592
0.972056
0.983733
0.995211
1.0069
1.01839
1.03008
1.04164
1.05337
1.06505
1.07685
1.0886
1.10046
1.1122
1.12415
1.13598
1.14825
1.16018
1.17248
1.18429
1.19644
1.20815
1.21995
1.23151
1.24279
1.25399
1.26458
1.27497
1.28457
1.29355
1.30147
1.30805
1.31306
1.31529
1.31868
1.02575
1.06617
1.08241
1.07953
1.06658
1.04629
1.01837
0.981848
0.941122
0.901309
0.866511
0.837103
0.813837
0.795072
0.78107
0.770346
0.763615
0.760239
0.760301
0.763477
0.767438
0.770151
0.771798
0.774218
0.777634
0.781518
0.785923
0.790931
0.796377
0.801949
0.807581
0.813176
0.818616
0.823895
0.829025
0.834189
0.839393
0.844858
0.850403
0.856255
0.862146
0.868278
0.874329
0.880545
0.886683
0.893055
0.899561
0.906443
0.913657
0.920988
0.928064
0.935201
0.942834
0.951466
0.960466
0.969637
0.97857
0.987839
0.996931
1.00653
1.01592
1.02585
1.03551
1.04567
1.05552
1.06588
1.07591
1.08645
1.09669
1.10736
1.1178
1.12858
1.13922
1.1501
1.16089
1.17188
1.18276
1.19396
1.20506
1.21651
1.22755
1.23885
1.24973
1.26082
1.27164
1.28246
1.29332
1.3038
1.31469
1.32477
1.33543
1.34496
1.3549
1.3635
1.37205
1.37883
1.3849
1.3885
1.39019
1.39275
1.01297
1.05777
1.08742
1.10183
1.10598
1.10154
1.08942
1.07054
1.04806
1.02555
1.00609
0.991483
0.981438
0.975338
0.97223
0.970969
0.971412
0.972871
0.974169
0.97612
0.979432
0.98188
0.98296
0.982143
0.98165
0.981448
0.981439
0.981463
0.981461
0.981404
0.981418
0.981455
0.981514
0.981653
0.981916
0.982379
0.983163
0.984282
0.985731
0.987572
0.989814
0.992353
0.995222
0.998205
1.0016
1.00506
1.00905
1.01322
1.01811
1.02299
1.02795
1.03283
1.03835
1.04467
1.05176
1.05906
1.06647
1.07403
1.08174
1.08973
1.09788
1.10635
1.11492
1.12382
1.1327
1.14194
1.15111
1.16064
1.17009
1.17985
1.1896
1.19955
1.20954
1.21965
1.22984
1.2402
1.25071
1.26135
1.27191
1.28262
1.2932
1.30399
1.31461
1.32536
1.33601
1.34656
1.35719
1.36735
1.37782
1.38745
1.39747
1.40641
1.41551
1.42345
1.43092
1.43705
1.44173
1.44454
1.44525
1.44817
0.995983
1.04029
1.07336
1.09606
1.10942
1.11513
1.1144
1.10851
1.09943
1.09091
1.08387
1.08088
1.08091
1.08411
1.08871
1.09444
1.09979
1.10505
1.1087
1.11171
1.11419
1.11738
1.11948
1.1197
1.11784
1.11565
1.11345
1.11108
1.10871
1.10617
1.10375
1.1013
1.09897
1.09677
1.09462
1.0928
1.091
1.0897
1.08851
1.08789
1.08748
1.08764
1.0881
1.08898
1.09021
1.09181
1.09389
1.09639
1.09957
1.10303
1.10655
1.11017
1.11431
1.11926
1.125
1.13115
1.13756
1.14419
1.15103
1.15814
1.16551
1.17317
1.18106
1.1892
1.19753
1.20606
1.2148
1.22366
1.2328
1.24192
1.25139
1.26071
1.27045
1.27998
1.29004
1.2998
1.3099
1.31972
1.3298
1.33973
1.34983
1.35982
1.36998
1.37995
1.39017
1.4
1.41022
1.4198
1.42981
1.43901
1.44845
1.45702
1.46547
1.47288
1.47952
1.48475
1.48841
1.48989
1.48992
1.49313
0.976821
1.01593
1.04835
1.07229
1.08981
1.10112
1.10852
1.11222
1.1141
1.11622
1.11978
1.12565
1.13383
1.14357
1.15439
1.16499
1.17515
1.18377
1.19084
1.19589
1.19972
1.20238
1.2051
1.20684
1.20661
1.2044
1.20145
1.19824
1.19463
1.19101
1.18715
1.18332
1.17937
1.17547
1.17159
1.1679
1.16435
1.16124
1.15836
1.15612
1.1542
1.1529
1.15195
1.15155
1.15151
1.15198
1.15288
1.15427
1.1563
1.15881
1.16135
1.16412
1.16732
1.17136
1.17613
1.18151
1.18727
1.19341
1.19977
1.2064
1.21325
1.22038
1.22778
1.23542
1.24336
1.25144
1.25988
1.26832
1.27723
1.28599
1.29529
1.30432
1.31398
1.32332
1.3331
1.34257
1.35242
1.36209
1.37201
1.38184
1.39184
1.40176
1.41184
1.42177
1.43187
1.44169
1.45168
1.46126
1.47092
1.48001
1.48901
1.49725
1.50514
1.51187
1.51771
1.52182
1.52416
1.52463
1.52415
1.52746
0.95485
0.987551
1.01634
1.0399
1.05874
1.07385
1.08579
1.09662
1.10693
1.11764
1.12921
1.14195
1.15588
1.1705
1.18525
1.19952
1.21266
1.2243
1.2339
1.24146
1.24714
1.25128
1.25421
1.25657
1.25823
1.25846
1.25682
1.25396
1.25049
1.24662
1.24245
1.23819
1.23377
1.22926
1.22469
1.22023
1.21588
1.21177
1.20793
1.20455
1.20156
1.19915
1.19723
1.19585
1.19498
1.19456
1.19468
1.19533
1.19655
1.19835
1.20016
1.20231
1.20471
1.20805
1.21191
1.21661
1.22161
1.22722
1.23295
1.23918
1.24549
1.25233
1.25924
1.26668
1.27417
1.28212
1.29016
1.29854
1.30708
1.31583
1.32483
1.33393
1.34324
1.35246
1.36194
1.37132
1.38093
1.39048
1.40019
1.40989
1.41967
1.42948
1.43931
1.44911
1.45899
1.46864
1.47845
1.48784
1.49726
1.50619
1.51473
1.52279
1.52981
1.536
1.54049
1.54343
1.54411
1.54397
1.5428
1.54591
0.929494
0.955979
0.980643
1.00316
1.02316
1.04146
1.05839
1.07468
1.09076
1.10695
1.12374
1.14109
1.1586
1.17614
1.19323
1.20959
1.22473
1.23842
1.25031
1.2602
1.26821
1.27456
1.27948
1.28315
1.28579
1.28772
1.28883
1.2883
1.28614
1.28314
1.27958
1.27561
1.27145
1.267
1.26243
1.25775
1.2532
1.24865
1.24448
1.24046
1.23706
1.23398
1.23157
1.22959
1.22817
1.22723
1.22681
1.22692
1.2277
1.22894
1.23047
1.23215
1.23429
1.23717
1.24075
1.24496
1.24969
1.25493
1.26056
1.26654
1.27285
1.27943
1.28635
1.29349
1.30099
1.30864
1.3167
1.32478
1.33336
1.34184
1.35089
1.35966
1.36897
1.378
1.38749
1.39678
1.40637
1.41591
1.42558
1.43526
1.44503
1.45473
1.46457
1.47423
1.48394
1.49355
1.50287
1.51224
1.52101
1.52965
1.53759
1.54494
1.55125
1.55622
1.55962
1.56079
1.56074
1.56032
1.55814
1.5606
0.903377
0.924761
0.946213
0.967689
0.988744
1.00955
1.0301
1.05048
1.07064
1.0907
1.1105
1.13009
1.14938
1.16832
1.18659
1.2041
1.22048
1.23561
1.24925
1.26122
1.27148
1.2801
1.28729
1.29311
1.29781
1.3013
1.30376
1.30523
1.30598
1.30524
1.30312
1.30011
1.29672
1.29305
1.28894
1.28469
1.28016
1.27587
1.27147
1.26748
1.26376
1.26039
1.25767
1.2552
1.25353
1.25215
1.25154
1.25128
1.25185
1.25296
1.25434
1.25591
1.2578
1.26042
1.26365
1.26754
1.27192
1.2769
1.28228
1.28811
1.29424
1.30067
1.30742
1.31439
1.32175
1.32926
1.33721
1.34519
1.35367
1.36207
1.37088
1.37954
1.38862
1.39753
1.40684
1.41598
1.42544
1.43485
1.44438
1.454
1.46354
1.47327
1.48282
1.49245
1.50197
1.51129
1.52056
1.52932
1.53793
1.54581
1.55327
1.55961
1.56477
1.56841
1.56992
1.57007
1.56959
1.56798
1.5635
1.56466
0.879816
0.898118
0.918055
0.939173
0.960996
0.983166
1.00547
1.02772
1.04974
1.07143
1.09264
1.11337
1.13345
1.15297
1.17171
1.18973
1.20679
1.22293
1.23782
1.25157
1.26376
1.27457
1.28392
1.292
1.29877
1.30444
1.30896
1.31246
1.31478
1.31611
1.31672
1.31603
1.31407
1.31138
1.3086
1.30517
1.30127
1.29742
1.29332
1.28972
1.28592
1.28282
1.2798
1.27738
1.27545
1.27395
1.27314
1.27269
1.27307
1.27402
1.27531
1.27673
1.27847
1.28083
1.28382
1.28743
1.29151
1.29622
1.30135
1.30698
1.31291
1.31921
1.32581
1.33267
1.3399
1.34726
1.35512
1.36298
1.37137
1.37961
1.3883
1.39694
1.40582
1.41482
1.42386
1.43308
1.44231
1.45166
1.46109
1.47048
1.48004
1.48942
1.49895
1.5083
1.5176
1.52679
1.53559
1.54424
1.55218
1.5598
1.56629
1.57182
1.57571
1.57775
1.5781
1.57782
1.57645
1.57301
1.56611
1.56466
0.860308
0.877567
0.897042
0.918103
0.940188
0.962802
0.985553
1.00816
1.03038
1.05217
1.07339
1.09411
1.11422
1.13382
1.15277
1.17112
1.18873
1.20557
1.22151
1.23646
1.25032
1.26294
1.27434
1.28452
1.29347
1.3013
1.30795
1.3135
1.31792
1.32125
1.3234
1.32475
1.32534
1.3249
1.32354
1.32168
1.31903
1.31596
1.31263
1.30954
1.30621
1.30345
1.30052
1.29832
1.29618
1.29476
1.29367
1.29318
1.29332
1.29416
1.29544
1.29682
1.2985
1.30065
1.30348
1.30685
1.31077
1.3152
1.32017
1.32557
1.33144
1.33763
1.34418
1.351
1.35813
1.36553
1.3732
1.38109
1.38916
1.39738
1.40579
1.41427
1.42298
1.4317
1.44063
1.4496
1.45866
1.46782
1.47695
1.48624
1.49539
1.50469
1.51376
1.52289
1.53176
1.54042
1.5488
1.55658
1.56401
1.5704
1.57589
1.57976
1.58189
1.58232
1.58207
1.58073
1.57745
1.57135
1.56254
1.56031
0.84812
0.865164
0.884495
0.90518
0.926725
0.948571
0.970445
0.99212
1.01344
1.03437
1.0548
1.07485
1.09441
1.11363
1.13236
1.15073
1.16857
1.18589
1.20258
1.21852
1.23371
1.24786
1.261
1.27301
1.28397
1.29376
1.30255
1.31017
1.31681
1.32231
1.32675
1.3301
1.33238
1.3338
1.33462
1.33472
1.33389
1.33246
1.33028
1.32801
1.32541
1.3231
1.32057
1.31857
1.31653
1.31516
1.31395
1.31345
1.31336
1.31408
1.31529
1.31675
1.31838
1.32047
1.32313
1.32646
1.33019
1.33454
1.33926
1.34454
1.3502
1.35626
1.36272
1.36935
1.37643
1.38359
1.39119
1.39884
1.40674
1.41483
1.42298
1.43142
1.43983
1.44845
1.45714
1.46586
1.47478
1.48357
1.49263
1.50149
1.51052
1.51938
1.52821
1.53688
1.54527
1.55343
1.56096
1.56819
1.57444
1.57988
1.58372
1.58598
1.58649
1.58627
1.58508
1.58171
1.57583
1.568
1.55924
1.55736
0.842456
0.860102
0.879352
0.899418
0.919922
0.940484
0.960902
0.981051
1.00089
1.02044
1.03969
1.0587
1.07746
1.09603
1.11439
1.1325
1.15039
1.16788
1.18504
1.20161
1.21773
1.23302
1.24755
1.26108
1.27369
1.28526
1.29581
1.30532
1.31382
1.32123
1.32775
1.33314
1.33767
1.34113
1.34378
1.34548
1.34689
1.34757
1.34737
1.34644
1.34502
1.34352
1.34172
1.34018
1.33856
1.33744
1.33643
1.33601
1.33592
1.33652
1.3377
1.33923
1.34088
1.34283
1.34535
1.34842
1.35207
1.35611
1.36069
1.36569
1.37111
1.37701
1.38315
1.38975
1.39651
1.40364
1.41096
1.41841
1.42614
1.4339
1.44195
1.45003
1.45828
1.46666
1.47501
1.48361
1.49204
1.50073
1.50924
1.51791
1.52645
1.53494
1.54333
1.55139
1.55929
1.56654
1.57346
1.57951
1.58474
1.58847
1.59061
1.59108
1.59081
1.58953
1.5864
1.58014
1.57216
1.56469
1.55727
1.55637
0.841629
0.859855
0.878646
0.897723
0.916686
0.935607
0.954204
0.972711
0.990926
1.0091
1.02711
1.04515
1.06313
1.08114
1.09912
1.11703
1.13486
1.15248
1.16988
1.18693
1.20358
1.21974
1.23521
1.24997
1.26383
1.27691
1.28895
1.30028
1.31046
1.32003
1.32838
1.33607
1.3426
1.34841
1.3531
1.35705
1.36003
1.36236
1.36415
1.3654
1.36577
1.36539
1.3646
1.36374
1.36264
1.36185
1.36101
1.36064
1.36042
1.36085
1.36176
1.36318
1.36468
1.36652
1.36861
1.37146
1.37475
1.3786
1.3829
1.38761
1.39284
1.39838
1.40444
1.41075
1.41742
1.42429
1.4313
1.43857
1.44592
1.45354
1.46124
1.46912
1.47714
1.48518
1.49344
1.50159
1.50997
1.51818
1.52653
1.53472
1.54288
1.55094
1.55867
1.56629
1.57322
1.57982
1.58561
1.5906
1.59417
1.59613
1.59652
1.59616
1.59481
1.59128
1.58544
1.57717
1.56921
1.5632
1.55752
1.55792
0.844878
0.863493
0.881787
0.899661
0.91707
0.934204
0.951092
0.967896
0.984644
1.00152
1.01845
1.0356
1.05283
1.07029
1.08779
1.10541
1.12299
1.14053
1.15793
1.17515
1.1921
1.20873
1.22489
1.24049
1.25545
1.26971
1.28323
1.29598
1.30788
1.31905
1.32924
1.33868
1.34716
1.35485
1.36154
1.36746
1.37234
1.3765
1.37994
1.38274
1.38469
1.38619
1.38686
1.38689
1.38656
1.38613
1.38551
1.38518
1.38491
1.38518
1.3858
1.38693
1.38845
1.38997
1.39192
1.39426
1.3973
1.40083
1.40485
1.40935
1.41425
1.41961
1.4254
1.43151
1.43801
1.44461
1.45149
1.45846
1.46565
1.47298
1.48047
1.48814
1.49587
1.50378
1.51167
1.51973
1.52771
1.53576
1.54373
1.55156
1.55933
1.56672
1.574
1.5806
1.58682
1.59228
1.59693
1.60029
1.60201
1.60227
1.60177
1.60027
1.59656
1.59037
1.58199
1.57425
1.56727
1.56339
1.55949
1.56085
0.846552
0.86591
0.883973
0.90106
0.917373
0.933304
0.948958
0.964714
0.980486
0.996562
1.01282
1.02942
1.04624
1.06333
1.08057
1.09794
1.11536
1.1328
1.15017
1.16743
1.18451
1.20139
1.21795
1.2341
1.24977
1.26488
1.27938
1.29323
1.30638
1.31883
1.3305
1.34154
1.35164
1.36106
1.36957
1.3773
1.38409
1.39001
1.39504
1.39957
1.40319
1.40586
1.40773
1.40926
1.41007
1.41028
1.41015
1.40994
1.40968
1.40974
1.41008
1.41088
1.41208
1.41354
1.41509
1.41706
1.41958
1.42273
1.42636
1.43054
1.4351
1.44021
1.44567
1.45164
1.45782
1.46425
1.4709
1.4777
1.48475
1.4919
1.49927
1.50671
1.51433
1.52199
1.52975
1.53753
1.54528
1.55304
1.5606
1.56815
1.57528
1.58226
1.58859
1.59441
1.59955
1.60378
1.60689
1.60822
1.60831
1.60763
1.60579
1.60202
1.59505
1.58704
1.57855
1.57229
1.56726
1.56526
1.56298
1.56512
0.846336
0.865903
0.883595
0.900107
0.915818
0.931224
0.946493
0.961841
0.977374
0.993144
1.0092
1.0255
1.04208
1.05887
1.07588
1.09302
1.11025
1.12754
1.1448
1.16202
1.17915
1.19611
1.21288
1.22932
1.24543
1.26109
1.27629
1.29097
1.30509
1.31862
1.3315
1.34373
1.3552
1.36601
1.37601
1.38525
1.39369
1.40123
1.40785
1.41367
1.41886
1.42314
1.42636
1.42875
1.43045
1.43176
1.43251
1.43278
1.43275
1.43277
1.4329
1.43338
1.43428
1.43551
1.43686
1.4384
1.44045
1.44309
1.4464
1.45012
1.45441
1.45915
1.46434
1.47002
1.47589
1.48216
1.4885
1.4952
1.50197
1.50902
1.51619
1.52347
1.53093
1.53837
1.54595
1.55345
1.56098
1.56834
1.5756
1.58257
1.58924
1.59544
1.60096
1.60588
1.60989
1.61281
1.61396
1.61392
1.61309
1.61123
1.60675
1.60026
1.59126
1.58336
1.57631
1.57195
1.56903
1.56843
1.56757
1.57051
0.836152
0.856661
0.875002
0.892131
0.90857
0.92461
0.9406
0.956596
0.972742
0.988969
1.00539
1.0219
1.03862
1.05541
1.07237
1.0894
1.10654
1.12368
1.14088
1.158
1.17513
1.19209
1.20898
1.22557
1.24196
1.25796
1.27363
1.28887
1.30363
1.31792
1.33164
1.34485
1.35745
1.36949
1.38082
1.39142
1.40126
1.41017
1.41826
1.42534
1.4317
1.43748
1.44223
1.44594
1.44881
1.45095
1.45244
1.4535
1.45425
1.45459
1.45474
1.45501
1.45555
1.45645
1.45757
1.45886
1.46039
1.46263
1.46548
1.46891
1.47289
1.47724
1.48229
1.4875
1.49332
1.49918
1.50554
1.51199
1.51877
1.52571
1.53276
1.54002
1.54722
1.5546
1.56189
1.56914
1.57636
1.58327
1.59014
1.59641
1.6025
1.60762
1.61229
1.61588
1.61859
1.61931
1.61909
1.61812
1.61592
1.61144
1.60398
1.59546
1.58696
1.58027
1.57535
1.57293
1.57185
1.57229
1.57264
1.57596
0.809271
0.832411
0.853412
0.873096
0.892062
0.910421
0.92834
0.945889
0.963294
0.980565
0.997817
1.015
1.03221
1.04939
1.06664
1.08387
1.10117
1.11843
1.13572
1.15295
1.17014
1.18725
1.20425
1.22107
1.23766
1.25396
1.26995
1.28559
1.30083
1.31568
1.33005
1.34398
1.35737
1.37021
1.38247
1.39407
1.40501
1.41521
1.42466
1.43318
1.44074
1.44754
1.45369
1.45879
1.4628
1.46595
1.46837
1.4701
1.47128
1.47197
1.47253
1.47282
1.47306
1.47355
1.47432
1.47519
1.47636
1.47798
1.48027
1.48338
1.48684
1.49107
1.49555
1.50078
1.50615
1.51212
1.51824
1.5248
1.53157
1.53855
1.54581
1.55303
1.5605
1.56786
1.5752
1.58256
1.58946
1.59647
1.6027
1.60878
1.6139
1.61838
1.62189
1.62441
1.625
1.62463
1.62349
1.62116
1.61596
1.60819
1.59936
1.59101
1.58405
1.57914
1.57653
1.57546
1.57615
1.57707
1.57794
1.58145
0.770738
0.795992
0.820091
0.843286
0.865442
0.886741
0.907537
0.927657
0.947193
0.966253
0.98494
1.00331
1.02144
1.03937
1.05718
1.07487
1.0925
1.11004
1.12754
1.14494
1.16229
1.17952
1.19665
1.21364
1.23037
1.24685
1.26304
1.27896
1.29453
1.30978
1.32462
1.33906
1.35305
1.36656
1.37955
1.39198
1.40375
1.41489
1.42521
1.4348
1.44351
1.45128
1.45843
1.46488
1.47029
1.47467
1.47807
1.4806
1.48235
1.48346
1.4841
1.48441
1.48457
1.48479
1.48515
1.48567
1.48643
1.48757
1.48935
1.49183
1.49494
1.4986
1.50283
1.50757
1.51283
1.51849
1.52462
1.53105
1.53786
1.5449
1.55218
1.55965
1.56717
1.57477
1.58226
1.58966
1.59676
1.60353
1.60978
1.61528
1.61998
1.62363
1.62641
1.62731
1.62722
1.6264
1.62399
1.61864
1.6106
1.60212
1.59396
1.58732
1.58234
1.57992
1.57884
1.57966
1.5808
1.58239
1.58392
1.58753
0.731908
0.757345
0.782577
0.807311
0.831393
0.854603
0.876997
0.898828
0.920175
0.941047
0.961399
0.981359
1.00093
1.02015
1.0391
1.05774
1.07616
1.09435
1.11236
1.13023
1.14793
1.16555
1.18298
1.20032
1.21741
1.23424
1.25078
1.26703
1.28297
1.29858
1.31383
1.32872
1.34321
1.35725
1.37088
1.38393
1.39651
1.40841
1.4197
1.43025
1.44003
1.44892
1.45694
1.4642
1.47068
1.47601
1.48036
1.48373
1.48624
1.48795
1.48905
1.48962
1.48991
1.49006
1.4902
1.49053
1.49106
1.4919
1.49326
1.49517
1.49781
1.50103
1.50487
1.50929
1.51424
1.51975
1.52569
1.53209
1.5388
1.54585
1.55311
1.56059
1.56812
1.5757
1.58321
1.5905
1.59753
1.60402
1.60992
1.61483
1.61886
1.62167
1.62315
1.62341
1.62281
1.62026
1.61488
1.60729
1.59913
1.59148
1.58516
1.58046
1.57813
1.57718
1.57809
1.57941
1.58108
1.58363
1.58587
1.5896
0.688658
0.71366
0.739217
0.764803
0.790069
0.814796
0.838804
0.862196
0.884918
0.907055
0.928643
0.949717
0.970342
0.990472
1.01029
1.02975
1.04902
1.06801
1.08681
1.1054
1.12379
1.14204
1.16011
1.17801
1.19575
1.21315
1.23025
1.24704
1.2635
1.27969
1.29543
1.31093
1.32593
1.34059
1.3548
1.36848
1.38173
1.39433
1.40638
1.41775
1.42835
1.43821
1.44714
1.45525
1.46264
1.46917
1.47454
1.47895
1.4824
1.48494
1.48673
1.48789
1.48858
1.48896
1.48924
1.48954
1.49002
1.49072
1.49186
1.4934
1.49562
1.49839
1.50184
1.50586
1.51047
1.51568
1.52138
1.52757
1.53412
1.54106
1.54828
1.55572
1.56331
1.57086
1.57846
1.58562
1.59254
1.59866
1.60394
1.60823
1.61122
1.6131
1.61385
1.6135
1.61077
1.60528
1.59793
1.59015
1.58296
1.57708
1.57264
1.57047
1.56964
1.57071
1.57205
1.57398
1.57641
1.58022
1.58311
1.58691
0.646746
0.670017
0.694182
0.718894
0.743703
0.768449
0.792971
0.817188
0.841077
0.864589
0.887667
0.910228
0.932423
0.954174
0.97555
0.996373
1.01688
1.03691
1.05676
1.07615
1.09541
1.11423
1.13293
1.15119
1.16943
1.18715
1.20478
1.22188
1.23881
1.2553
1.27144
1.28723
1.30258
1.31756
1.33213
1.34621
1.35994
1.37305
1.38572
1.39777
1.40914
1.41987
1.42979
1.43887
1.4472
1.45481
1.46149
1.46722
1.47193
1.47578
1.4788
1.48106
1.4827
1.48384
1.48464
1.48528
1.48591
1.48666
1.48764
1.48904
1.49083
1.49331
1.49629
1.50004
1.50413
1.50907
1.51423
1.52021
1.52623
1.53299
1.53964
1.54689
1.55396
1.5612
1.56818
1.57481
1.58101
1.58636
1.59082
1.594
1.59631
1.59747
1.59732
1.59433
1.5887
1.58175
1.57439
1.56756
1.56196
1.55786
1.55577
1.55524
1.5564
1.5582
1.56015
1.5629
1.56647
1.57088
1.57425
1.57811
0.616293
0.635643
0.656541
0.678648
0.701629
0.725099
0.748845
0.772653
0.796414
0.820053
0.843505
0.86674
0.889581
0.912089
0.934182
0.955949
0.977377
0.998367
1.01907
1.03933
1.0593
1.07892
1.09825
1.11738
1.13616
1.15479
1.17295
1.19081
1.20817
1.22528
1.24187
1.25824
1.27411
1.28971
1.30482
1.31953
1.33376
1.34743
1.36066
1.37324
1.38535
1.3968
1.40763
1.41776
1.42717
1.43586
1.444
1.45125
1.45754
1.46303
1.46756
1.47128
1.47413
1.47621
1.47774
1.47882
1.47955
1.4801
1.48072
1.48159
1.48284
1.48467
1.48725
1.49058
1.49471
1.49936
1.50468
1.51037
1.5166
1.52309
1.52983
1.53684
1.54366
1.55062
1.55692
1.56294
1.56799
1.57216
1.57511
1.57739
1.57833
1.57769
1.57404
1.56843
1.56157
1.55443
1.54773
1.54225
1.53796
1.53576
1.53476
1.53587
1.5375
1.53951
1.54206
1.54556
1.54965
1.55432
1.55783
1.56175
0.590646
0.607839
0.626466
0.64664
0.668022
0.690241
0.712949
0.735978
0.759204
0.782474
0.805617
0.828582
0.851244
0.873656
0.895742
0.917525
0.939017
0.960111
0.98096
1.00138
1.02154
1.04136
1.06084
1.08009
1.09895
1.11766
1.13591
1.15387
1.17142
1.1887
1.2056
1.22224
1.23848
1.25436
1.26983
1.28487
1.29946
1.3137
1.32742
1.34088
1.35383
1.36641
1.37853
1.3901
1.40111
1.41147
1.42124
1.43041
1.4386
1.44591
1.4522
1.45745
1.46154
1.46473
1.46682
1.46808
1.46891
1.46929
1.46963
1.47029
1.47124
1.47267
1.47487
1.47784
1.4816
1.48596
1.49133
1.49707
1.5037
1.51036
1.51731
1.52411
1.53074
1.53714
1.54286
1.54795
1.5518
1.55503
1.55705
1.55779
1.55644
1.55232
1.54666
1.54
1.53295
1.5265
1.52104
1.51662
1.51442
1.51276
1.51358
1.51503
1.51663
1.51869
1.52142
1.52532
1.52936
1.53416
1.53745
1.54166
0.574287
0.589889
0.606714
0.625637
0.64582
0.666848
0.688228
0.709844
0.731558
0.753272
0.775053
0.796695
0.818374
0.839814
0.861266
0.882456
0.903594
0.924432
0.945131
0.9655
0.98563
1.00547
1.02496
1.04428
1.06319
1.08204
1.10047
1.11873
1.1366
1.15422
1.17147
1.1884
1.20493
1.22112
1.23692
1.25241
1.26761
1.28252
1.29726
1.31159
1.32584
1.33957
1.35306
1.36609
1.37859
1.39059
1.40193
1.41269
1.42264
1.43163
1.43951
1.44623
1.45173
1.45601
1.45893
1.46091
1.4622
1.46304
1.46387
1.46467
1.46564
1.46699
1.46891
1.4713
1.47423
1.47776
1.48157
1.48608
1.49087
1.49617
1.50176
1.50743
1.51302
1.51822
1.5229
1.52671
1.52989
1.53151
1.53158
1.52959
1.52505
1.51902
1.51183
1.50451
1.49759
1.49178
1.48737
1.48469
1.48335
1.48395
1.48574
1.48763
1.49025
1.49313
1.49712
1.50192
1.50654
1.51205
1.51559
1.5205
0.564408
0.578855
0.594829
0.612873
0.632044
0.651772
0.671777
0.692029
0.71234
0.732755
0.753056
0.773341
0.793468
0.813544
0.833483
0.853412
0.873207
0.893019
0.912643
0.932242
0.951588
0.97087
0.989879
1.00883
1.02757
1.04622
1.06478
1.08311
1.10123
1.11904
1.13658
1.15382
1.1708
1.18754
1.20406
1.22039
1.23657
1.25256
1.2684
1.28402
1.29946
1.31458
1.32943
1.34391
1.35789
1.37138
1.38427
1.39637
1.40778
1.41803
1.42717
1.43509
1.44161
1.44679
1.45089
1.45426
1.45699
1.45908
1.46089
1.46228
1.46364
1.46487
1.4666
1.46849
1.47086
1.47341
1.47639
1.47959
1.48315
1.48691
1.49069
1.49441
1.49778
1.5008
1.50326
1.50492
1.50533
1.50475
1.50161
1.49682
1.49046
1.48348
1.47578
1.4688
1.46223
1.45751
1.45385
1.45217
1.45215
1.45356
1.45602
1.45847
1.46215
1.46582
1.47126
1.47605
1.48219
1.48761
1.49213
1.49738
0.563163
0.575313
0.589895
0.606884
0.624959
0.643298
0.661739
0.680292
0.698925
0.717681
0.736356
0.754989
0.773508
0.791969
0.810438
0.82893
0.847522
0.866155
0.884916
0.903641
0.922467
0.941177
0.959922
0.978512
0.997123
1.01553
1.03404
1.05226
1.07047
1.08841
1.10627
1.12396
1.14157
1.15907
1.17656
1.19392
1.21127
1.22844
1.2455
1.26234
1.27886
1.2952
1.31102
1.32668
1.34173
1.35632
1.37024
1.38315
1.39544
1.4064
1.41619
1.42481
1.43232
1.43919
1.44525
1.45037
1.45472
1.45813
1.46089
1.463
1.46454
1.4658
1.46717
1.46853
1.47007
1.47178
1.47373
1.47602
1.47834
1.48082
1.48335
1.48551
1.48728
1.48827
1.48835
1.48713
1.485
1.48021
1.47428
1.46687
1.45878
1.45051
1.44284
1.43592
1.43077
1.42674
1.42473
1.4242
1.42508
1.42736
1.43015
1.43322
1.43709
1.44172
1.44732
1.45296
1.4591
1.4645
1.46958
1.47275
0.560156
0.570291
0.583904
0.600724
0.618415
0.636059
0.653621
0.671175
0.688717
0.706208
0.723665
0.740997
0.758298
0.775389
0.792471
0.809476
0.826622
0.843888
0.861447
0.879167
0.897209
0.915359
0.933739
0.952164
0.970716
0.989228
1.00783
1.02633
1.04484
1.06329
1.08167
1.10009
1.11845
1.13683
1.15516
1.17341
1.19151
1.20946
1.22711
1.24461
1.26177
1.27889
1.29566
1.31227
1.32834
1.3439
1.35875
1.37239
1.38522
1.39693
1.40772
1.41796
1.42734
1.43614
1.44413
1.4511
1.4572
1.4621
1.46595
1.46879
1.47059
1.47176
1.47289
1.4739
1.4747
1.47546
1.47627
1.47723
1.47822
1.4792
1.47997
1.48035
1.47992
1.47868
1.47595
1.47221
1.46655
1.45928
1.4507
1.4415
1.43195
1.42328
1.41538
1.40936
1.40463
1.40174
1.40047
1.40043
1.40203
1.40442
1.40714
1.4104
1.41435
1.41892
1.42414
1.42939
1.43467
1.43907
1.44217
1.44447
0.568099
0.574751
0.585587
0.600385
0.616699
0.633093
0.64956
0.666068
0.68249
0.698787
0.714977
0.730959
0.746867
0.762645
0.77846
0.794389
0.810539
0.827024
0.843903
0.861153
0.878821
0.896786
0.915048
0.933513
0.952115
0.970868
0.989675
1.00866
1.02762
1.04672
1.0657
1.08474
1.10366
1.12253
1.14127
1.1599
1.17827
1.19661
1.21461
1.23272
1.25054
1.26829
1.28571
1.30273
1.31919
1.33474
1.34956
1.36346
1.37681
1.38963
1.40185
1.41395
1.42507
1.43568
1.44553
1.45418
1.46185
1.46819
1.47306
1.47666
1.47885
1.47997
1.48093
1.4816
1.48178
1.48158
1.48135
1.4811
1.48076
1.48021
1.47905
1.47722
1.47428
1.46993
1.46438
1.45717
1.44853
1.43875
1.42836
1.41813
1.4085
1.39993
1.39302
1.38771
1.38412
1.38207
1.38124
1.38164
1.38352
1.38558
1.38822
1.39141
1.39522
1.39954
1.40401
1.40814
1.412
1.41535
1.4178
1.41997
0.563617
0.569569
0.579704
0.593525
0.609092
0.625233
0.6415
0.657799
0.673991
0.689954
0.705599
0.720886
0.735931
0.750899
0.765942
0.781333
0.797097
0.813401
0.830227
0.847561
0.865378
0.883574
0.902075
0.920846
0.93979
0.958956
0.978218
0.997654
1.01707
1.03656
1.05594
1.07526
1.09447
1.11347
1.13234
1.15098
1.16948
1.18798
1.20632
1.22478
1.24302
1.26114
1.27893
1.29606
1.31271
1.32846
1.34374
1.35834
1.37259
1.38656
1.39999
1.41338
1.42599
1.43819
1.44969
1.45988
1.46908
1.47685
1.48294
1.48765
1.49049
1.49191
1.49276
1.49316
1.49296
1.49178
1.49017
1.48814
1.48603
1.48353
1.48022
1.47591
1.47024
1.46343
1.45486
1.4448
1.43372
1.42188
1.41043
1.39938
1.3899
1.38179
1.37564
1.37092
1.36807
1.36625
1.36575
1.36628
1.36788
1.3698
1.37217
1.37502
1.37847
1.38212
1.38568
1.38926
1.39274
1.3963
1.39874
1.40156
0.571118
0.575896
0.583832
0.595388
0.609311
0.624214
0.639357
0.654459
0.669426
0.684217
0.698752
0.712973
0.727006
0.741157
0.755667
0.770802
0.786569
0.802983
0.820022
0.83758
0.855628
0.874093
0.892852
0.911949
0.931185
0.950643
0.970135
0.989692
1.00919
1.02858
1.04789
1.06693
1.08599
1.10471
1.12359
1.14223
1.16109
1.17984
1.19873
1.21747
1.23616
1.25438
1.27231
1.28955
1.30645
1.3227
1.33876
1.3543
1.36961
1.38465
1.39942
1.41407
1.42795
1.44162
1.45433
1.46596
1.47678
1.48583
1.49348
1.49942
1.50331
1.50534
1.50612
1.50646
1.50599
1.50397
1.50068
1.49681
1.49233
1.48714
1.48116
1.47394
1.46537
1.45559
1.4443
1.43222
1.41957
1.40705
1.39542
1.38469
1.37592
1.36857
1.36311
1.35909
1.3565
1.35488
1.35459
1.35504
1.35637
1.35798
1.35991
1.36236
1.36515
1.36822
1.37135
1.3749
1.37841
1.38229
1.38492
1.38842
0.577571
0.581663
0.587928
0.597664
0.609725
0.623009
0.63663
0.6502
0.663646
0.676944
0.690024
0.702984
0.71635
0.730538
0.745506
0.761162
0.777447
0.794204
0.811578
0.829364
0.847634
0.866259
0.885174
0.904371
0.923738
0.943222
0.962779
0.982223
1.00163
1.02076
1.03987
1.05865
1.07759
1.09627
1.11527
1.13413
1.15329
1.17234
1.19154
1.21045
1.22931
1.24767
1.2659
1.28354
1.30106
1.31798
1.33479
1.35122
1.36764
1.38376
1.39985
1.41555
1.43076
1.44568
1.45933
1.4724
1.48444
1.49463
1.50385
1.51113
1.51623
1.5192
1.52028
1.52069
1.52023
1.51776
1.51296
1.50681
1.49948
1.49076
1.48108
1.47013
1.45837
1.44562
1.43238
1.41905
1.40602
1.39388
1.38321
1.37392
1.36662
1.36068
1.35614
1.35285
1.35062
1.34931
1.34924
1.34978
1.35078
1.35195
1.35342
1.35549
1.35777
1.36025
1.363
1.36625
1.3697
1.37348
1.37624
1.37971
0.575694
0.580234
0.585821
0.594502
0.605261
0.616926
0.628893
0.641004
0.653173
0.665422
0.677859
0.690974
0.70522
0.720373
0.736222
0.75268
0.769739
0.787209
0.805065
0.823254
0.841675
0.860466
0.879375
0.898555
0.917775
0.937012
0.956218
0.975251
0.994253
1.01303
1.03187
1.05051
1.06943
1.08821
1.1074
1.12654
1.14601
1.16544
1.18497
1.20436
1.22362
1.24262
1.26132
1.27967
1.29776
1.31553
1.33324
1.35062
1.36797
1.38497
1.4018
1.41816
1.43419
1.44964
1.46419
1.47833
1.49113
1.50259
1.5134
1.52181
1.5283
1.5327
1.53425
1.53461
1.53395
1.53099
1.52468
1.51585
1.50525
1.49308
1.47997
1.46576
1.45122
1.43633
1.42165
1.40799
1.3952
1.38447
1.37502
1.36763
1.3616
1.3568
1.35312
1.35039
1.34834
1.34713
1.34685
1.34693
1.34741
1.34826
1.34952
1.35128
1.3534
1.35558
1.35799
1.36115
1.3647
1.3685
1.37131
1.37458
0.572162
0.578062
0.583946
0.591912
0.600802
0.610186
0.620211
0.63066
0.641519
0.653031
0.665851
0.680528
0.696112
0.71241
0.729268
0.746522
0.764138
0.782091
0.800348
0.818942
0.837662
0.856716
0.875764
0.894964
0.91403
0.932943
0.951698
0.970188
0.988639
1.00694
1.02541
1.04388
1.06276
1.08171
1.10115
1.12062
1.14047
1.16028
1.18026
1.20008
1.21977
1.23932
1.25847
1.27758
1.2962
1.31481
1.33304
1.35124
1.36913
1.38681
1.40423
1.42112
1.43776
1.45376
1.46909
1.48406
1.49777
1.51038
1.52223
1.53145
1.53923
1.54476
1.54637
1.54652
1.5455
1.54193
1.53425
1.52327
1.50994
1.49495
1.47875
1.46193
1.44501
1.42872
1.41328
1.39954
1.38721
1.37721
1.36892
1.36234
1.35709
1.35316
1.34993
1.34756
1.34564
1.34453
1.34414
1.34397
1.34421
1.34472
1.34568
1.34713
1.34876
1.35063
1.35321
1.35663
1.36042
1.36452
1.36759
1.37148
0.567355
0.575059
0.581782
0.589844
0.597718
0.605082
0.613524
0.623015
0.633185
0.645196
0.660139
0.676235
0.692796
0.70974
0.726972
0.744474
0.7623
0.780448
0.798921
0.817751
0.836636
0.855654
0.874483
0.893319
0.911999
0.930457
0.948742
0.966632
0.984461
1.00212
1.02004
1.03818
1.05687
1.07592
1.09555
1.11537
1.1356
1.15572
1.17605
1.19613
1.21614
1.23603
1.25553
1.27518
1.29429
1.31354
1.33237
1.35114
1.36955
1.38769
1.40537
1.42252
1.43931
1.45544
1.47108
1.48632
1.50054
1.51386
1.52657
1.53666
1.54542
1.55183
1.55363
1.55368
1.55242
1.54867
1.54033
1.52818
1.51301
1.49569
1.47705
1.45804
1.43938
1.42193
1.40586
1.39204
1.38028
1.37073
1.36351
1.35763
1.35322
1.34994
1.34727
1.34516
1.34338
1.34225
1.34148
1.34039
1.33958
1.33949
1.33996
1.34078
1.34237
1.34498
1.34829
1.35218
1.35631
1.36138
1.36501
1.37044
0.532015
0.540757
0.549066
0.559115
0.569229
0.580002
0.592556
0.606337
0.620805
0.637216
0.656044
0.675244
0.694614
0.714113
0.73366
0.75322
0.772781
0.792353
0.811952
0.83164
0.851254
0.870796
0.889874
0.908459
0.926369
0.943828
0.960796
0.977074
0.992796
1.00822
1.02398
1.04038
1.05776
1.07586
1.09474
1.11389
1.13342
1.15286
1.17245
1.19186
1.21134
1.23085
1.25022
1.26988
1.28913
1.30865
1.32769
1.34668
1.3652
1.38342
1.40109
1.41837
1.43528
1.45161
1.46774
1.48329
1.498
1.51203
1.52495
1.53554
1.54516
1.55174
1.55375
1.55374
1.552
1.54823
1.53943
1.52653
1.51014
1.49166
1.47174
1.45162
1.4322
1.41409
1.39811
1.38446
1.37329
1.36443
1.35802
1.35293
1.34938
1.347
1.345
1.34334
1.34171
1.34034
1.33882
1.33705
1.33575
1.33521
1.33588
1.33745
1.3397
1.34263
1.34659
1.35107
1.35558
1.36193
1.36573
1.37215
0.559173
0.567152
0.573865
0.580428
0.585222
0.59091
0.598662
0.607807
0.619366
0.634832
0.651901
0.669664
0.688018
0.706763
0.725716
0.744772
0.763861
0.782943
0.801993
0.821059
0.840001
0.858807
0.877118
0.894937
0.912205
0.92917
0.945929
0.962284
0.978411
0.994485
1.01108
1.02839
1.04665
1.06568
1.08537
1.10546
1.12581
1.14622
1.16678
1.18721
1.20779
1.22832
1.24877
1.26942
1.28958
1.31001
1.32978
1.34951
1.3686
1.38731
1.40537
1.42294
1.44008
1.45662
1.47291
1.48865
1.50353
1.51776
1.53102
1.54186
1.5518
1.55878
1.56091
1.5607
1.55888
1.55441
1.54539
1.53165
1.51413
1.49412
1.47278
1.45157
1.43126
1.41278
1.39663
1.383
1.37204
1.36348
1.35697
1.35188
1.34838
1.34561
1.34328
1.34114
1.33911
1.33699
1.33449
1.33187
1.32987
1.32879
1.32926
1.3309
1.3334
1.33664
1.34118
1.34622
1.35161
1.35875
1.36296
1.36979
)
;

boundaryField
{
    inlet
    {
        type            calculated;
        value           uniform 3.00001;
    }
    outlet
    {
        type            calculated;
        value           nonuniform List<scalar> 
40
(
1.00166
1.11329
1.22848
1.31868
1.39275
1.44817
1.49313
1.52746
1.54591
1.5606
1.56466
1.56466
1.56031
1.55736
1.55637
1.55792
1.56085
1.56512
1.57051
1.57596
1.58145
1.58753
1.5896
1.58691
1.57811
1.56175
1.54166
1.5205
1.49738
1.47275
1.44447
1.41997
1.40156
1.38842
1.37971
1.37458
1.37148
1.37044
1.37215
1.36979
)
;
    }
    bottom
    {
        type            symmetryPlane;
    }
    top
    {
        type            symmetryPlane;
    }
    obstacle
    {
        type            calculated;
        value           uniform 0;
    }
    defaultFaces
    {
        type            empty;
    }
}


// ************************************************************************* //
