/*--------------------------------*- C++ -*----------------------------------*\
  =========                 |
  \\      /  F ield         | OpenFOAM: The Open Source CFD Toolbox
   \\    /   O peration     | Website:  https://openfoam.org
    \\  /    A nd           | Version:  6
     \\/     M anipulation  |
\*---------------------------------------------------------------------------*/
FoamFile
{
    version     2.0;
    format      ascii;
    class       volScalarField;
    location    "7.5";
    object      T;
}
// * * * * * * * * * * * * * * * * * * * * * * * * * * * * * * * * * * * * * //

dimensions      [0 0 0 1 0 0 0];

internalField   nonuniform List<scalar> 
5250
(
1.00006
1.00014
1.00044
1.00086
1.00246
1.00477
1.01295
1.02759
1.0659
1.16932
1.39792
2.06816
2.80391
2.74502
2.80734
2.75768
2.7365
2.75541
2.76681
2.78137
2.7888
2.79365
2.79791
2.80077
2.8026
1.00006
1.00014
1.00044
1.00086
1.00245
1.00475
1.0129
1.02748
1.06568
1.16865
1.39655
2.0633
2.8033
2.745
2.80683
2.75578
2.7355
2.75431
2.76572
2.77968
2.78648
2.79117
2.79519
2.79765
2.80003
1.00006
1.00014
1.00043
1.00085
1.00243
1.00471
1.01281
1.02725
1.0652
1.16714
1.39348
2.05041
2.8024
2.74522
2.80496
2.75176
2.7332
2.75191
2.76377
2.77715
2.78423
2.78823
2.79215
2.79403
2.79468
1.00006
1.00014
1.00043
1.00084
1.0024
1.00465
1.01265
1.02688
1.06444
1.16469
1.38847
2.0287
2.80104
2.74563
2.80178
2.74657
2.72918
2.74718
2.75962
2.77123
2.77779
2.783
2.78709
2.78922
2.78966
1.00006
1.00014
1.00042
1.00083
1.00236
1.00456
1.01243
1.02636
1.06339
1.16128
1.38143
1.99875
2.79857
2.74668
2.79636
2.73974
2.72396
2.73969
2.75346
2.76504
2.77073
2.77395
2.77599
2.77756
2.77933
1.00006
1.00013
1.00041
1.00081
1.0023
1.00446
1.01215
1.0257
1.06203
1.15692
1.37232
1.96171
2.79353
2.7507
2.78315
2.73414
2.71776
2.73398
2.74175
2.75375
2.75826
2.76455
2.76692
2.76639
2.76613
1.00005
1.00013
1.0004
1.00079
1.00224
1.00432
1.01181
1.0249
1.06035
1.15162
1.36114
1.91731
2.78526
2.75539
2.76487
2.72543
2.71176
2.7273
2.73563
2.74168
2.74473
2.74518
2.74834
2.74833
2.74678
1.00005
1.00013
1.00039
1.00076
1.00216
1.00417
1.01141
1.02394
1.05844
1.14525
1.34821
1.86465
2.77006
2.76161
2.74985
2.70909
2.699
2.71404
2.72318
2.7286
2.72931
2.7305
2.72582
2.72245
2.71821
1.00005
1.00012
1.00037
1.00073
1.00207
1.00399
1.01098
1.02285
1.05616
1.13923
1.33106
1.82906
2.75722
2.75957
2.73966
2.69392
2.68582
2.69658
2.70743
2.70929
2.70637
2.69932
2.69848
2.68463
2.66674
1.00005
1.00011
1.00035
1.00069
1.00197
1.00378
1.01048
1.02162
1.05352
1.13266
1.311
1.79597
2.72717
2.75378
2.72815
2.68209
2.6704
2.67889
2.6855
2.69109
2.68626
2.67392
2.64859
2.62818
2.56706
1.00005
1.00011
1.00033
1.00065
1.00186
1.00355
1.00989
1.02026
1.05049
1.12475
1.28994
1.75594
2.67781
2.74137
2.70997
2.68278
2.65897
2.65958
2.66005
2.65815
2.65343
2.63961
2.6035
2.53339
2.41027
1.00004
1.0001
1.00031
1.0006
1.00173
1.00329
1.00921
1.01875
1.04707
1.11555
1.26764
1.71024
2.60371
2.7249
2.67277
2.67203
2.65578
2.65008
2.64476
2.634
2.61457
2.59363
2.55564
2.48388
2.3502
1.00004
1.00009
1.00028
1.00055
1.00158
1.00299
1.00844
1.01703
1.04307
1.10529
1.2416
1.65376
2.52006
2.68747
2.67648
2.64713
2.63685
2.63426
2.62824
2.61418
2.58797
2.55121
2.50263
2.45465
2.36042
1.00003
1.00008
1.00025
1.00049
1.0014
1.00266
1.00754
1.01504
1.03865
1.09286
1.21242
1.58415
2.40473
2.63687
2.66936
2.64615
2.62203
2.61255
2.60662
2.59398
2.56584
2.53377
2.47025
2.42417
2.357
1.00003
1.00007
1.00021
1.00042
1.00121
1.00228
1.0065
1.01286
1.03297
1.08084
1.17543
1.51266
2.26881
2.57152
2.6543
2.6374
2.61699
2.59302
2.58021
2.56857
2.54406
2.52105
2.46802
2.4207
2.35988
1.00002
1.00006
1.00018
1.00035
1.00102
1.00192
1.00548
1.01068
1.0283
1.06454
1.14881
1.40366
2.06143
2.49513
2.63645
2.62107
2.60614
2.58341
2.55999
2.54542
2.51669
2.49542
2.46015
2.42142
2.36993
1.00002
1.00005
1.00015
1.00029
1.00084
1.00158
1.00451
1.00863
1.02359
1.05
1.12482
1.30147
1.8608
2.38849
2.59686
2.58011
2.57555
2.56535
2.54757
2.53456
2.50656
2.48259
2.44681
2.41588
2.37772
1.00002
1.00004
1.00012
1.00024
1.00068
1.00128
1.00369
1.00704
1.01921
1.04128
1.09926
1.2537
1.65259
2.34942
2.57302
2.5667
2.5461
2.5346
2.52406
2.51594
2.49686
2.47677
2.44567
2.4157
2.38375
1.00001
1.00003
1.0001
1.00019
1.00055
1.00103
1.00297
1.00564
1.01543
1.03339
1.07843
1.21393
1.49061
2.19499
2.51681
2.55712
2.53253
2.52338
2.50726
2.50078
2.48734
2.47232
2.44946
2.42069
2.39506
1.00001
1.00003
1.00008
1.00015
1.00043
1.00081
1.00234
1.0044
1.01222
1.02574
1.06178
1.16466
1.37013
1.98907
2.40597
2.53518
2.5265
2.51559
2.4967
2.48652
2.47604
2.46243
2.448
2.42909
2.41084
1.00001
1.00002
1.00006
1.00012
1.00033
1.00062
1.00179
1.00331
1.00944
1.01875
1.0475
1.1144
1.26596
1.65513
2.29194
2.47524
2.49694
2.49584
2.48921
2.47928
2.47177
2.46099
2.45037
2.43938
2.42642
1.00001
1.00001
1.00004
1.00009
1.00025
1.00047
1.00136
1.00249
1.00726
1.01392
1.03674
1.0867
1.1952
1.54003
2.21974
2.43294
2.47646
2.47151
2.47057
2.46612
2.46394
2.46122
2.45699
2.45095
2.44154
1
1.00001
1.00003
1.00007
1.00019
1.00035
1.00102
1.00186
1.00545
1.01036
1.02756
1.06398
1.14478
1.40385
2.01491
2.35936
2.46857
2.46715
2.46358
2.46133
2.46199
2.46557
2.46778
2.46445
2.45783
1
1.00001
1.00002
1.00005
1.00014
1.00026
1.00075
1.00137
1.00402
1.00747
1.02101
1.04311
1.1106
1.25685
1.7455
2.20085
2.44129
2.46274
2.4649
2.46535
2.46888
2.47196
2.47551
2.47229
2.46541
1
1.00001
1.00002
1.00003
1.0001
1.00019
1.00054
1.00099
1.00289
1.00537
1.01505
1.03159
1.07689
1.19589
1.48633
2.06164
2.38455
2.46584
2.47626
2.48355
2.48672
2.48694
2.48658
2.48079
2.47162
1
1
1.00001
1.00003
1.00006
1.00016
1.00031
1.00089
1.00164
1.00475
1.0091
1.02459
1.05505
1.13101
1.34115
1.88707
2.29458
2.4624
2.48711
2.49396
2.49768
2.49925
2.4962
2.48927
2.47832
1
1
1.00001
1.00002
1.00004
1.00012
1.00022
1.00067
1.0012
1.00363
1.0066
1.01908
1.03884
1.09989
1.23829
1.66512
2.19675
2.4744
2.51865
2.51732
2.51469
2.50958
2.49992
2.48939
2.47678
1
1
1.00001
1.00002
1.00003
1.00009
1.00016
1.00049
1.00087
1.00264
1.00482
1.01359
1.02895
1.07166
1.19251
1.44719
2.06938
2.45088
2.56108
2.55873
2.54605
2.53206
2.51228
2.49402
2.47776
1
1
1
1.00001
1.00002
1.00007
1.00012
1.00036
1.00065
1.00197
1.00361
1.01027
1.02158
1.05415
1.13654
1.32948
1.74886
2.39765
2.59243
2.59042
2.57049
2.54673
2.51966
2.49728
2.47881
1
1
1
1.00001
1.00002
1.00004
1.00011
1.00021
1.00063
1.00117
1.00348
1.00675
1.01859
1.04331
1.10647
1.27749
1.77983
2.35172
2.63952
2.65219
2.62068
2.58583
2.54108
2.50995
2.48747
1
1
1
1.00001
1.00001
1.00004
1.00007
1.00021
1.00039
1.00112
1.0022
1.00591
1.01404
1.034
1.09738
1.21383
1.63006
2.40085
2.64722
2.69901
2.66008
2.62724
2.5819
2.54402
2.51554
1
1
1
1.00001
1.00001
1.00003
1.00006
1.00019
1.00033
1.00101
1.0019
1.00511
1.01189
1.02829
1.0826
1.17833
1.55985
2.33024
2.66116
2.74763
2.70103
2.66065
2.60919
2.57497
2.55057
1
1
1
1.00001
1.00001
1.00003
1.00006
1.00017
1.0003
1.00096
1.00169
1.00515
1.01014
1.02626
1.06909
1.15394
1.46032
2.1494
2.66955
2.76632
2.7167
2.66967
2.61905
2.58761
2.56642
1
1
1
1
1.00001
1.00003
1.00005
1.00015
1.00027
1.00087
1.00152
1.00486
1.00885
1.02581
1.05699
1.14148
1.37634
2.0464
2.59267
2.76716
2.72884
2.68812
2.64088
2.61204
2.59352
1
1
1
1
1.00001
1.00002
1.00004
1.00013
1.00023
1.00074
1.00134
1.00405
1.00806
1.02175
1.05388
1.12906
1.35223
1.9903
2.56446
2.77747
2.74028
2.70464
2.65574
2.62919
2.61354
1
1
1
1
1.00001
1.00001
1.00004
1.00008
1.00023
1.00045
1.00133
1.00277
1.00772
1.01853
1.04704
1.12931
1.31109
1.78588
2.65296
2.78362
2.74314
2.72116
2.67304
2.64132
2.62317
1
1
1
1
1
1.00001
1.00003
1.00008
1.00016
1.00045
1.00101
1.0027
1.00687
1.01725
1.04836
1.11338
1.31701
1.87324
2.50051
2.77385
2.75974
2.74308
2.69944
2.66409
2.64277
1
1
1
1
1
1.00001
1.00002
1.00006
1.00014
1.00036
1.00093
1.00227
1.00642
1.01537
1.04556
1.10503
1.30182
1.81496
2.46106
2.75322
2.75845
2.74236
2.70729
2.67522
2.65711
1
1
1
1
1
1.00001
1.00002
1.00005
1.00009
1.00031
1.0006
1.00209
1.00429
1.01494
1.03309
1.10845
1.23904
1.70633
2.54095
2.77056
2.76942
2.74985
2.70653
2.66447
2.64421
1
1
1
1
1
1.00001
1.00002
1.00003
1.0001
1.0002
1.00071
1.00138
1.00516
1.01077
1.03815
1.08403
1.26461
1.67521
2.35224
2.77063
2.78671
2.76568
2.71507
2.67018
2.65077
1
1
1
1
1
1.00001
1.00001
1.00003
1.00006
1.00023
1.00035
1.0016
1.00268
1.01185
1.02322
1.08998
1.18549
1.63258
2.40171
2.79198
2.79538
2.76221
2.68802
2.64922
2.64056
1
1
1
1
1
1.00001
1.00001
1.00003
1.00008
1.00016
1.00056
1.00099
1.00402
1.00811
1.02975
1.06823
1.20908
1.53241
2.12535
2.79867
2.80711
2.76851
2.69937
2.66054
2.64771
1
1
1
1
1
1.00001
1.00002
1.00004
1.00008
1.00022
1.00045
1.00137
1.00272
1.00948
1.01968
1.06901
1.14813
1.48096
2.16376
2.778
2.77896
2.75062
2.69839
2.65917
2.64304
1
1
1
1
1
1.00001
1.00002
1.00006
1.0001
1.00032
1.00058
1.00178
1.00346
1.00948
1.02261
1.05641
1.15441
1.38163
1.87562
2.7442
2.79576
2.76755
2.70886
2.65854
2.63815
1
1
1
1
1
1.00001
1.00002
1.00006
1.00011
1.00035
1.0006
1.00197
1.00341
1.01059
1.02082
1.05676
1.13865
1.34956
1.82807
2.73459
2.80812
2.76663
2.72179
2.66683
2.63963
1
1
1
1
1
1.00001
1.00002
1.00006
1.00011
1.00035
1.0006
1.00193
1.00333
1.01041
1.01992
1.05553
1.13108
1.33518
1.80041
2.71335
2.80212
2.75897
2.72847
2.67281
2.64005
1
1
1
1
1
1.00001
1.00002
1.00006
1.00011
1.00033
1.00058
1.00187
1.00323
1.01013
1.01931
1.05397
1.12766
1.32345
1.78521
2.69145
2.79341
2.7519
2.72551
2.67338
2.63829
1
1
1
1
1
1.00001
1.00002
1.00005
1.0001
1.0003
1.00053
1.00168
1.00306
1.00895
1.01892
1.05016
1.13
1.31799
1.79077
2.68625
2.79051
2.75266
2.72964
2.68146
2.64172
1
1
1
1
1
1.00001
1.00002
1.00003
1.00009
1.0002
1.00044
1.00118
1.00244
1.00761
1.01583
1.05253
1.1129
1.35177
1.92833
2.56359
2.7739
2.74827
2.72942
2.68597
2.64509
1
1
1
1
1
1.00001
1.00002
1.00005
1.00009
1.00029
1.00051
1.00162
1.00296
1.00868
1.01853
1.04913
1.12854
1.3132
1.78346
2.67104
2.77747
2.74826
2.72859
2.68095
2.63828
2.33545
2.34753
2.61382
2.93596
3.11505
3.09057
3.06651
3.03877
3.02673
3.0137
3.00511
2.99068
2.9819
2.9723
2.96869
2.96828
2.96883
2.96952
2.9707
2.9735
2.97774
2.98329
2.99046
2.99758
3.00528
3.01327
3.0202
3.02707
3.03384
3.03989
3.04645
3.05156
3.05532
3.05999
3.06227
3.06397
3.06445
3.06387
3.06174
3.05891
3.05659
3.05302
3.05068
3.04586
3.03939
3.03439
3.02831
3.02129
3.01436
3.00552
2.99858
2.99039
2.98175
2.97302
2.96306
2.95367
2.94389
2.93371
2.92276
2.91285
2.90184
2.89075
2.87943
2.86793
2.85637
2.84397
2.83171
2.81975
2.8068
2.7943
2.78204
2.76822
2.75683
2.74259
2.73104
2.71691
2.70537
2.69103
2.67986
2.66548
2.65432
2.64006
2.62903
2.61447
2.60415
2.58906
2.57922
2.56413
2.55414
2.53987
2.5293
2.51635
2.5055
2.49371
2.48395
2.47325
2.46611
2.45784
2.45461
2.44831
2.2748
2.29427
2.45843
2.68101
2.90736
3.04804
3.13797
3.23289
3.28056
3.26912
3.26697
3.26257
3.26009
3.2585
3.26312
3.26531
3.26646
3.26469
3.2631
3.26124
3.25889
3.25521
3.25013
3.24373
3.23555
3.22469
3.21289
3.20364
3.19375
3.18514
3.17497
3.16676
3.15651
3.14719
3.13418
3.12471
3.11204
3.09672
3.08402
3.06978
3.05656
3.04168
3.02555
3.00926
2.99209
2.97564
2.95722
2.94083
2.92355
2.90706
2.8896
2.87349
2.85725
2.8401
2.82453
2.8077
2.79323
2.77608
2.76298
2.74576
2.73353
2.71695
2.70497
2.6893
2.67761
2.66212
2.65125
2.63557
2.62555
2.61034
2.6007
2.58603
2.57642
2.56181
2.5523
2.53806
2.52882
2.51556
2.5066
2.49426
2.48571
2.47405
2.46597
2.45467
2.44701
2.4361
2.42846
2.41835
2.41018
2.40143
2.39256
2.38532
2.3763
2.37034
2.36228
2.3578
2.35175
2.35001
2.34749
2.34779
2.2975
2.29346
2.3543
2.4421
2.51024
2.62057
2.74581
2.86834
3.0022
3.11165
3.19111
3.24228
3.28344
3.31342
3.31939
3.33099
3.34508
3.36098
3.35975
3.34941
3.33293
3.31855
3.29925
3.28072
3.25902
3.23796
3.21638
3.19478
3.17147
3.14695
3.12305
3.09743
3.07438
3.04988
3.02578
3.00477
2.9806
2.96093
2.93986
2.91936
2.90052
2.87992
2.86114
2.84152
2.82355
2.8049
2.78779
2.76982
2.75373
2.7364
2.72183
2.7061
2.69167
2.67595
2.66134
2.64657
2.63225
2.61791
2.60322
2.58889
2.57391
2.56012
2.54523
2.53178
2.51678
2.50351
2.4888
2.4762
2.46186
2.44946
2.43492
2.42225
2.40798
2.39588
2.38248
2.37136
2.35845
2.34807
2.33542
2.3256
2.31321
2.30377
2.29178
2.28238
2.2709
2.26149
2.25033
2.24138
2.23023
2.22211
2.21117
2.20379
2.19377
2.18717
2.1785
2.17355
2.16685
2.16475
2.16193
2.16196
2.31434
2.2842
2.29404
2.32498
2.35557
2.39608
2.44758
2.51572
2.58811
2.66901
2.75514
2.83117
2.90191
2.95689
3.00317
3.03881
3.05913
3.0789
3.08137
3.07749
3.06915
3.05233
3.02972
2.99931
2.96846
2.93686
2.91034
2.88392
2.85651
2.82692
2.79745
2.76833
2.7419
2.71644
2.69519
2.67414
2.65668
2.63935
2.62398
2.6091
2.59583
2.58254
2.57127
2.55967
2.54951
2.53951
2.52989
2.52082
2.51168
2.50339
2.49499
2.48801
2.47958
2.47214
2.46327
2.4562
2.44801
2.44113
2.43331
2.42638
2.41866
2.41126
2.40337
2.39525
2.38732
2.37862
2.37068
2.36168
2.35365
2.34467
2.3366
2.32771
2.3194
2.31038
2.30163
2.29235
2.28328
2.27371
2.26459
2.25457
2.2454
2.23469
2.22534
2.21431
2.20488
2.19394
2.18429
2.17392
2.16396
2.15443
2.14446
2.13571
2.12648
2.11847
2.11066
2.1039
2.09829
2.09392
2.09213
2.08935
2.31885
2.28511
2.27048
2.27232
2.28204
2.2991
2.32181
2.35327
2.38982
2.4293
2.46589
2.50249
2.53248
2.56121
2.58148
2.60024
2.61112
2.61921
2.62087
2.61796
2.61203
2.60418
2.59654
2.58746
2.57625
2.56535
2.5537
2.54038
2.52622
2.51313
2.50146
2.49129
2.48259
2.47514
2.46896
2.46335
2.4586
2.45364
2.44947
2.44472
2.44074
2.43613
2.43242
2.42809
2.42458
2.42049
2.4168
2.4125
2.40826
2.40364
2.39917
2.3945
2.38965
2.38353
2.37745
2.37041
2.36439
2.35695
2.35082
2.34288
2.33639
2.32794
2.32109
2.31234
2.30526
2.29626
2.28887
2.27959
2.27177
2.26233
2.25408
2.24462
2.23596
2.22649
2.21749
2.20791
2.19883
2.18901
2.18002
2.17009
2.1616
2.15222
2.14428
2.13561
2.12774
2.11973
2.11137
2.10389
2.09473
2.0876
2.07798
2.07105
2.06182
2.05538
2.0474
2.04247
2.03676
2.03475
2.03323
2.03266
2.3249
2.29313
2.26815
2.25737
2.2532
2.25693
2.26721
2.28315
2.30151
2.32069
2.33841
2.3521
2.3631
2.37094
2.37564
2.37953
2.38052
2.38036
2.37971
2.37828
2.37463
2.3727
2.36882
2.36835
2.36712
2.36583
2.36448
2.36345
2.36289
2.36301
2.36331
2.36399
2.365
2.36605
2.36705
2.36785
2.36811
2.36801
2.36771
2.36696
2.36573
2.36433
2.36243
2.36094
2.3585
2.35683
2.35399
2.35183
2.34836
2.34572
2.34216
2.33938
2.33558
2.33147
2.32628
2.32096
2.31546
2.30972
2.30393
2.29767
2.29141
2.28451
2.27783
2.27036
2.26341
2.2555
2.24827
2.24002
2.23236
2.22387
2.21572
2.2071
2.19853
2.18977
2.18092
2.17188
2.16274
2.15334
2.14424
2.13469
2.12568
2.11607
2.10709
2.09767
2.0886
2.07972
2.07047
2.0624
2.05308
2.04582
2.03684
2.03023
2.02218
2.0162
2.00987
2.00509
2.00152
1.9994
1.99937
1.99773
2.33807
2.3048
2.28103
2.26299
2.25202
2.24741
2.24809
2.25311
2.26196
2.26802
2.2752
2.27707
2.27821
2.27545
2.27271
2.26786
2.26452
2.25984
2.25767
2.25469
2.25339
2.25057
2.24949
2.2487
2.25044
2.25243
2.25435
2.25674
2.25888
2.2615
2.26362
2.26588
2.26787
2.26953
2.27146
2.27258
2.27448
2.27536
2.27707
2.27774
2.2791
2.27952
2.27995
2.2799
2.27964
2.27907
2.27784
2.27641
2.27416
2.27183
2.26914
2.26656
2.26349
2.25987
2.25543
2.25061
2.24557
2.24032
2.23491
2.2292
2.22322
2.21692
2.21045
2.20372
2.19687
2.1898
2.18247
2.17515
2.16729
2.15983
2.15147
2.14397
2.13529
2.12769
2.11874
2.11093
2.10212
2.0943
2.08582
2.07799
2.06976
2.06197
2.05378
2.04617
2.03781
2.03052
2.02193
2.01496
2.00642
1.99969
1.99165
1.98525
1.97816
1.97254
1.96716
1.96324
1.96048
1.95982
1.96059
1.95842
2.35138
2.32354
2.29907
2.28345
2.27036
2.26309
2.25572
2.25229
2.25112
2.2493
2.24647
2.24157
2.23464
2.22688
2.21754
2.20919
2.20041
2.19384
2.18765
2.18413
2.18071
2.17931
2.1772
2.17634
2.17657
2.17874
2.18183
2.18477
2.18847
2.19177
2.19561
2.19915
2.20293
2.20656
2.21027
2.21366
2.21717
2.21981
2.22268
2.22441
2.22637
2.22742
2.22854
2.229
2.22942
2.22919
2.22867
2.22777
2.22636
2.22436
2.2224
2.22013
2.2177
2.2144
2.21059
2.206
2.20114
2.19579
2.1904
2.1848
2.17914
2.17328
2.16722
2.16103
2.15444
2.14797
2.1408
2.13412
2.12635
2.11945
2.11114
2.10402
2.09531
2.08786
2.07908
2.0714
2.06269
2.05474
2.04617
2.03806
2.02959
2.02149
2.01305
2.00512
1.99669
1.98898
1.98069
1.97328
1.96532
1.9584
1.95101
1.94484
1.93841
1.93347
1.92881
1.926
1.92439
1.9246
1.92607
1.92368
2.3673
2.3437
2.3221
2.30566
2.29296
2.28246
2.2757
2.26791
2.25978
2.25043
2.2405
2.22988
2.21815
2.2059
2.19358
2.18162
2.17078
2.16112
2.15338
2.14727
2.14291
2.13987
2.138
2.1366
2.13598
2.1361
2.13795
2.14083
2.14413
2.14776
2.15168
2.15551
2.15951
2.16345
2.16749
2.17134
2.17512
2.17862
2.18204
2.18494
2.18774
2.18986
2.19172
2.19304
2.19391
2.19457
2.19465
2.19426
2.19361
2.19218
2.19114
2.18942
2.18811
2.18547
2.18296
2.17904
2.17544
2.17074
2.16658
2.16144
2.15683
2.15117
2.14602
2.13982
2.13412
2.12751
2.12121
2.1143
2.10738
2.10021
2.09267
2.0852
2.0772
2.0696
2.06136
2.05358
2.04525
2.0373
2.029
2.02093
2.01275
2.00464
1.99656
1.98862
1.98049
1.97288
1.96468
1.95735
1.94951
1.94238
1.93552
1.92894
1.92361
1.91861
1.91557
1.91346
1.91377
1.91438
1.91688
1.91479
2.39036
2.37014
2.3516
2.33413
2.31956
2.30586
2.29374
2.28195
2.27011
2.25831
2.24513
2.23068
2.21618
2.20147
2.18733
2.17366
2.16126
2.14997
2.14038
2.13241
2.12609
2.12114
2.11744
2.11477
2.11294
2.11183
2.11116
2.11166
2.11375
2.1165
2.11955
2.123
2.1265
2.13033
2.13417
2.13825
2.14197
2.14602
2.14931
2.15298
2.15563
2.15847
2.1604
2.16223
2.16352
2.16455
2.16515
2.16542
2.16504
2.16443
2.16341
2.1624
2.16093
2.15871
2.15592
2.15249
2.14872
2.14445
2.13991
2.13506
2.12995
2.12468
2.11907
2.11342
2.1073
2.10135
2.09468
2.0885
2.08125
2.0748
2.06696
2.06016
2.05191
2.04465
2.03621
2.02849
2.02005
2.01195
2.00359
1.99541
1.98709
1.97913
1.97088
1.96315
1.95532
1.94762
1.94049
1.93293
1.9264
1.9195
1.91351
1.90781
1.90305
1.89943
1.89699
1.89668
1.89733
1.898
1.90104
1.89945
2.41288
2.39689
2.38144
2.36496
2.34894
2.33263
2.31644
2.30026
2.28441
2.26845
2.25297
2.23755
2.22232
2.20697
2.19223
2.17784
2.16451
2.15215
2.14108
2.13146
2.12326
2.11645
2.11074
2.10625
2.1025
2.09988
2.09793
2.09727
2.09677
2.09741
2.09919
2.10188
2.10475
2.10785
2.11143
2.11489
2.11903
2.12245
2.12652
2.12984
2.13312
2.13629
2.13845
2.14112
2.14242
2.14413
2.1446
2.14536
2.14498
2.14422
2.14324
2.14213
2.14088
2.13884
2.13644
2.1333
2.12993
2.12586
2.12158
2.11683
2.11194
2.10685
2.10149
2.0961
2.09015
2.08438
2.07783
2.07172
2.06466
2.05822
2.05083
2.0441
2.03633
2.02926
2.02117
2.0137
2.00546
1.99751
1.98935
1.98105
1.97313
1.9648
1.95705
1.94907
1.94137
1.93406
1.92661
1.92004
1.91322
1.90748
1.90173
1.89718
1.89352
1.89105
1.89059
1.89112
1.89203
1.89385
1.89889
1.89862
2.43072
2.41751
2.40295
2.38708
2.37046
2.35347
2.33613
2.31857
2.30101
2.28347
2.26639
2.24956
2.23351
2.21775
2.20289
2.18838
2.17489
2.16183
2.15004
2.13889
2.12923
2.12051
2.11316
2.10671
2.10146
2.09699
2.09348
2.09058
2.08859
2.08767
2.08726
2.08787
2.08938
2.0921
2.09437
2.0973
2.10086
2.10395
2.108
2.11073
2.11469
2.11712
2.12021
2.12238
2.12419
2.12585
2.12654
2.12747
2.1273
2.12677
2.12596
2.12512
2.12403
2.12235
2.12025
2.11748
2.11447
2.11073
2.1068
2.10231
2.09775
2.09282
2.0877
2.08243
2.07664
2.07107
2.0646
2.0587
2.05165
2.04534
2.03801
2.03109
2.02366
2.01609
2.00854
2.00058
1.99275
1.9847
1.97651
1.96858
1.96026
1.95252
1.94441
1.93676
1.92916
1.92161
1.9147
1.90763
1.90161
1.89544
1.89065
1.88632
1.88359
1.88234
1.88271
1.88333
1.88495
1.88844
1.89423
1.89748
2.44808
2.43531
2.42089
2.40507
2.3881
2.37042
2.35241
2.33437
2.31663
2.29904
2.28198
2.26505
2.24876
2.23267
2.2173
2.20232
2.18808
2.17451
2.16172
2.14979
2.13873
2.12869
2.11961
2.11148
2.10438
2.09808
2.09282
2.08843
2.08502
2.08252
2.08097
2.07994
2.07977
2.08017
2.0815
2.08319
2.08564
2.08829
2.09152
2.09403
2.09752
2.0996
2.10284
2.10455
2.10702
2.10827
2.10966
2.11045
2.11067
2.1103
2.10953
2.10875
2.10764
2.10634
2.10436
2.10192
2.09898
2.09566
2.09176
2.08759
2.08288
2.07804
2.07277
2.06737
2.06167
2.05575
2.04965
2.04333
2.03689
2.03034
2.02351
2.01677
2.00955
2.00249
1.99496
1.98746
1.9798
1.97194
1.96423
1.95619
1.94856
1.94058
1.93318
1.92556
1.9184
1.91148
1.90476
1.89885
1.89297
1.88836
1.88419
1.88167
1.88048
1.88089
1.88157
1.88326
1.88646
1.89277
1.90015
1.90361
2.45606
2.4444
2.43016
2.41497
2.39871
2.38221
2.36539
2.34848
2.33171
2.31495
2.29868
2.28239
2.26672
2.25099
2.23589
2.22088
2.20644
2.19238
2.17882
2.16598
2.15365
2.1423
2.13164
2.12203
2.11309
2.10524
2.09797
2.09186
2.08634
2.08192
2.07833
2.07588
2.07418
2.07327
2.07305
2.07315
2.07418
2.07547
2.07782
2.07976
2.08258
2.0845
2.08738
2.08907
2.09159
2.09282
2.09457
2.09523
2.09595
2.09564
2.095
2.09404
2.09305
2.09157
2.08973
2.08705
2.08427
2.08074
2.07719
2.07294
2.0685
2.06368
2.05842
2.05331
2.04749
2.04203
2.03585
2.02987
2.02355
2.01698
2.01055
2.00355
1.99684
1.98968
1.98249
1.9753
1.96762
1.96036
1.95243
1.94502
1.93718
1.92976
1.92233
1.91515
1.9084
1.90175
1.89599
1.89022
1.88573
1.88153
1.87905
1.87766
1.87798
1.87864
1.88009
1.88383
1.88875
1.89643
1.90415
1.90704
2.45892
2.44603
2.43149
2.41652
2.40095
2.3853
2.36969
2.35427
2.33902
2.32383
2.30886
2.2939
2.27914
2.26444
2.24983
2.23544
2.22103
2.20708
2.19312
2.17987
2.16669
2.15446
2.14255
2.13168
2.1214
2.11208
2.10363
2.09605
2.08933
2.0837
2.07847
2.07447
2.07084
2.06837
2.06617
2.06515
2.06406
2.06377
2.06399
2.06484
2.06647
2.06772
2.06971
2.071
2.0729
2.07383
2.07518
2.07558
2.07608
2.07573
2.07499
2.07391
2.07277
2.07134
2.06946
2.06721
2.06429
2.06125
2.05763
2.05377
2.04959
2.04486
2.04017
2.03484
2.02967
2.02402
2.01828
2.0125
2.00629
2.00028
1.99375
1.98735
1.98071
1.97384
1.96718
1.95989
1.95313
1.94566
1.93867
1.93125
1.92408
1.91694
1.90986
1.90334
1.89677
1.89114
1.8856
1.88117
1.87719
1.87476
1.87357
1.87395
1.87468
1.87633
1.87947
1.88566
1.8926
1.8997
1.90646
1.90818
2.46519
2.45041
2.43587
2.42089
2.40641
2.39146
2.37725
2.36259
2.34861
2.33425
2.32032
2.30602
2.29186
2.2775
2.26309
2.24872
2.23427
2.22005
2.20586
2.19202
2.17843
2.16525
2.15269
2.14066
2.12957
2.11888
2.10944
2.10007
2.09221
2.08409
2.07758
2.07099
2.06586
2.06084
2.05719
2.0538
2.0515
2.04958
2.04826
2.04732
2.04704
2.04744
2.04835
2.04906
2.05043
2.05104
2.05227
2.05265
2.05346
2.05331
2.05293
2.05201
2.05125
2.04992
2.04874
2.04657
2.04427
2.04127
2.03798
2.03447
2.03037
2.0262
2.02136
2.01649
2.0113
2.00599
2.00072
1.99507
1.98951
1.9835
1.9775
1.97126
1.9648
1.95843
1.95157
1.94505
1.93793
1.93123
1.92413
1.9173
1.91042
1.90357
1.89724
1.89076
1.88531
1.87989
1.87554
1.87168
1.86924
1.86823
1.86867
1.86948
1.87115
1.8751
1.88005
1.88789
1.89511
1.90075
1.90634
1.90637
2.46276
2.44802
2.43366
2.41959
2.4062
2.39282
2.37972
2.3666
2.35372
2.34046
2.32742
2.31387
2.30049
2.28657
2.27278
2.25864
2.24462
2.23048
2.21646
2.20251
2.18873
2.17517
2.16194
2.14914
2.13682
2.12504
2.11384
2.1032
2.09337
2.08396
2.07568
2.06778
2.06093
2.05458
2.04927
2.04437
2.04059
2.03713
2.03455
2.03222
2.03087
2.02975
2.02942
2.02959
2.03017
2.03071
2.03182
2.03231
2.03323
2.03329
2.03314
2.0327
2.03174
2.03106
2.02964
2.02824
2.02604
2.02342
2.02034
2.01688
2.01319
2.00908
2.00453
1.9998
1.99465
1.98968
1.98436
1.97913
1.97362
1.96799
1.96222
1.95614
1.95007
1.94363
1.93731
1.93059
1.92402
1.91721
1.91046
1.90387
1.89719
1.89111
1.88485
1.87959
1.87443
1.87021
1.86661
1.86421
1.86336
1.86382
1.86475
1.86657
1.87058
1.87612
1.88398
1.89075
1.89783
1.90122
1.90551
1.90461
2.46268
2.44804
2.43426
2.42081
2.40804
2.39527
2.38314
2.37051
2.35834
2.34553
2.33283
2.31945
2.30599
2.29209
2.27812
2.26397
2.24978
2.23555
2.22139
2.20728
2.19332
2.17948
2.16587
2.15254
2.13959
2.12706
2.11505
2.10359
2.09275
2.0825
2.07304
2.06382
2.05576
2.04802
2.04125
2.03499
2.02962
2.02485
2.02098
2.0174
2.01472
2.01267
2.01159
2.01062
2.01043
2.01065
2.01123
2.01181
2.01266
2.01305
2.01321
2.01301
2.01256
2.01168
2.01095
2.00975
2.00818
2.00595
2.00333
2.00017
1.9969
1.99296
1.98885
1.98414
1.9794
1.97444
1.96935
1.9642
1.95871
1.95325
1.94742
1.94163
1.93552
1.92939
1.92304
1.91665
1.91021
1.90362
1.89731
1.89075
1.88484
1.87881
1.87363
1.86882
1.8647
1.86156
1.85922
1.85877
1.85929
1.8604
1.86272
1.86644
1.87339
1.88019
1.88853
1.89391
1.89936
1.90108
1.90409
1.90248
2.46284
2.44833
2.43525
2.42262
2.41068
2.39855
2.38659
2.37453
2.3623
2.34988
2.33713
2.32419
2.31082
2.29727
2.28334
2.26926
2.25505
2.24074
2.22646
2.21219
2.198
2.18396
2.17004
2.15643
2.14304
2.13006
2.11741
2.10523
2.09352
2.08232
2.07176
2.06176
2.0526
2.04393
2.03604
2.02872
2.02203
2.01611
2.01092
2.00644
2.0026
1.99941
1.9972
1.99566
1.99477
1.99417
1.99412
1.9943
1.99477
1.99512
1.99542
1.99533
1.99499
1.99434
1.99358
1.9928
1.99155
1.98989
1.98746
1.98494
1.98182
1.97839
1.97452
1.97012
1.96578
1.96089
1.95629
1.95111
1.94611
1.94068
1.93518
1.92957
1.92365
1.91782
1.91165
1.90562
1.89936
1.89331
1.88716
1.88132
1.87567
1.87041
1.8658
1.86167
1.85853
1.85613
1.85559
1.85602
1.85724
1.85924
1.86409
1.86944
1.87832
1.88516
1.89223
1.89612
1.89968
1.90033
1.90205
1.89961
2.47018
2.45529
2.44202
2.42939
2.41709
2.40518
2.39279
2.38025
2.36725
2.35435
2.34109
2.32799
2.31446
2.30099
2.28707
2.27317
2.25891
2.24477
2.23037
2.2162
2.20184
2.18782
2.17365
2.15995
2.14616
2.13291
2.11979
2.10713
2.09493
2.08313
2.07195
2.06115
2.05093
2.04099
2.03175
2.02312
2.01512
2.00815
2.00183
1.99642
1.99161
1.98716
1.9836
1.98089
1.97886
1.97742
1.97648
1.97589
1.97548
1.97536
1.97539
1.97533
1.97511
1.97465
1.97396
1.97317
1.97236
1.9708
1.96884
1.96642
1.96354
1.96058
1.95664
1.95299
1.94839
1.94425
1.93933
1.93465
1.9295
1.92427
1.91903
1.91342
1.90808
1.90236
1.8968
1.89122
1.88548
1.88018
1.87451
1.8697
1.86457
1.86067
1.85678
1.85426
1.85202
1.85204
1.85261
1.85398
1.85646
1.86069
1.86779
1.87542
1.88362
1.88978
1.89486
1.89724
1.89912
1.89892
1.89911
1.89658
2.49338
2.4747
2.45824
2.44347
2.42887
2.41487
2.40128
2.38825
2.37507
2.36199
2.34861
2.33524
2.32159
2.30784
2.29372
2.27954
2.26503
2.25059
2.23594
2.22144
2.20689
2.19246
2.1781
2.16389
2.14988
2.13615
2.12268
2.10958
2.09687
2.08449
2.07262
2.0611
2.05009
2.03959
2.02958
2.02016
2.01129
2.00304
1.99527
1.98841
1.98229
1.97698
1.97222
1.96828
1.96534
1.96308
1.96127
1.96006
1.95916
1.95875
1.95842
1.95834
1.95831
1.95816
1.95779
1.95742
1.95675
1.9558
1.95439
1.95211
1.94996
1.94673
1.94373
1.93957
1.93575
1.93106
1.92659
1.92152
1.91637
1.91105
1.90533
1.8999
1.89398
1.88833
1.88268
1.87677
1.87165
1.86585
1.86128
1.85626
1.85243
1.84889
1.84639
1.8445
1.84464
1.84542
1.84716
1.84966
1.8549
1.86226
1.87063
1.87858
1.88541
1.89042
1.89318
1.89517
1.89478
1.8945
1.89416
1.89152
2.52986
2.51022
2.49009
2.47027
2.45208
2.43483
2.41703
2.40018
2.38435
2.36933
2.35476
2.3405
2.32641
2.31233
2.29816
2.28395
2.26953
2.25518
2.24067
2.22629
2.21183
2.19752
2.18324
2.16912
2.15518
2.1414
2.12785
2.11446
2.10139
2.08856
2.07615
2.06408
2.05246
2.04129
2.03061
2.02042
2.01089
2.00183
1.99367
1.986
1.97912
1.97302
1.96735
1.96219
1.95779
1.95424
1.95157
1.94969
1.94851
1.94787
1.94771
1.94781
1.94803
1.94822
1.94827
1.9482
1.94798
1.94748
1.94647
1.94494
1.94288
1.94044
1.93748
1.93413
1.93024
1.92611
1.92145
1.91668
1.91146
1.90608
1.90045
1.89458
1.88867
1.88258
1.87662
1.87062
1.8649
1.85938
1.85426
1.84982
1.84589
1.84309
1.84066
1.84024
1.84056
1.84154
1.84392
1.84888
1.85651
1.86434
1.87211
1.87839
1.88363
1.88595
1.88805
1.88754
1.88699
1.88612
1.88509
1.88221
2.54818
2.5306
2.51241
2.49436
2.47635
2.45939
2.44331
2.42697
2.4102
2.39323
2.37664
2.3601
2.34385
2.32786
2.31202
2.2966
2.28139
2.26653
2.25181
2.23714
2.22265
2.20802
2.1936
2.17903
2.1647
2.15047
2.13645
2.12268
2.10918
2.09597
2.08317
2.0707
2.05864
2.04707
2.03578
2.0252
2.01488
2.00531
1.99617
1.98773
1.97991
1.97287
1.96651
1.96096
1.95595
1.95201
1.94885
1.94653
1.94487
1.94391
1.94338
1.94335
1.94345
1.94364
1.9439
1.94392
1.94381
1.94351
1.94276
1.94171
1.93995
1.93788
1.93527
1.93219
1.92871
1.92467
1.92036
1.91561
1.91069
1.90539
1.9
1.89428
1.88857
1.88271
1.87683
1.8711
1.86542
1.86021
1.85533
1.85126
1.8478
1.84548
1.84417
1.8442
1.84479
1.84706
1.85178
1.85842
1.86562
1.87257
1.87843
1.88323
1.8854
1.88725
1.88663
1.88581
1.88487
1.88313
1.8816
1.87852
2.57651
2.55906
2.54058
2.52163
2.50253
2.48379
2.46617
2.44891
2.43228
2.41595
2.3999
2.38417
2.36861
2.35362
2.33849
2.32363
2.30838
2.29323
2.27797
2.2627
2.24751
2.23215
2.21687
2.20151
2.18624
2.17121
2.15637
2.14177
2.12753
2.1134
2.09997
2.08658
2.07394
2.06159
2.04971
2.03848
2.02752
2.01733
2.00757
1.99843
1.99003
1.98221
1.97525
1.96898
1.96338
1.95841
1.95453
1.95141
1.94907
1.94749
1.94645
1.94587
1.94558
1.94553
1.94546
1.94534
1.94503
1.94464
1.94382
1.94291
1.94136
1.93957
1.93722
1.93452
1.93139
1.92773
1.92375
1.91934
1.91473
1.90976
1.90453
1.89903
1.89331
1.88763
1.88155
1.87601
1.8703
1.86545
1.86111
1.85757
1.85518
1.85353
1.85317
1.85346
1.85582
1.86054
1.86698
1.8738
1.88013
1.8854
1.88984
1.89179
1.89345
1.89256
1.89185
1.89036
1.88879
1.88558
1.88339
1.88025
2.59986
2.58528
2.57014
2.55379
2.53711
2.51985
2.5023
2.48445
2.4662
2.44776
2.42945
2.41174
2.39385
2.37629
2.35882
2.34238
2.32596
2.31037
2.29439
2.27925
2.26362
2.24881
2.23358
2.21921
2.20416
2.19001
2.17514
2.16117
2.14684
2.13315
2.11974
2.10663
2.09411
2.08188
2.07001
2.05872
2.04749
2.03706
2.02677
2.01713
2.00809
1.99948
1.99166
1.98453
1.97797
1.97208
1.96693
1.96244
1.95886
1.95581
1.95333
1.95139
1.94988
1.94874
1.94788
1.94714
1.94646
1.94574
1.94494
1.94377
1.94256
1.94066
1.93866
1.93586
1.93334
1.92978
1.92665
1.92236
1.91879
1.91401
1.91005
1.90491
1.90038
1.89531
1.89053
1.88592
1.88138
1.87745
1.87404
1.87171
1.86977
1.86919
1.86931
1.872
1.87703
1.88316
1.88966
1.89576
1.90076
1.9047
1.90657
1.90759
1.90666
1.90505
1.90362
1.90128
1.89826
1.89458
1.89176
1.88862
2.60917
2.59614
2.58276
2.56916
2.55494
2.54052
2.52563
2.51048
2.49497
2.47901
2.46263
2.44573
2.42918
2.4125
2.39611
2.37958
2.36299
2.34686
2.33054
2.31485
2.29906
2.28352
2.26803
2.25219
2.23664
2.22075
2.20539
2.18997
2.17523
2.16036
2.14633
2.13206
2.11863
2.10516
2.0924
2.08005
2.06828
2.05729
2.04663
2.03685
2.02729
2.01836
2.00985
2.00185
1.99428
1.98736
1.98063
1.97449
1.96916
1.96422
1.96008
1.9565
1.95373
1.95174
1.95024
1.94924
1.9488
1.9488
1.94881
1.94866
1.94822
1.94726
1.94545
1.94281
1.93928
1.93553
1.93114
1.92678
1.92195
1.91719
1.91239
1.90733
1.90288
1.89793
1.89414
1.8902
1.88737
1.88493
1.88376
1.88277
1.88311
1.88408
1.8883
1.89381
1.90034
1.90706
1.9135
1.91867
1.92329
1.9254
1.92746
1.92667
1.9257
1.92419
1.92221
1.91931
1.91606
1.91216
1.90929
1.90615
2.6279
2.61306
2.59752
2.58196
2.5667
2.55162
2.537
2.5225
2.50789
2.49333
2.47917
2.46509
2.45137
2.43738
2.42336
2.40908
2.39447
2.38009
2.36522
2.35078
2.33596
2.32127
2.30662
2.29161
2.27702
2.26187
2.24715
2.23214
2.21735
2.20233
2.18755
2.17269
2.1583
2.14426
2.13082
2.11801
2.1059
2.09408
2.08306
2.07192
2.06133
2.05077
2.04039
2.03035
2.02055
2.01115
2.00218
1.99348
1.98573
1.97867
1.97267
1.96772
1.96421
1.96156
1.96047
1.96053
1.96093
1.96194
1.96291
1.96316
1.96302
1.96236
1.96072
1.95813
1.95456
1.95053
1.94493
1.93929
1.93223
1.92585
1.91931
1.91356
1.90835
1.90351
1.89971
1.8964
1.89471
1.89315
1.89309
1.89381
1.89585
1.90097
1.90715
1.91382
1.92086
1.92711
1.93252
1.9376
1.93956
1.94293
1.94273
1.94225
1.9418
1.94087
1.93955
1.93662
1.93393
1.92989
1.92768
1.92392
2.64652
2.6376
2.62778
2.61312
2.59722
2.58013
2.56391
2.54861
2.53451
2.52155
2.50855
2.49623
2.48297
2.4701
2.4559
2.4418
2.42657
2.41154
2.39583
2.38043
2.36487
2.34937
2.33422
2.31857
2.30354
2.28764
2.27226
2.25624
2.2405
2.22459
2.20907
2.19381
2.17927
2.16521
2.1519
2.13903
2.12656
2.11441
2.10215
2.09046
2.07821
2.06666
2.05484
2.04329
2.03212
2.02106
2.01059
2.00053
1.99123
1.98296
1.97599
1.97039
1.96625
1.96356
1.96279
1.96302
1.9637
1.96453
1.96471
1.96465
1.96418
1.96315
1.96138
1.95935
1.95694
1.95397
1.95121
1.94748
1.94381
1.9395
1.93494
1.93039
1.92594
1.92205
1.91852
1.91614
1.91425
1.91445
1.9156
1.91852
1.92455
1.93157
1.93979
1.94772
1.95518
1.96137
1.96617
1.96895
1.97089
1.97053
1.96892
1.96773
1.9652
1.96301
1.95921
1.9544
1.95049
1.94477
1.94203
1.93654
2.63715
2.63287
2.62848
2.621
2.61112
2.59879
2.58494
2.56994
2.55536
2.54074
2.52731
2.51407
2.50162
2.48902
2.47658
2.46341
2.45017
2.43595
2.42187
2.40702
2.39255
2.37747
2.36275
2.34733
2.33194
2.31595
2.29966
2.28323
2.26667
2.25045
2.23442
2.21892
2.20385
2.18921
2.17498
2.16103
2.14728
2.13376
2.12026
2.10699
2.09362
2.08054
2.06745
2.05452
2.04203
2.0298
2.01797
2.00726
1.99723
1.9888
1.98179
1.97629
1.97265
1.97061
1.96949
1.96835
1.96708
1.96596
1.96434
1.96301
1.96135
1.96006
1.95789
1.95611
1.95396
1.95216
1.95008
1.94817
1.94601
1.94388
1.94198
1.94026
1.93903
1.93826
1.9381
1.93843
1.94011
1.94163
1.94628
1.95211
1.95948
1.96682
1.97541
1.98259
1.99021
1.99505
1.99958
2.0013
2.00129
1.99985
1.99673
1.99415
1.98903
1.98523
1.97794
1.97332
1.96552
1.95997
1.9547
1.94835
2.64439
2.63948
2.6339
2.62649
2.61699
2.60631
2.59472
2.58242
2.56987
2.55665
2.54409
2.53176
2.51999
2.5083
2.49621
2.48363
2.47013
2.45609
2.44107
2.42601
2.41017
2.39467
2.3787
2.36315
2.34717
2.33176
2.31564
2.30031
2.2844
2.26911
2.25361
2.23828
2.22291
2.20763
2.19216
2.17697
2.16153
2.1465
2.13152
2.11684
2.10267
2.08843
2.07503
2.06124
2.0483
2.03562
2.02373
2.01353
2.00382
1.9965
1.99081
1.98654
1.98334
1.97969
1.97595
1.97249
1.96899
1.96604
1.96315
1.96058
1.95855
1.95676
1.95488
1.95354
1.95224
1.95107
1.94985
1.94837
1.94728
1.94608
1.94498
1.94478
1.94507
1.94621
1.94814
1.95208
1.95592
1.96342
1.97099
1.98
1.98919
1.99833
2.00634
2.01381
2.01862
2.02289
2.02406
2.02362
2.0221
2.01852
2.01409
2.00967
2.00414
1.99785
1.99009
1.98316
1.97522
1.96964
1.96278
1.96199
2.64039
2.63857
2.63278
2.62316
2.61254
2.60212
2.59187
2.58146
2.57076
2.55988
2.5486
2.53759
2.52625
2.51589
2.5053
2.49507
2.48399
2.47234
2.45927
2.44566
2.43073
2.4157
2.39994
2.38438
2.36858
2.35326
2.33777
2.32277
2.30759
2.29234
2.27697
2.26103
2.24497
2.22849
2.212
2.19554
2.17945
2.16357
2.14844
2.13335
2.11882
2.10374
2.08902
2.07395
2.05962
2.04586
2.0332
2.02291
2.01386
2.00673
2.00062
1.99435
1.98854
1.98223
1.97594
1.97014
1.96436
1.95959
1.95546
1.95217
1.94994
1.94836
1.9469
1.9458
1.94515
1.94466
1.94435
1.94409
1.94406
1.94419
1.94467
1.9457
1.94804
1.95086
1.95592
1.96177
1.96982
1.97916
1.98971
2.00034
2.01138
2.02055
2.02912
2.03464
2.03917
2.04105
2.04068
2.03948
2.03609
2.03178
2.02714
2.02184
2.01587
2.00959
2.0027
1.99664
1.99089
1.98783
1.98628
1.98801
2.64432
2.63887
2.63192
2.62354
2.61387
2.60433
2.59452
2.5844
2.57433
2.56426
2.55394
2.54414
2.53415
2.52464
2.51485
2.50465
2.49369
2.4816
2.46832
2.4542
2.43913
2.42387
2.40841
2.39317
2.3783
2.36355
2.34911
2.33423
2.31951
2.30392
2.28847
2.27225
2.25607
2.23964
2.2233
2.20702
2.19135
2.17541
2.16017
2.14404
2.12831
2.11214
2.0964
2.08122
2.06705
2.0549
2.04404
2.03493
2.0262
2.01779
2.00966
2.00025
1.99195
1.98316
1.97447
1.96687
1.95962
1.95357
1.94899
1.94548
1.94331
1.94229
1.94131
1.9408
1.94075
1.94098
1.94115
1.94139
1.94183
1.94271
1.94474
1.94763
1.95215
1.95877
1.96663
1.97645
1.98739
1.99921
2.0112
2.02224
2.03215
2.04065
2.04668
2.05079
2.05275
2.05257
2.05117
2.04909
2.04471
2.04061
2.03567
2.03032
2.0246
2.01883
2.01384
2.01076
2.00889
2.00871
2.00888
2.01076
2.6393
2.63609
2.63115
2.62392
2.6156
2.60714
2.59849
2.5888
2.57847
2.56814
2.5585
2.55004
2.54229
2.53459
2.52644
2.5166
2.50547
2.49248
2.47815
2.46289
2.44703
2.43121
2.41573
2.40059
2.38597
2.37128
2.35679
2.34179
2.32681
2.31119
2.29545
2.27932
2.26297
2.24687
2.23072
2.21491
2.19918
2.18293
2.16678
2.14972
2.13293
2.11605
2.09984
2.08524
2.07161
2.06015
2.04935
2.03973
2.03008
2.02016
2.01063
1.99987
1.98986
1.97935
1.96895
1.9601
1.95173
1.94474
1.93963
1.9355
1.93332
1.93235
1.93189
1.93196
1.93224
1.93345
1.93484
1.93681
1.9386
1.94085
1.94449
1.94956
1.95668
1.96507
1.97589
1.98821
2.0013
2.01521
2.02757
2.03942
2.04836
2.05564
2.05993
2.06295
2.06313
2.06254
2.06043
2.05798
2.05402
2.04985
2.04533
2.0408
2.03602
2.03212
2.02971
2.02817
2.02738
2.02669
2.0267
2.02654
2.63402
2.63313
2.63105
2.62665
2.61891
2.6098
2.6004
2.591
2.58167
2.57253
2.56436
2.55787
2.55247
2.54647
2.53884
2.52846
2.51589
2.50156
2.48599
2.47003
2.45392
2.438
2.42271
2.40748
2.39294
2.37824
2.36389
2.34933
2.33476
2.32013
2.30512
2.29043
2.27482
2.25982
2.24341
2.22739
2.20996
2.19259
2.17432
2.1564
2.13844
2.12189
2.10611
2.09229
2.07919
2.06762
2.05604
2.04532
2.03441
2.02343
2.01222
2.00016
1.98899
1.97699
1.96603
1.95612
1.94628
1.93874
1.93225
1.92732
1.92444
1.92298
1.92292
1.92313
1.92378
1.92593
1.92925
1.93285
1.93714
1.94237
1.94857
1.95647
1.96638
1.97765
1.99071
2.00408
2.0179
2.03103
2.04232
2.05262
2.05954
2.06509
2.06798
2.06939
2.06914
2.06825
2.06585
2.06354
2.05994
2.05651
2.05334
2.05008
2.0474
2.04534
2.04433
2.04305
2.04233
2.04095
2.04049
2.03841
2.63214
2.63132
2.62993
2.62755
2.62308
2.61561
2.6074
2.59974
2.59273
2.58667
2.58229
2.57906
2.57359
2.56346
2.54981
2.53407
2.51715
2.50048
2.48333
2.46694
2.45071
2.4351
2.42008
2.40526
2.39079
2.37648
2.36215
2.34834
2.33434
2.32101
2.30704
2.29363
2.2787
2.26413
2.24759
2.23117
2.21321
2.19552
2.17724
2.16
2.143
2.1277
2.1128
2.09966
2.08663
2.07507
2.06334
2.0521
2.04011
2.02811
2.01524
2.00245
1.98979
1.97664
1.96542
1.95397
1.94325
1.93506
1.92676
1.92048
1.91651
1.91375
1.91296
1.913
1.91351
1.91595
1.92092
1.92713
1.93485
1.94489
1.95603
1.96901
1.98237
1.99654
2.01054
2.02381
2.03603
2.04649
2.05434
2.06055
2.06367
2.06568
2.06642
2.06608
2.06508
2.06363
2.06097
2.05843
2.05559
2.05354
2.05207
2.05039
2.04969
2.0498
2.05028
2.05028
2.05014
2.04949
2.04907
2.04754
2.63009
2.62891
2.62864
2.62782
2.62603
2.62362
2.62092
2.61771
2.61457
2.61185
2.60874
2.6019
2.58854
2.57086
2.55117
2.53087
2.51044
2.4912
2.47311
2.45624
2.44081
2.42557
2.41151
2.39732
2.38382
2.37069
2.35781
2.34561
2.33311
2.32103
2.30792
2.29497
2.2802
2.2655
2.24877
2.23208
2.21414
2.19647
2.1787
2.1617
2.1454
2.13018
2.11604
2.10295
2.09048
2.07864
2.0664
2.05451
2.04186
2.02932
2.01625
2.00341
1.99027
1.97733
1.96529
1.9526
1.94151
1.93163
1.92094
1.91344
1.90758
1.90251
1.90088
1.90087
1.90169
1.90496
1.91216
1.92214
1.93441
1.94893
1.96426
1.98091
1.99694
2.01255
2.02689
2.0384
2.04832
2.05403
2.05842
2.05958
2.05962
2.05892
2.05774
2.05621
2.05501
2.05364
2.05189
2.05084
2.04978
2.04899
2.04871
2.04868
2.04911
2.05072
2.05286
2.05387
2.05413
2.05405
2.05409
2.05376
2.62696
2.62561
2.62524
2.62645
2.63107
2.63591
2.63783
2.63788
2.63704
2.63428
2.62589
2.6078
2.5865
2.56425
2.54262
2.52249
2.50369
2.48605
2.46936
2.45298
2.43775
2.42206
2.40751
2.39291
2.37951
2.36713
2.3555
2.34495
2.33417
2.32355
2.31163
2.29916
2.28459
2.2695
2.25236
2.2353
2.21702
2.19936
2.18152
2.16473
2.14875
2.13352
2.11974
2.10598
2.09355
2.08063
2.06828
2.05526
2.04225
2.02883
2.01511
2.00169
1.98769
1.97409
1.96075
1.94672
1.93416
1.92236
1.91018
1.9019
1.89415
1.88772
1.88663
1.88707
1.88875
1.89348
1.9032
1.91639
1.93239
1.95023
1.96921
1.98825
2.00645
2.02245
2.03636
2.04653
2.05461
2.05847
2.0602
2.05981
2.05855
2.05622
2.05437
2.05236
2.05131
2.0502
2.04921
2.04912
2.04917
2.05
2.05121
2.05268
2.05515
2.05829
2.0605
2.06134
2.06143
2.06098
2.06067
2.05878
2.62518
2.62099
2.6197
2.62146
2.63116
2.64638
2.65533
2.65767
2.65608
2.64629
2.62267
2.59606
2.57179
2.55074
2.53266
2.51664
2.5014
2.48624
2.47059
2.45388
2.43769
2.42137
2.40657
2.39209
2.37874
2.36677
2.3559
2.34704
2.33835
2.33027
2.32068
2.30983
2.29644
2.28152
2.26432
2.24669
2.22784
2.20994
2.19177
2.17497
2.15872
2.14305
2.12867
2.11358
2.09986
2.08508
2.07097
2.0562
2.04163
2.0269
2.01243
1.99834
1.98405
1.97028
1.95641
1.94209
1.92873
1.9158
1.90231
1.89288
1.88383
1.87671
1.87611
1.87695
1.87944
1.88492
1.89617
1.91102
1.92933
1.94989
1.97159
1.99286
2.01273
2.02967
2.04416
2.05442
2.0615
2.06533
2.06534
2.0644
2.06214
2.05917
2.05666
2.05486
2.05412
2.05374
2.05433
2.05707
2.06045
2.06342
2.06657
2.07012
2.07275
2.07371
2.07363
2.07307
2.07204
2.0686
2.06645
2.05956
2.62885
2.62473
2.62384
2.62771
2.64265
2.65967
2.66842
2.67014
2.66791
2.65646
2.63239
2.6081
2.58592
2.56607
2.54815
2.53148
2.51533
2.49905
2.48211
2.46392
2.44533
2.42634
2.40914
2.39382
2.38126
2.37019
2.36071
2.35378
2.34866
2.34407
2.33708
2.32659
2.3115
2.29339
2.27256
2.25147
2.23001
2.21011
2.19084
2.1733
2.15639
2.14004
2.12457
2.10827
2.09332
2.07722
2.06228
2.04691
2.03231
2.01782
2.00401
1.9903
1.97649
1.96303
1.94878
1.93465
1.92115
1.9076
1.89489
1.88564
1.87591
1.87006
1.87033
1.87206
1.87655
1.88311
1.89649
1.91345
1.93399
1.95599
1.9792
2.00181
2.02267
2.04128
2.05621
2.06749
2.07493
2.07912
2.07915
2.07817
2.07546
2.07162
2.06865
2.06674
2.06656
2.0674
2.0703
2.07495
2.07949
2.0834
2.08533
2.08552
2.08487
2.08353
2.08007
2.0763
2.07264
2.06405
2.05999
2.04886
2.62274
2.61946
2.61958
2.62819
2.65213
2.67122
2.6783
2.67749
2.66719
2.64162
2.61499
2.5924
2.57344
2.55713
2.54238
2.52801
2.51317
2.49734
2.48033
2.46186
2.44302
2.42421
2.40782
2.39401
2.38321
2.37417
2.36644
2.36094
2.35665
2.35256
2.34589
2.33589
2.32169
2.30448
2.28506
2.26475
2.24427
2.22446
2.20491
2.18659
2.16822
2.15046
2.1331
2.11508
2.09849
2.08072
2.06462
2.04805
2.03277
2.01783
2.00387
1.99029
1.9768
1.96371
1.94994
1.93617
1.92301
1.90972
1.89686
1.88759
1.8776
1.87135
1.87156
1.87343
1.87761
1.88514
1.89813
1.9155
1.93621
1.9589
1.98233
2.00436
2.02449
2.04149
2.05484
2.06452
2.07023
2.07268
2.07233
2.07087
2.06762
2.06458
2.06233
2.06195
2.06289
2.06589
2.07197
2.07963
2.08685
2.09312
2.09644
2.09729
2.09675
2.09538
2.09112
2.08663
2.08131
2.07127
2.06686
2.05533
)
;

boundaryField
{
    inlet
    {
        type            fixedValue;
        value           uniform 1;
    }
    outlet
    {
        type            zeroGradient;
    }
    bottom
    {
        type            symmetryPlane;
    }
    top
    {
        type            symmetryPlane;
    }
    obstacle
    {
        type            zeroGradient;
    }
    defaultFaces
    {
        type            empty;
    }
}


// ************************************************************************* //
