/*--------------------------------*- C++ -*----------------------------------*\
  =========                 |
  \\      /  F ield         | OpenFOAM: The Open Source CFD Toolbox
   \\    /   O peration     | Website:  https://openfoam.org
    \\  /    A nd           | Version:  6
     \\/     M anipulation  |
\*---------------------------------------------------------------------------*/
FoamFile
{
    version     2.0;
    format      ascii;
    class       volScalarField;
    location    "5.5";
    object      Ma;
}
// * * * * * * * * * * * * * * * * * * * * * * * * * * * * * * * * * * * * * //

dimensions      [0 0 0 0 0 0 0];

internalField   nonuniform List<scalar> 
5250
(
2.99988
2.99969
2.99908
2.9981
2.99485
2.98963
2.97258
2.94241
2.85902
2.67289
2.28006
1.45878
0.39488
0.113055
0.105847
0.299836
0.351079
0.318121
0.256574
0.198359
0.160753
0.129625
0.0965606
0.0627746
0.043467
2.99988
2.99969
2.99909
2.99811
2.99487
2.98968
2.97268
2.94264
2.85954
2.67413
2.28235
1.46336
0.399924
0.110801
0.116206
0.306612
0.355158
0.32142
0.261001
0.205674
0.170191
0.140708
0.110403
0.0822311
0.0687359
2.99989
2.99969
2.9991
2.99812
2.99492
2.98976
2.97291
2.94313
2.86065
2.67691
2.28754
1.47467
0.412564
0.104452
0.134418
0.317061
0.362
0.327894
0.270155
0.220414
0.189371
0.163618
0.138661
0.117776
0.108836
2.99989
2.9997
2.99911
2.99815
2.99499
2.9899
2.97327
2.94392
2.86242
2.68141
2.29602
1.4936
0.433148
0.0974543
0.157988
0.330754
0.372109
0.338686
0.285393
0.242444
0.216821
0.195707
0.176382
0.161647
0.155905
2.99989
2.9997
2.99913
2.99819
2.99508
2.9901
2.97377
2.94501
2.86489
2.68772
2.30798
1.52044
0.461638
0.0954387
0.185823
0.347344
0.384961
0.353219
0.305424
0.269701
0.249359
0.233239
0.219049
0.208957
0.205621
2.99989
2.99971
2.99915
2.99823
2.9952
2.99035
2.97441
2.94642
2.86802
2.69598
2.32337
1.55613
0.500331
0.105027
0.217952
0.367036
0.400622
0.371651
0.330201
0.301734
0.286881
0.275479
0.266534
0.260861
0.259708
2.9999
2.99972
2.99917
2.99829
2.99535
2.99065
2.97516
2.94817
2.87177
2.70552
2.34246
1.59126
0.548911
0.131339
0.253721
0.388218
0.418483
0.393543
0.359628
0.338156
0.32892
0.323149
0.319781
0.319547
0.322154
2.9999
2.99973
2.99921
2.99835
2.99552
2.99101
2.97605
2.95026
2.87623
2.71679
2.36553
1.63081
0.610177
0.173751
0.291817
0.40708
0.437624
0.418603
0.393078
0.378917
0.37575
0.376552
0.381327
0.389734
0.400332
2.99991
2.99974
2.99924
2.99843
2.99573
2.99144
2.9771
2.95269
2.88157
2.72983
2.39297
1.67786
0.681486
0.230007
0.332309
0.426132
0.458266
0.446138
0.429954
0.423094
0.426716
0.435868
0.452717
0.477254
0.51054
2.99991
2.99976
2.99929
2.99852
2.99597
2.99193
2.97836
2.95539
2.88788
2.74499
2.42427
1.73463
0.761272
0.298383
0.372877
0.44462
0.479639
0.476287
0.469271
0.470192
0.481036
0.502424
0.538518
0.592661
0.694903
2.99992
2.99978
2.99934
2.99862
2.99624
2.99249
2.97982
2.95853
2.89526
2.76239
2.46093
1.80139
0.853354
0.377827
0.408436
0.46363
0.501623
0.50691
0.507485
0.516178
0.537996
0.575577
0.635265
0.732962
0.885883
2.99993
2.9998
2.99939
2.99874
2.99657
2.99315
2.98153
2.96221
2.90392
2.78299
2.50486
1.88368
0.968589
0.46572
0.438055
0.485247
0.524364
0.537061
0.545149
0.562109
0.595023
0.648118
0.722017
0.835627
0.989993
2.99993
2.99982
2.99946
2.99888
2.99694
2.99391
2.98349
2.9665
2.91392
2.80719
2.55692
1.98454
1.11386
0.563673
0.466854
0.503648
0.544613
0.566972
0.582862
0.607522
0.647484
0.705881
0.784994
0.888393
1.01363
2.99994
2.99984
2.99954
2.99904
2.99736
2.99477
2.98576
2.97136
2.92574
2.83451
2.62072
2.10389
1.28661
0.67019
0.497619
0.525813
0.568372
0.599326
0.621124
0.650014
0.691921
0.748104
0.823144
0.911792
1.0158
2.99995
2.99987
2.99961
2.99919
2.99779
2.9956
2.98806
2.97607
2.93727
2.86482
2.67994
2.26048
1.50953
0.787272
0.545094
0.56559
0.604193
0.637625
0.660593
0.689551
0.730828
0.782672
0.849455
0.925279
1.01091
2.99996
2.99989
2.99968
2.99933
2.99818
2.99638
2.99017
2.98042
2.94821
2.89118
2.73405
2.40858
1.7295
0.904301
0.599357
0.616496
0.650137
0.682059
0.702634
0.726946
0.764816
0.811335
0.871071
0.93674
1.00898
2.99997
2.99991
2.99974
2.99945
2.99851
2.99704
2.99194
2.98399
2.95751
2.91028
2.78317
2.49547
1.92617
1.01586
0.659479
0.656161
0.689508
0.721532
0.743089
0.764401
0.79616
0.837799
0.889364
0.948389
1.01
2.99998
2.99993
2.99979
2.99956
2.99879
2.99761
2.99346
2.98713
2.96538
2.92783
2.8234
2.57952
2.10919
1.20835
0.771028
0.689839
0.714914
0.744067
0.77324
0.796009
0.824869
0.861213
0.905886
0.957428
1.01248
2.99998
2.99995
2.99984
2.99966
2.99905
2.99812
2.99484
2.98991
2.97259
2.94384
2.86029
2.6716
2.28807
1.47081
0.917212
0.736254
0.741986
0.766387
0.797893
0.824273
0.851373
0.885187
0.922881
0.967102
1.01507
2.99999
2.99996
2.99988
2.99974
2.99928
2.99858
2.99611
2.99241
2.97936
2.95853
2.89452
2.76396
2.4693
1.85088
1.10273
0.817178
0.790987
0.803648
0.827769
0.853966
0.87913
0.908505
0.943238
0.980611
1.02131
2.99999
2.99997
2.99991
2.9998
2.99946
2.99893
2.99706
2.99431
2.9843
2.96915
2.9189
2.82288
2.59221
2.0597
1.29355
0.895811
0.830745
0.84217
0.862141
0.88586
0.908636
0.933016
0.962339
0.996034
1.03146
3
2.99998
2.99993
2.99986
2.9996
2.99921
2.99782
2.99578
2.98833
2.9772
2.93912
2.87034
2.69286
2.28118
1.57577
1.02794
0.878333
0.876756
0.892241
0.914582
0.937303
0.959031
0.9826
1.01105
1.042
3
2.99999
2.99995
2.9999
2.99972
2.99943
2.99844
2.99698
2.99166
2.98379
2.95627
2.91048
2.77549
2.5143
1.9105
1.21891
0.95222
0.916295
0.924156
0.942955
0.964847
0.98516
1.006
1.02927
1.05589
3
2.99999
2.99997
2.99993
2.9998
2.9996
2.99891
2.9979
2.99417
2.98882
2.96954
2.93818
2.84416
2.64435
2.22238
1.45868
1.0605
0.957158
0.954526
0.966322
0.98622
1.0067
1.02695
1.04809
1.07179
3
3
2.99998
2.99996
2.99987
2.99973
2.99927
2.99858
2.99608
2.99253
2.97934
2.95935
2.89611
2.7661
2.48194
1.86821
1.25492
1.02655
0.996766
0.999942
1.01359
1.03203
1.0501
1.06876
1.08919
3.00001
3
2.99999
2.99997
2.99993
2.99979
2.99959
2.99888
2.99783
2.994
2.98841
2.96863
2.93541
2.83974
2.63448
2.18645
1.46622
1.11085
1.03142
1.0285
1.03803
1.05502
1.07474
1.09213
1.11019
3.00001
3
3
2.99998
2.99995
2.99987
2.99973
2.99926
2.99859
2.99603
2.99257
2.97924
2.9596
2.89451
2.76231
2.47974
1.84337
1.29852
1.09052
1.0634
1.06613
1.0798
1.09851
1.11658
1.13276
3.00001
3
3
2.99999
2.99997
2.99992
2.99983
2.99953
2.9991
2.99748
2.9953
2.98688
2.97468
2.93257
2.84977
2.65409
2.18373
1.5321
1.18126
1.09897
1.09368
1.10204
1.11892
1.13977
1.15702
3.00001
3.00001
3
3
2.99999
2.99995
2.9999
2.9997
2.99943
2.9984
2.99701
2.99148
2.98407
2.95571
2.91043
2.77643
2.50639
1.92351
1.36699
1.15563
1.12529
1.12754
1.14035
1.1585
1.17576
3.00001
3.00001
3
3
2.99999
2.99998
2.99993
2.99986
2.99961
2.99925
2.99795
2.99607
2.9896
2.97831
2.94432
2.86687
2.68981
2.25206
1.61675
1.24561
1.15934
1.15099
1.15986
1.17403
1.19062
3.00001
3.00001
3.00001
3
3
2.99999
2.99997
2.9999
2.9998
2.99943
2.99892
2.99694
2.99429
2.98387
2.96865
2.91596
2.818
2.57179
2.07935
1.46721
1.22985
1.18853
1.18603
1.19332
1.20445
3.00001
3.00001
3.00001
3.00001
3
2.99999
2.99998
2.99994
2.99988
2.99966
2.99936
2.99815
2.99666
2.99049
2.98206
2.95099
2.89426
2.74282
2.393
1.81362
1.35681
1.22144
1.20582
1.20593
1.21122
3.00001
3.00001
3.00001
3.00001
3
3
2.99999
2.99997
2.99993
2.99979
2.99961
2.99887
2.99796
2.99396
2.98926
2.96853
2.94046
2.8411
2.66574
2.21909
1.6313
1.32054
1.23732
1.21752
1.20921
3.00001
3.00001
3.00001
3.00001
3.00001
3
3
2.99998
2.99996
2.99989
2.99979
2.99938
2.99888
2.9967
2.99418
2.98294
2.96861
2.9135
2.82099
2.57248
2.11655
1.54624
1.30528
1.23418
1.1968
3.00001
3.00001
3.00001
3.00001
3.00001
3.00001
3
3
2.99998
2.99995
2.99989
2.99969
2.99943
2.99836
2.99707
2.99159
2.9841
2.95571
2.90371
2.75604
2.43392
1.88139
1.4218
1.23652
1.14445
3.00001
3.00001
3.00001
3.00001
3.00001
3.00001
3.00001
3
3
2.99999
2.99996
2.99991
2.99978
2.99953
2.99897
2.9974
2.99402
2.98231
2.95272
2.87172
2.68352
2.24804
1.65481
1.23069
1.04075
3.00001
3.00001
3.00001
3.00001
3.00001
3.00001
3.00001
3.00001
3
3
2.99999
2.99996
2.99992
2.99983
2.99952
2.99925
2.99685
2.99147
2.97315
2.92028
2.80175
2.52033
1.96788
1.30369
0.877083
3.00001
3.00001
3.00001
3.00001
3.00001
3.00001
3.00001
3.00001
3.00001
3
3
2.99998
2.99995
2.99988
2.99969
2.99929
2.99804
2.99585
2.98621
2.96773
2.87359
2.63654
2.0889
1.35949
0.688767
3.00001
3.00001
3.00001
3.00001
3.00001
3.00001
3.00001
3.00001
3.00001
3
3
2.99999
2.99996
2.99988
2.99973
2.999
2.9989
2.99382
2.99429
2.96359
2.88508
2.68826
2.26061
1.52793
0.671278
3.00001
3.00001
3.00001
3.00001
3.00001
3.00001
3.00001
3.00001
3.00001
3
3
2.99999
2.99996
2.9999
2.99971
2.99933
2.99766
2.99665
2.98407
2.98011
2.90014
2.71896
2.23677
1.50175
0.559996
3.00001
3.00001
3.00001
3.00001
3.00001
3.00001
3.00001
3.00001
3.00001
3.00001
3
2.99999
2.99997
2.99991
2.99978
2.99938
2.99875
2.99498
2.99427
2.96734
2.91874
2.73774
2.35053
1.57355
0.664106
3.00001
3.00001
3.00001
3.00001
3.00001
3.00001
3.00001
3.00001
3.00001
3
3
2.99999
2.99996
2.9999
2.99971
2.99936
2.99787
2.99668
2.98579
2.9852
2.90799
2.73414
2.30111
1.56282
0.627324
3.00001
3.00001
3.00001
3.00001
3.00001
3.00001
3.00001
3.00001
3.00001
3
3
2.99999
2.99995
2.99984
2.99963
2.99876
2.99789
2.99153
2.99068
2.97294
2.93429
2.76023
2.39116
1.6297
0.735457
3.00001
3.00001
3.00001
3.00001
3.00001
3.00001
3.00001
3.00001
3.00001
3
3
2.99999
2.99997
2.9999
2.99974
2.99941
2.99802
2.99718
2.98695
2.98624
2.91606
2.74773
2.33667
1.61015
0.680853
3.00001
3.00001
3.00001
3.00001
3.00001
3.00001
3.00001
3.00001
3.00001
3.00001
3
2.99999
2.99998
2.99993
2.99981
2.99958
2.9985
2.99784
2.98981
2.97345
2.91476
2.74299
2.35918
1.63828
0.694493
3.00001
3.00001
3.00001
3.00001
3.00001
3.00001
3.00001
3.00001
3.00001
3.00001
3
3
2.99998
2.99994
2.99982
2.99959
2.99848
2.99755
2.98997
2.97717
2.91352
2.74057
2.36419
1.64497
0.71091
3.00001
3.00001
3.00001
3.00001
3.00001
3.00001
3.00001
3.00001
3.00001
3.00001
3
2.99999
2.99998
2.99994
2.99982
2.99957
2.99847
2.9974
2.9897
2.97266
2.91407
2.74009
2.37291
1.63608
0.715325
3.00001
3.00001
3.00001
3.00001
3.00001
3.00001
3.00001
3.00001
3.00001
3
3
2.99999
2.99997
2.99991
2.99979
2.99951
2.9984
2.9973
2.98966
2.97525
2.91355
2.7471
2.36928
1.59762
0.700705
3.00001
3.00001
3.00001
3.00001
3.00001
3.00001
3.00001
3.00001
3.00001
3
3
2.99997
2.99994
2.99978
2.9996
2.99855
2.9976
2.99225
2.98664
2.95972
2.91363
2.78528
2.44847
1.6527
0.709071
3.00001
3.00001
3.00001
3.00001
3.00001
3.00001
3.00001
3.00001
3.00001
3
3
2.99999
2.99997
2.99992
2.99978
2.99948
2.99823
2.99735
2.98672
2.98518
2.91728
2.7459
2.35564
1.56563
0.646174
1.08716
1.18102
1.03636
0.626823
0.341751
0.174655
0.157874
0.248996
0.315629
0.360479
0.394856
0.430088
0.468259
0.505675
0.540042
0.569011
0.594531
0.618273
0.642736
0.66611
0.6895
0.711698
0.730473
0.740712
0.744439
0.744695
0.739193
0.723461
0.697478
0.66215
0.620898
0.576439
0.531321
0.48662
0.442643
0.39989
0.358771
0.319441
0.281814
0.24565
0.210585
0.175797
0.141143
0.107273
0.0744871
0.044124
0.027037
0.0510301
0.0672358
0.0933282
0.121239
0.148589
0.175256
0.200145
0.224384
0.249449
0.275128
0.299313
0.322664
0.344798
0.366482
0.387118
0.407117
0.426174
0.444401
0.461804
0.478337
0.494052
0.508981
0.523172
0.536688
0.549633
0.562098
0.574247
0.586219
0.598149
0.610232
0.622477
0.635151
0.648083
0.66158
0.675346
0.689723
0.704341
0.719467
0.734823
0.750568
0.766394
0.782686
0.798803
0.815186
0.831536
0.847544
0.863357
0.878587
0.893117
0.906527
0.918345
0.92748
0.933656
1.12238
1.15378
1.01787
0.771666
0.475645
0.361712
0.280678
0.201965
0.128453
0.0588682
0.100956
0.159907
0.214646
0.261975
0.300866
0.329408
0.351731
0.375781
0.403031
0.430182
0.456503
0.481352
0.503331
0.516015
0.519136
0.517138
0.508458
0.490285
0.460578
0.421666
0.377766
0.332321
0.287624
0.244744
0.204307
0.166258
0.129923
0.0958721
0.0657327
0.0461338
0.0513402
0.0740561
0.0968047
0.123065
0.150757
0.178059
0.205109
0.230249
0.254615
0.279325
0.304394
0.328901
0.353005
0.375805
0.397634
0.419385
0.441876
0.463669
0.484347
0.504131
0.523298
0.541763
0.559594
0.576706
0.593083
0.608699
0.623608
0.63778
0.651313
0.664235
0.676602
0.688471
0.700022
0.711196
0.722363
0.733335
0.744578
0.755845
0.767526
0.779483
0.791754
0.80455
0.817492
0.831009
0.844732
0.858716
0.87314
0.887523
0.902302
0.917146
0.931977
0.946852
0.961542
0.975996
0.990113
1.00351
1.016
1.02686
1.03529
1.04064
1.10362
1.13792
1.0929
0.981337
0.838812
0.74294
0.669724
0.594693
0.517259
0.435532
0.355414
0.291424
0.230336
0.174131
0.119114
0.0705015
0.0512674
0.0924582
0.133242
0.168416
0.199781
0.227502
0.250833
0.263683
0.261383
0.249953
0.239953
0.220809
0.189674
0.155212
0.120054
0.0915649
0.0776364
0.0839688
0.105425
0.125526
0.149717
0.175475
0.201909
0.22842
0.254389
0.279264
0.303649
0.327983
0.352141
0.375886
0.398999
0.421183
0.442783
0.464216
0.485683
0.506925
0.527766
0.547865
0.566988
0.58563
0.604773
0.623794
0.641861
0.659055
0.675633
0.691559
0.706971
0.72164
0.735743
0.749055
0.761817
0.773853
0.785452
0.796416
0.807066
0.817162
0.827109
0.836692
0.84635
0.855854
0.865602
0.875496
0.885623
0.896196
0.906919
0.918211
0.929721
0.941592
0.953958
0.966356
0.979316
0.992323
1.00559
1.01903
1.03257
1.04616
1.05975
1.07308
1.08611
1.09846
1.10992
1.12001
1.12771
1.1326
1.09829
1.14459
1.15169
1.11139
1.04566
0.98484
0.932191
0.8793
0.817175
0.754071
0.688184
0.628337
0.572465
0.516755
0.463095
0.407974
0.35366
0.304954
0.261326
0.219264
0.179135
0.141158
0.105056
0.0735144
0.0585007
0.0388519
0.0731753
0.107969
0.15998
0.20329
0.238227
0.268991
0.297074
0.322761
0.345975
0.36733
0.388701
0.409821
0.431015
0.451614
0.471966
0.491485
0.510758
0.529628
0.548411
0.566796
0.584812
0.60231
0.619453
0.636453
0.653581
0.670558
0.687559
0.704085
0.719953
0.735225
0.750994
0.767109
0.782981
0.79792
0.81244
0.826333
0.839896
0.852798
0.865381
0.877243
0.888819
0.899644
0.910088
0.919835
0.929138
0.937964
0.946459
0.954696
0.96279
0.970811
0.978898
0.987073
0.995504
1.00419
1.01322
1.02241
1.03226
1.04206
1.05265
1.06324
1.07439
1.08577
1.09741
1.10948
1.12153
1.13382
1.14582
1.15799
1.16958
1.181
1.19125
1.20075
1.20766
1.21226
1.09003
1.14693
1.17541
1.17738
1.15387
1.12464
1.09414
1.06191
1.02348
0.979602
0.935391
0.889629
0.845855
0.799439
0.753509
0.705001
0.656215
0.610817
0.568795
0.529844
0.492593
0.456558
0.422783
0.393984
0.375133
0.366522
0.380374
0.409024
0.443017
0.478835
0.512154
0.540205
0.562988
0.581935
0.598198
0.613198
0.62763
0.642469
0.657032
0.671722
0.68581
0.699656
0.712948
0.726092
0.73905
0.751776
0.76436
0.776422
0.788439
0.800201
0.812224
0.82413
0.836283
0.848092
0.859694
0.87044
0.881541
0.893073
0.90508
0.916398
0.927552
0.938233
0.949004
0.959378
0.969883
0.979903
0.990051
0.999633
1.00932
1.01841
1.02754
1.03611
1.0447
1.05275
1.06088
1.06859
1.07647
1.08409
1.09201
1.09983
1.10806
1.1162
1.12492
1.13352
1.14274
1.15194
1.1617
1.17165
1.18215
1.19275
1.20353
1.21441
1.22516
1.23589
1.24629
1.25624
1.26557
1.27374
1.28024
1.28387
1.08028
1.13972
1.18127
1.20275
1.20748
1.2006
1.18989
1.17408
1.15518
1.12978
1.1038
1.07378
1.04371
1.01125
0.977047
0.941288
0.904257
0.867999
0.831068
0.793354
0.755651
0.718087
0.682282
0.652013
0.629899
0.620828
0.630024
0.655744
0.690161
0.726417
0.759968
0.787445
0.809555
0.823074
0.832587
0.838546
0.844593
0.851249
0.858976
0.866868
0.875056
0.882744
0.890271
0.897329
0.904314
0.911145
0.918042
0.924836
0.931856
0.938923
0.946441
0.954126
0.962276
0.970533
0.978968
0.986989
0.995136
1.00365
1.01308
1.02236
1.03157
1.04016
1.04876
1.05668
1.06471
1.07221
1.08002
1.08735
1.09503
1.10215
1.10964
1.11659
1.12392
1.13078
1.13807
1.14516
1.15266
1.15993
1.16765
1.175
1.18296
1.1905
1.19878
1.20671
1.21533
1.22391
1.23293
1.24229
1.25173
1.26151
1.27132
1.28135
1.29149
1.30152
1.31142
1.32098
1.32959
1.33752
1.3434
1.34687
1.07306
1.13067
1.17656
1.20921
1.22941
1.23882
1.2427
1.24145
1.2359
1.22663
1.21315
1.19798
1.17937
1.16014
1.13764
1.11393
1.08848
1.06071
1.03164
0.998933
0.964281
0.927782
0.893255
0.860185
0.832108
0.820165
0.829705
0.855757
0.89146
0.932347
0.967835
0.99665
1.01803
1.03086
1.03542
1.03245
1.02822
1.02474
1.02273
1.02206
1.02277
1.02401
1.02551
1.02717
1.02889
1.03093
1.03329
1.03596
1.03901
1.0425
1.04649
1.05096
1.05594
1.06133
1.06711
1.07296
1.07888
1.08482
1.09173
1.09906
1.10678
1.11393
1.12136
1.1285
1.13608
1.14328
1.15069
1.15753
1.16471
1.17148
1.17874
1.18557
1.19286
1.19968
1.20685
1.21356
1.22055
1.22724
1.23431
1.24116
1.24837
1.25545
1.26281
1.27018
1.27775
1.2856
1.29377
1.30233
1.31109
1.32016
1.32931
1.33857
1.34776
1.35687
1.36588
1.37455
1.38293
1.39035
1.39658
1.39996
1.06837
1.12199
1.16917
1.20627
1.23513
1.25541
1.26916
1.27856
1.28345
1.28514
1.2831
1.27802
1.27098
1.26095
1.2493
1.23487
1.21772
1.19803
1.17304
1.14461
1.11175
1.0787
1.04201
1.00045
0.968209
0.95901
0.971148
0.996133
1.03258
1.0741
1.11176
1.13985
1.15977
1.1734
1.17816
1.17649
1.16822
1.15723
1.14659
1.13817
1.13222
1.12837
1.12604
1.12476
1.12419
1.12407
1.12433
1.1251
1.12624
1.12793
1.13012
1.13272
1.13589
1.13936
1.14335
1.14741
1.15181
1.15599
1.1605
1.16534
1.17095
1.17627
1.18173
1.18672
1.19208
1.19712
1.20271
1.20805
1.21422
1.22016
1.22691
1.23341
1.24064
1.24768
1.25517
1.26236
1.26986
1.2769
1.28424
1.29112
1.29833
1.30511
1.31231
1.31932
1.32678
1.33418
1.34205
1.34991
1.35816
1.36648
1.37508
1.38378
1.39256
1.4014
1.41008
1.41861
1.42665
1.43397
1.44001
1.44347
1.06548
1.114
1.16034
1.19991
1.23243
1.25917
1.28026
1.29661
1.30942
1.3186
1.32496
1.32822
1.3291
1.32744
1.32297
1.31611
1.30489
1.28919
1.26689
1.23934
1.21025
1.17267
1.12639
1.07739
1.05083
1.04869
1.06295
1.08925
1.12731
1.17068
1.20978
1.23885
1.2594
1.27301
1.28169
1.28471
1.2821
1.27405
1.26201
1.24812
1.23586
1.22571
1.21814
1.21256
1.20851
1.20552
1.20326
1.20152
1.2003
1.19959
1.19935
1.1996
1.20051
1.20194
1.20395
1.20612
1.20868
1.21122
1.21414
1.21698
1.22062
1.2245
1.22901
1.23318
1.23783
1.24218
1.24726
1.25214
1.25777
1.26311
1.26927
1.27521
1.28181
1.28821
1.29515
1.30183
1.30887
1.31565
1.32271
1.3296
1.33675
1.34378
1.35103
1.35811
1.36542
1.37262
1.38005
1.3876
1.39531
1.40345
1.41162
1.42024
1.42879
1.43739
1.44582
1.45393
1.46155
1.46863
1.4743
1.47795
1.06528
1.10922
1.15153
1.19117
1.22627
1.25586
1.28135
1.30292
1.32092
1.3359
1.34808
1.35749
1.36435
1.36852
1.36962
1.36703
1.35882
1.34281
1.32167
1.29566
1.26164
1.21311
1.15584
1.11447
1.10104
1.10687
1.12304
1.15293
1.19282
1.2348
1.27132
1.30154
1.32402
1.33969
1.35037
1.35733
1.359
1.35615
1.3499
1.33874
1.3238
1.30787
1.29375
1.28214
1.27319
1.26645
1.26142
1.2575
1.25441
1.25185
1.24987
1.24844
1.24762
1.24721
1.24742
1.24803
1.249
1.25024
1.25198
1.25385
1.25615
1.25867
1.2621
1.26566
1.26977
1.27374
1.2785
1.28327
1.28887
1.29447
1.30082
1.3071
1.31409
1.32095
1.32847
1.33573
1.34352
1.35085
1.35856
1.36565
1.37302
1.37979
1.38687
1.3935
1.40049
1.40731
1.41442
1.42159
1.42891
1.43639
1.44406
1.45183
1.45994
1.46805
1.47629
1.48445
1.49202
1.49918
1.50484
1.50823
1.06967
1.10852
1.14718
1.18409
1.21846
1.24977
1.27726
1.30176
1.32325
1.34212
1.35815
1.372
1.3825
1.3906
1.39408
1.39245
1.38238
1.36562
1.3444
1.31289
1.26545
1.20562
1.15628
1.13381
1.13318
1.1433
1.16581
1.19942
1.23858
1.27492
1.30819
1.33656
1.36078
1.37965
1.39359
1.40292
1.4092
1.41125
1.41
1.40532
1.39645
1.38293
1.36593
1.34878
1.33372
1.32138
1.31184
1.30469
1.29932
1.29533
1.29221
1.28973
1.28784
1.28638
1.28535
1.28488
1.2848
1.28516
1.28583
1.28693
1.28867
1.29047
1.29271
1.2953
1.2988
1.30235
1.30644
1.31056
1.31539
1.32042
1.32637
1.3324
1.33936
1.3463
1.35405
1.36153
1.36971
1.37738
1.38563
1.39321
1.40123
1.40859
1.41616
1.42327
1.43039
1.43733
1.44429
1.4512
1.45836
1.46548
1.47297
1.48042
1.48805
1.49579
1.50334
1.51103
1.51815
1.5249
1.53045
1.53388
1.07552
1.1107
1.14553
1.18008
1.21267
1.24354
1.27176
1.29757
1.32073
1.3417
1.35997
1.37584
1.38826
1.39676
1.39934
1.39364
1.38098
1.36259
1.33342
1.28624
1.22692
1.17728
1.15155
1.14722
1.1536
1.17036
1.19834
1.23194
1.26556
1.29651
1.3259
1.35189
1.37603
1.39637
1.41411
1.42766
1.43754
1.44349
1.44675
1.44681
1.44371
1.43727
1.42605
1.41067
1.3927
1.37549
1.3605
1.34843
1.33926
1.33237
1.32724
1.32332
1.32023
1.31772
1.31574
1.31428
1.31311
1.31253
1.31215
1.31244
1.31329
1.31461
1.31633
1.31828
1.32128
1.32489
1.32933
1.33399
1.3395
1.34508
1.35164
1.35811
1.3656
1.37287
1.38098
1.3888
1.39707
1.40509
1.4133
1.42118
1.42919
1.43669
1.44443
1.45158
1.45905
1.46601
1.47319
1.47998
1.4869
1.49362
1.50048
1.50728
1.51431
1.52128
1.52846
1.53547
1.54224
1.5486
1.55365
1.55722
1.08452
1.11555
1.14711
1.1785
1.20926
1.23862
1.26647
1.29227
1.31595
1.33735
1.35593
1.37136
1.38246
1.38677
1.38333
1.37298
1.35627
1.32712
1.28051
1.22503
1.17978
1.15592
1.15114
1.15577
1.1693
1.19232
1.22122
1.24981
1.27775
1.30382
1.32953
1.3533
1.3767
1.39768
1.4175
1.43423
1.44875
1.45969
1.4668
1.47081
1.47223
1.47114
1.46673
1.45909
1.44649
1.42951
1.4112
1.3943
1.38001
1.36868
1.36025
1.35406
1.34949
1.34598
1.3433
1.34106
1.33929
1.33806
1.33722
1.33695
1.3374
1.33854
1.34013
1.34175
1.34424
1.34743
1.35176
1.35633
1.36166
1.36721
1.37354
1.38005
1.38737
1.39474
1.4028
1.41083
1.4194
1.42785
1.43669
1.44522
1.45403
1.46223
1.47071
1.47832
1.48628
1.49332
1.50069
1.50724
1.51409
1.52045
1.52704
1.53341
1.53998
1.54642
1.55293
1.55928
1.56532
1.57087
1.57523
1.5782
1.09743
1.12459
1.1526
1.1812
1.20929
1.23696
1.26303
1.28782
1.31013
1.33023
1.34662
1.35855
1.36279
1.35964
1.35043
1.33318
1.3018
1.25553
1.2049
1.16716
1.14902
1.14626
1.15064
1.16308
1.18364
1.20784
1.23197
1.25519
1.27818
1.30077
1.32375
1.34617
1.36876
1.39006
1.41079
1.42955
1.44681
1.46155
1.47384
1.48288
1.48847
1.49111
1.49175
1.49014
1.48511
1.4757
1.46152
1.44403
1.42616
1.40999
1.39671
1.38633
1.37861
1.37321
1.36917
1.36612
1.36398
1.36211
1.36087
1.36011
1.36006
1.36092
1.36237
1.36382
1.36613
1.36927
1.37369
1.37853
1.38429
1.39017
1.39693
1.40361
1.4112
1.41878
1.42705
1.4353
1.4439
1.45255
1.46137
1.47011
1.47896
1.4874
1.49605
1.50403
1.5123
1.51975
1.52741
1.53413
1.54109
1.54717
1.5536
1.55935
1.56545
1.5712
1.57702
1.58262
1.58779
1.5925
1.59588
1.59844
1.11164
1.13578
1.16112
1.18688
1.21273
1.23774
1.26166
1.28378
1.30335
1.31934
1.33013
1.33291
1.32827
1.31844
1.29884
1.26416
1.21797
1.17457
1.1457
1.13441
1.13491
1.14025
1.15358
1.17309
1.19385
1.21379
1.23312
1.25216
1.27179
1.29199
1.3131
1.33444
1.35621
1.37752
1.39858
1.41856
1.43753
1.45492
1.47059
1.48399
1.49495
1.50264
1.50727
1.50922
1.50957
1.50729
1.50117
1.49032
1.4748
1.45707
1.43975
1.42434
1.41207
1.40285
1.39614
1.39158
1.38825
1.38579
1.3843
1.38322
1.38299
1.38369
1.38505
1.38639
1.38847
1.3914
1.39561
1.40037
1.40601
1.41191
1.41863
1.42541
1.43302
1.44064
1.4489
1.45722
1.46589
1.47473
1.48368
1.49273
1.50183
1.51074
1.51976
1.52825
1.5369
1.5447
1.55255
1.55948
1.56651
1.57262
1.57893
1.5844
1.59011
1.59517
1.60028
1.60484
1.60901
1.61255
1.61479
1.61698
1.12964
1.15064
1.173
1.19594
1.21876
1.24089
1.26134
1.27919
1.29327
1.30101
1.30127
1.29425
1.28129
1.25726
1.21912
1.17528
1.14006
1.12052
1.11525
1.1182
1.12714
1.14233
1.16098
1.17912
1.19618
1.21228
1.22827
1.24481
1.26239
1.28108
1.30077
1.32125
1.34216
1.36331
1.38426
1.40493
1.42485
1.44405
1.4619
1.47847
1.49312
1.50562
1.51565
1.52223
1.52614
1.52769
1.52767
1.52447
1.5168
1.50445
1.48764
1.46969
1.45291
1.43869
1.42754
1.41958
1.41382
1.41032
1.40801
1.40666
1.40628
1.40687
1.40812
1.40934
1.41133
1.41422
1.41837
1.42305
1.42872
1.43465
1.44144
1.44821
1.45579
1.46342
1.47168
1.48011
1.48883
1.49783
1.50689
1.51612
1.52539
1.53451
1.54373
1.55259
1.56139
1.56968
1.57758
1.58509
1.59194
1.59848
1.60433
1.60985
1.61486
1.61941
1.6236
1.62703
1.63001
1.63206
1.63319
1.63495
1.15006
1.16763
1.18655
1.20582
1.22522
1.24295
1.2587
1.26977
1.27368
1.27031
1.26091
1.24306
1.21241
1.17174
1.13289
1.1063
1.09514
1.09525
1.10026
1.11264
1.13058
1.14839
1.16483
1.17958
1.19333
1.2069
1.22105
1.23621
1.25259
1.27023
1.28893
1.3086
1.32885
1.34965
1.37048
1.39148
1.41199
1.43229
1.45157
1.47023
1.48735
1.50318
1.51695
1.5285
1.5371
1.54277
1.54565
1.54685
1.54605
1.54143
1.53187
1.51722
1.50015
1.48238
1.46678
1.45387
1.44427
1.43787
1.43381
1.4316
1.43093
1.43139
1.43268
1.4339
1.43585
1.43866
1.44252
1.44706
1.45248
1.45836
1.465
1.47184
1.47932
1.48699
1.49513
1.50352
1.51212
1.52102
1.53005
1.53925
1.54861
1.55785
1.56726
1.57635
1.58525
1.59387
1.60191
1.60972
1.61679
1.62338
1.6294
1.63465
1.63946
1.64337
1.64664
1.64887
1.65019
1.65092
1.65031
1.65239
1.17261
1.18834
1.20325
1.21798
1.23104
1.24262
1.24856
1.24755
1.23992
1.22675
1.20282
1.16665
1.12611
1.0943
1.07697
1.07235
1.07553
1.08524
1.10115
1.11954
1.13689
1.15218
1.16565
1.17795
1.18994
1.20227
1.21549
1.22978
1.2454
1.26214
1.28008
1.29891
1.31857
1.33879
1.35945
1.38026
1.40116
1.42172
1.44206
1.46155
1.48043
1.49802
1.51445
1.52904
1.54168
1.55183
1.55887
1.56332
1.56565
1.56639
1.56441
1.55806
1.54673
1.53093
1.51409
1.49751
1.48351
1.47268
1.46505
1.46062
1.45837
1.45818
1.45924
1.46048
1.46229
1.46491
1.46862
1.47305
1.47824
1.48389
1.4903
1.49699
1.50432
1.5119
1.51991
1.52821
1.53671
1.54552
1.55447
1.56359
1.57286
1.58215
1.59146
1.6006
1.60947
1.61819
1.62638
1.63418
1.64154
1.64808
1.65419
1.65946
1.66379
1.66735
1.66954
1.67057
1.67027
1.67002
1.66787
1.66985
1.19135
1.20528
1.21792
1.2278
1.23362
1.23339
1.22612
1.21381
1.19301
1.16047
1.12016
1.08316
1.05881
1.04949
1.05024
1.05669
1.07114
1.09072
1.10939
1.12612
1.14043
1.153
1.16427
1.17531
1.1865
1.19849
1.21134
1.2254
1.24047
1.25671
1.27391
1.29205
1.31101
1.33059
1.35072
1.37117
1.39174
1.4124
1.43271
1.45286
1.47232
1.49126
1.50918
1.52613
1.54165
1.55536
1.56695
1.57605
1.58215
1.58579
1.58798
1.58828
1.58497
1.57658
1.56345
1.54754
1.53137
1.51635
1.50437
1.49576
1.49028
1.48781
1.48768
1.48886
1.49007
1.49216
1.49536
1.49966
1.50442
1.50974
1.51571
1.52213
1.52915
1.53649
1.54429
1.55239
1.56075
1.56939
1.57826
1.58734
1.59659
1.60584
1.61498
1.62415
1.63302
1.64177
1.65019
1.65806
1.66557
1.67232
1.67829
1.68357
1.6877
1.69049
1.69177
1.69184
1.69085
1.68968
1.68538
1.68589
1.20463
1.21573
1.22276
1.22554
1.22034
1.20937
1.19121
1.16167
1.12124
1.07886
1.04724
1.03097
1.02743
1.03114
1.04302
1.06155
1.08136
1.09978
1.11572
1.12937
1.14131
1.15217
1.16269
1.17324
1.18439
1.19619
1.20897
1.22266
1.23742
1.25312
1.26982
1.2874
1.30581
1.32489
1.34455
1.36466
1.38501
1.4056
1.42606
1.44662
1.46658
1.48653
1.50537
1.52395
1.54096
1.55724
1.57168
1.58437
1.59487
1.6024
1.60751
1.61078
1.61223
1.61129
1.60563
1.59563
1.58149
1.56599
1.55086
1.53784
1.52784
1.5213
1.51818
1.5178
1.51873
1.5198
1.52208
1.52571
1.53024
1.53541
1.54103
1.54717
1.55371
1.56084
1.5682
1.57617
1.58413
1.59265
1.60123
1.61021
1.61916
1.62822
1.63725
1.64624
1.65522
1.66388
1.67247
1.6805
1.688
1.69499
1.70093
1.70596
1.70991
1.71181
1.71213
1.71165
1.71035
1.70759
1.70122
1.69988
1.21594
1.22083
1.21704
1.20607
1.19101
1.16495
1.12598
1.08022
1.04198
1.0179
1.00921
1.00997
1.01857
1.03506
1.05598
1.07583
1.09352
1.10861
1.12153
1.13279
1.14322
1.15328
1.16352
1.17408
1.18533
1.19722
1.20999
1.22358
1.2381
1.25348
1.26975
1.2868
1.30467
1.32316
1.3423
1.36192
1.38193
1.40231
1.42269
1.44328
1.46338
1.48358
1.50281
1.52205
1.53996
1.55749
1.5734
1.58838
1.60144
1.61281
1.62202
1.62816
1.63244
1.63505
1.63603
1.63356
1.62624
1.61466
1.60082
1.58578
1.57221
1.56109
1.55354
1.54949
1.54871
1.54933
1.55027
1.55257
1.55634
1.5611
1.56669
1.57244
1.57887
1.58541
1.59264
1.59997
1.60792
1.61601
1.62452
1.63303
1.64177
1.65045
1.65929
1.66793
1.67668
1.68521
1.69342
1.70148
1.70875
1.71547
1.72139
1.72592
1.72923
1.73032
1.72991
1.7291
1.72706
1.72211
1.71421
1.71139
1.21516
1.21049
1.19483
1.17191
1.13465
1.08648
1.03873
1.00623
0.990895
0.989082
0.993943
1.00888
1.03053
1.05218
1.07198
1.08905
1.10342
1.11567
1.12652
1.1366
1.14649
1.15653
1.16698
1.17798
1.18956
1.20178
1.21465
1.22822
1.24256
1.25759
1.27347
1.28998
1.30735
1.32524
1.34388
1.36288
1.38238
1.4021
1.42196
1.44206
1.46182
1.48183
1.50104
1.52036
1.53861
1.55665
1.57355
1.58979
1.60466
1.61853
1.63044
1.64084
1.64881
1.65423
1.65878
1.66061
1.66125
1.6575
1.64884
1.63674
1.62257
1.60904
1.59697
1.58852
1.58308
1.58162
1.58181
1.58242
1.58431
1.58817
1.59322
1.59901
1.60485
1.61131
1.61784
1.62507
1.63254
1.64045
1.64845
1.65672
1.66499
1.67349
1.68184
1.69039
1.69874
1.70696
1.71502
1.72244
1.72956
1.73573
1.74086
1.74496
1.74673
1.74689
1.74601
1.74433
1.7407
1.73364
1.72386
1.71962
1.19897
1.18019
1.14696
1.09937
1.04415
1.00036
0.974904
0.966933
0.96952
0.981673
1.00221
1.02527
1.04693
1.066
1.08226
1.09614
1.10811
1.11896
1.12921
1.13936
1.14966
1.16029
1.17129
1.18275
1.19468
1.20715
1.22017
1.23377
1.24803
1.26289
1.27848
1.29459
1.31146
1.32872
1.34672
1.36496
1.38385
1.40282
1.42225
1.44158
1.46109
1.48039
1.49956
1.51849
1.53707
1.55525
1.57298
1.58982
1.60629
1.62134
1.63582
1.64879
1.66023
1.66998
1.67692
1.68306
1.68676
1.68865
1.68767
1.68235
1.67275
1.65964
1.64583
1.633
1.62306
1.61643
1.61379
1.61335
1.61374
1.61515
1.61887
1.62385
1.62971
1.63569
1.64225
1.6491
1.65636
1.66383
1.67161
1.67945
1.6876
1.6956
1.70393
1.71203
1.72023
1.7282
1.73579
1.74312
1.74956
1.75531
1.7598
1.76254
1.76326
1.76241
1.76134
1.7582
1.75285
1.74378
1.73163
1.72567
1.16036
1.11307
1.05699
1.00356
0.967595
0.952215
0.950916
0.959241
0.977177
1.00154
1.02431
1.04517
1.06301
1.07825
1.09105
1.10241
1.11273
1.12272
1.13267
1.14296
1.15363
1.16474
1.17625
1.18818
1.2005
1.21322
1.22637
1.23996
1.25406
1.26868
1.28389
1.29959
1.31595
1.33273
1.35019
1.36795
1.38627
1.40474
1.42359
1.44244
1.4615
1.48043
1.49943
1.51818
1.53684
1.55508
1.57309
1.59061
1.60769
1.62413
1.63998
1.6547
1.66865
1.68063
1.69164
1.69991
1.70701
1.71259
1.7152
1.7155
1.71259
1.70501
1.69352
1.67979
1.66662
1.65503
1.6472
1.64262
1.6414
1.64138
1.64221
1.64559
1.65039
1.65649
1.66279
1.66967
1.67654
1.6839
1.69127
1.69901
1.70676
1.71469
1.7226
1.73057
1.73837
1.7461
1.75342
1.76023
1.76645
1.77123
1.77508
1.77636
1.77632
1.77546
1.77353
1.76878
1.76092
1.74975
1.73674
1.73032
1.06993
0.999158
0.949626
0.925486
0.921746
0.929049
0.94834
0.974815
0.999808
1.02275
1.04284
1.05983
1.07391
1.08594
1.09657
1.10663
1.11655
1.12671
1.13721
1.14809
1.15943
1.17115
1.18326
1.1957
1.20843
1.22149
1.23483
1.24856
1.26264
1.27722
1.29222
1.30774
1.32373
1.34016
1.35706
1.37427
1.39186
1.40969
1.42777
1.44599
1.46436
1.48271
1.50114
1.51944
1.53771
1.55571
1.5736
1.59109
1.60838
1.62514
1.64146
1.6572
1.67212
1.68637
1.69919
1.71052
1.71984
1.72732
1.73379
1.73723
1.73762
1.73617
1.7311
1.72204
1.7089
1.69558
1.68309
1.6738
1.66779
1.66554
1.66535
1.66571
1.66842
1.67278
1.67925
1.68566
1.69278
1.69965
1.70706
1.71438
1.72213
1.72981
1.7377
1.74542
1.75308
1.76035
1.76719
1.77338
1.77848
1.78247
1.78445
1.7848
1.78429
1.78254
1.77878
1.77093
1.76037
1.74876
1.73677
1.73122
0.925902
0.876045
0.866485
0.876706
0.90195
0.935211
0.967164
0.994155
1.01749
1.03733
1.05362
1.06727
1.07907
1.08985
1.10013
1.11039
1.1208
1.13164
1.14283
1.15437
1.16613
1.17819
1.19046
1.20305
1.21591
1.22908
1.24255
1.25636
1.27045
1.28493
1.29975
1.31496
1.33055
1.34647
1.36274
1.37933
1.39621
1.41341
1.43083
1.44848
1.46625
1.4841
1.50196
1.5197
1.53746
1.55503
1.57258
1.58986
1.60704
1.62381
1.64038
1.65644
1.672
1.68691
1.70092
1.71398
1.7256
1.73537
1.74397
1.75112
1.75592
1.7573
1.7559
1.75213
1.745
1.73373
1.72032
1.70729
1.69657
1.68939
1.68608
1.68548
1.68576
1.68778
1.69243
1.69887
1.70561
1.71264
1.71962
1.72699
1.73427
1.74192
1.74934
1.75683
1.76405
1.77078
1.77707
1.78228
1.78629
1.78868
1.78933
1.78906
1.78769
1.78394
1.77672
1.76624
1.75515
1.74462
1.73478
1.73062
0.722624
0.730135
0.769611
0.822771
0.88017
0.924684
0.960909
0.989794
1.0131
1.03156
1.04674
1.06015
1.07259
1.08466
1.09656
1.10857
1.1206
1.13289
1.14513
1.15767
1.17022
1.18307
1.19598
1.20915
1.22247
1.23604
1.24983
1.26383
1.27807
1.29248
1.30718
1.32209
1.33728
1.35276
1.36844
1.38451
1.40067
1.41723
1.43378
1.45066
1.46741
1.48445
1.50132
1.51841
1.53531
1.55235
1.56919
1.58605
1.60269
1.6192
1.63552
1.65146
1.66723
1.68231
1.6971
1.71078
1.72392
1.73526
1.74553
1.75366
1.76165
1.76675
1.76933
1.76805
1.76488
1.75912
1.74937
1.73621
1.72324
1.7116
1.7035
1.69899
1.69794
1.69823
1.70005
1.70455
1.71092
1.7179
1.72539
1.73277
1.74042
1.74795
1.75551
1.76289
1.77001
1.77644
1.78225
1.78649
1.78947
1.79043
1.79055
1.78944
1.78561
1.77806
1.76824
1.75748
1.74789
1.73933
1.73235
1.72955
0.47229
0.546921
0.644764
0.74812
0.823172
0.875224
0.91334
0.944317
0.969319
0.990543
1.00957
1.02719
1.04372
1.05976
1.07532
1.09073
1.10573
1.12075
1.13533
1.14985
1.16399
1.17827
1.19232
1.20656
1.22073
1.23506
1.24948
1.264
1.27866
1.2933
1.30808
1.32289
1.33786
1.35304
1.36833
1.38396
1.39959
1.41553
1.43144
1.44751
1.4636
1.47973
1.4959
1.5121
1.52825
1.54453
1.56059
1.57688
1.59283
1.60901
1.62476
1.64071
1.65597
1.67147
1.6858
1.70048
1.71338
1.72653
1.73743
1.74783
1.75596
1.764
1.76935
1.77192
1.77111
1.76762
1.76242
1.75446
1.74249
1.72915
1.71666
1.70779
1.70229
1.70098
1.70144
1.70337
1.70761
1.71368
1.72134
1.72917
1.73713
1.74494
1.75249
1.75992
1.76661
1.77266
1.77743
1.78058
1.78235
1.7829
1.78222
1.77835
1.7712
1.76182
1.75181
1.74281
1.73503
1.73015
1.72495
1.72463
0.298879
0.403503
0.543399
0.662879
0.739604
0.791317
0.830546
0.86284
0.891535
0.918554
0.944306
0.969093
0.992651
1.01476
1.03524
1.05475
1.07311
1.0909
1.10786
1.12464
1.14077
1.15684
1.17242
1.18807
1.2034
1.21882
1.23413
1.24943
1.26479
1.28004
1.29532
1.31039
1.32558
1.3407
1.35596
1.37121
1.3866
1.40192
1.41741
1.43277
1.44832
1.46374
1.47937
1.49489
1.51056
1.52622
1.54187
1.55756
1.57316
1.58866
1.60425
1.6193
1.63476
1.64912
1.66413
1.67752
1.69168
1.70369
1.71666
1.7266
1.73737
1.74504
1.75333
1.75874
1.76205
1.76185
1.75873
1.75409
1.74765
1.73762
1.72527
1.71285
1.70365
1.69756
1.69596
1.69637
1.69873
1.70279
1.70897
1.71682
1.72492
1.7331
1.74066
1.74812
1.7541
1.75955
1.76281
1.76549
1.76669
1.76624
1.76218
1.75516
1.74602
1.73696
1.7279
1.72158
1.71612
1.71436
1.71106
1.71309
0.174769
0.311957
0.467995
0.578663
0.645288
0.691034
0.728742
0.763942
0.797829
0.830301
0.861134
0.890318
0.917788
0.943986
0.968788
0.992359
1.0145
1.03556
1.05558
1.07499
1.09371
1.11201
1.12974
1.14707
1.16398
1.18054
1.19692
1.21305
1.22918
1.24508
1.26099
1.27648
1.2921
1.30741
1.32319
1.33868
1.35477
1.37038
1.38656
1.40207
1.4181
1.43344
1.44926
1.46451
1.48014
1.49549
1.51086
1.52619
1.54135
1.55682
1.57197
1.58731
1.60237
1.61719
1.63176
1.64602
1.65965
1.67335
1.68587
1.69837
1.70965
1.71993
1.72949
1.73742
1.74493
1.74821
1.75002
1.74756
1.74328
1.73773
1.72888
1.71767
1.70488
1.69522
1.68825
1.6861
1.6863
1.68876
1.6931
1.6988
1.70643
1.71436
1.72208
1.72869
1.734
1.73747
1.74037
1.74137
1.7404
1.73598
1.72827
1.7195
1.70984
1.7022
1.69515
1.69205
1.6894
1.6898
1.68938
1.69254
0.200376
0.303856
0.430565
0.525553
0.576697
0.609444
0.639686
0.67182
0.705362
0.739053
0.771863
0.803463
0.83373
0.862632
0.890232
0.916577
0.941958
0.966219
0.989679
1.01206
1.03374
1.05433
1.07441
1.0935
1.11233
1.13024
1.14811
1.16523
1.18242
1.19905
1.21582
1.2322
1.24848
1.2646
1.28041
1.29615
1.31148
1.32685
1.34192
1.35713
1.37221
1.38749
1.40276
1.41831
1.43388
1.44968
1.46566
1.48191
1.49808
1.51448
1.53027
1.54657
1.56176
1.57773
1.59237
1.60799
1.62196
1.63739
1.65038
1.66518
1.67722
1.69046
1.70079
1.71199
1.72051
1.72872
1.73284
1.73511
1.73324
1.72905
1.72409
1.71633
1.70583
1.69328
1.68339
1.67607
1.67331
1.67324
1.67567
1.67957
1.68462
1.69089
1.69772
1.70293
1.70689
1.70949
1.71025
1.70845
1.70273
1.69449
1.68493
1.67513
1.6668
1.65912
1.65542
1.65222
1.65256
1.65335
1.65492
1.65888
0.196687
0.289238
0.405055
0.491199
0.534652
0.558633
0.58031
0.604667
0.631197
0.659144
0.688474
0.718241
0.748364
0.777958
0.807102
0.835129
0.862353
0.88831
0.913362
0.937204
0.960266
0.982379
1.00388
1.02466
1.04485
1.06454
1.08355
1.10226
1.12025
1.1381
1.15528
1.17226
1.18851
1.2046
1.22022
1.23589
1.25142
1.26722
1.28311
1.29941
1.31588
1.33277
1.34985
1.36721
1.38473
1.40225
1.41995
1.43721
1.45477
1.47151
1.48863
1.50481
1.5215
1.53708
1.55357
1.56859
1.58466
1.59944
1.61448
1.62903
1.64305
1.65615
1.6695
1.68028
1.69199
1.70023
1.7088
1.71325
1.71669
1.71562
1.7124
1.70861
1.70246
1.69382
1.68188
1.67247
1.66521
1.66199
1.66123
1.66244
1.66516
1.66842
1.67202
1.67523
1.67669
1.67681
1.67436
1.66842
1.65896
1.64834
1.6368
1.62636
1.61672
1.61166
1.60624
1.60582
1.60678
1.60897
1.61141
1.61705
0.248552
0.30883
0.401442
0.485013
0.523771
0.539943
0.552549
0.56773
0.585915
0.607146
0.631146
0.6566
0.683046
0.709892
0.736893
0.763641
0.790077
0.816017
0.841259
0.865855
0.889641
0.912891
0.935321
0.957206
0.978097
0.998387
1.01762
1.03633
1.05415
1.07161
1.08846
1.10517
1.12165
1.13816
1.15474
1.17151
1.18858
1.20595
1.22366
1.24162
1.25977
1.27799
1.29622
1.31437
1.33239
1.35016
1.36777
1.38505
1.40213
1.41894
1.43562
1.45218
1.46859
1.48495
1.50111
1.51716
1.53296
1.54855
1.56407
1.57923
1.59393
1.60908
1.62314
1.63657
1.6502
1.66239
1.67417
1.68448
1.69243
1.69751
1.69878
1.69719
1.69497
1.69064
1.68276
1.67276
1.66207
1.65517
1.65005
1.64814
1.64703
1.64726
1.64739
1.6467
1.64468
1.64001
1.63265
1.62133
1.60841
1.59432
1.58153
1.57025
1.56379
1.55835
1.55826
1.5604
1.56338
1.56731
1.57127
1.57935
0.244548
0.291256
0.381588
0.465173
0.506768
0.524449
0.536004
0.548418
0.563037
0.580751
0.601306
0.623425
0.646475
0.670015
0.693853
0.717883
0.742054
0.766271
0.790391
0.814238
0.837656
0.86048
0.882714
0.904146
0.924805
0.94442
0.963219
0.980979
0.998125
1.01462
1.03097
1.04736
1.06403
1.081
1.09836
1.11605
1.13398
1.15212
1.17026
1.18853
1.20666
1.22483
1.24283
1.26075
1.27852
1.29618
1.31378
1.33135
1.34887
1.36646
1.38389
1.4015
1.41877
1.43628
1.45337
1.4707
1.48768
1.50483
1.5218
1.53898
1.5558
1.57293
1.58943
1.60582
1.62226
1.63741
1.65193
1.66544
1.67658
1.68504
1.69012
1.69078
1.68825
1.68507
1.67949
1.67069
1.65821
1.64634
1.63682
1.63021
1.62535
1.62075
1.6162
1.60988
1.60156
1.59066
1.57664
1.5616
1.54626
1.53325
1.5228
1.51563
1.51326
1.51388
1.51735
1.52213
1.52755
1.53432
1.53945
1.54829
0.258657
0.283207
0.366078
0.450576
0.497575
0.520672
0.53506
0.548316
0.563026
0.579854
0.599021
0.619618
0.640523
0.661405
0.682208
0.703059
0.724085
0.745359
0.766833
0.788349
0.809684
0.830626
0.851021
0.870767
0.889804
0.908021
0.925344
0.941718
0.957515
0.973129
0.989019
1.00552
1.02255
1.04008
1.05789
1.07581
1.0938
1.11168
1.12953
1.14728
1.165
1.18269
1.20042
1.21819
1.23612
1.25415
1.27233
1.29063
1.30893
1.32747
1.34566
1.36434
1.3823
1.40089
1.41882
1.4372
1.45531
1.47365
1.49194
1.51042
1.52895
1.5471
1.56567
1.58306
1.60035
1.6165
1.6314
1.64544
1.65715
1.66724
1.67581
1.67991
1.68173
1.67991
1.67719
1.67213
1.66264
1.64916
1.63534
1.62251
1.61035
1.59897
1.5869
1.57415
1.55925
1.54313
1.52581
1.5102
1.49659
1.48611
1.48039
1.478
1.47858
1.48257
1.48907
1.49452
1.50158
1.50748
1.51375
1.52013
0.264378
0.274642
0.355708
0.447914
0.50511
0.534014
0.549054
0.561029
0.574632
0.590605
0.608869
0.628226
0.647231
0.665903
0.68447
0.703091
0.721915
0.740997
0.760283
0.779635
0.798841
0.817699
0.836064
0.853861
0.871045
0.887551
0.903319
0.918376
0.933004
0.947702
0.963381
0.980078
0.997296
1.01479
1.03238
1.04984
1.06726
1.08445
1.10171
1.11884
1.13619
1.15355
1.17125
1.18902
1.20716
1.22532
1.24381
1.26235
1.28108
1.29994
1.31865
1.33776
1.35642
1.37562
1.39433
1.41355
1.43254
1.45177
1.47095
1.49007
1.50923
1.52793
1.54661
1.5646
1.58204
1.59949
1.61549
1.63168
1.6462
1.65928
1.67088
1.67913
1.68393
1.68494
1.68319
1.67999
1.67348
1.66157
1.64435
1.62646
1.60771
1.58947
1.57035
1.55073
1.53021
1.50925
1.49042
1.47399
1.46209
1.45565
1.45203
1.45221
1.45492
1.4607
1.46664
1.47202
1.47767
1.48283
1.48677
1.48951
0.262067
0.264285
0.348391
0.454622
0.5238
0.55488
0.566171
0.573892
0.584181
0.598391
0.615557
0.633341
0.651018
0.668652
0.686378
0.704258
0.722286
0.740486
0.758757
0.776849
0.794548
0.811761
0.828473
0.844679
0.86038
0.875538
0.890151
0.904285
0.918284
0.933045
0.949159
0.965923
0.982878
1.00001
1.01707
1.0341
1.05109
1.06814
1.08525
1.10254
1.11993
1.13755
1.15532
1.17325
1.19139
1.2095
1.22797
1.24622
1.26488
1.28328
1.30211
1.32077
1.33965
1.35834
1.37736
1.39632
1.41587
1.43534
1.45524
1.475
1.49497
1.51476
1.53435
1.55381
1.57241
1.59124
1.60864
1.62581
1.64217
1.65637
1.66993
1.68079
1.68797
1.69218
1.69083
1.68865
1.68412
1.67499
1.65823
1.63646
1.61195
1.5869
1.561
1.53489
1.50901
1.48511
1.46509
1.44912
1.43947
1.43426
1.43193
1.43338
1.43674
1.44156
1.44553
1.44875
1.45181
1.45445
1.45625
1.45779
0.241467
0.253538
0.344302
0.4643
0.538214
0.566461
0.573617
0.578335
0.586491
0.599864
0.616979
0.635076
0.652843
0.670427
0.688108
0.705995
0.724037
0.742082
0.759938
0.77739
0.79425
0.810421
0.825919
0.840887
0.85545
0.869651
0.88352
0.897064
0.911139
0.926966
0.94356
0.960394
0.977115
0.99396
1.01069
1.02754
1.04442
1.06153
1.07868
1.09616
1.11358
1.1314
1.14914
1.1671
1.18492
1.20264
1.2204
1.2378
1.25557
1.27291
1.29092
1.30866
1.32741
1.34613
1.36605
1.38566
1.40633
1.42649
1.44727
1.46773
1.4883
1.50874
1.52868
1.54867
1.56772
1.58681
1.60509
1.62247
1.63988
1.65493
1.66969
1.68207
1.69151
1.69748
1.69835
1.69645
1.69279
1.68524
1.67043
1.647
1.61863
1.58756
1.55493
1.52341
1.49374
1.46785
1.44788
1.43266
1.42366
1.41919
1.41727
1.41832
1.42076
1.42349
1.42532
1.42702
1.42902
1.43157
1.4331
1.43557
0.163224
0.144185
0.248377
0.397616
0.485121
0.516938
0.527368
0.537361
0.549489
0.564533
0.583711
0.604846
0.624954
0.644108
0.662912
0.681646
0.700319
0.71882
0.737024
0.754862
0.772266
0.789289
0.806002
0.822471
0.838872
0.855205
0.871392
0.887453
0.904013
0.921974
0.940409
0.958967
0.977303
0.995709
1.01397
1.03229
1.05052
1.06887
1.08705
1.1053
1.12302
1.14069
1.15766
1.17448
1.1906
1.20649
1.22207
1.23756
1.25351
1.26962
1.28683
1.30432
1.32306
1.34187
1.36181
1.38137
1.40189
1.42183
1.44243
1.46264
1.48294
1.50314
1.52283
1.54267
1.56176
1.58081
1.5995
1.61709
1.63505
1.65086
1.66624
1.67987
1.69035
1.69805
1.70054
1.69877
1.69551
1.68897
1.67577
1.65283
1.62223
1.58623
1.5491
1.51329
1.48161
1.45566
1.43605
1.42231
1.41416
1.41054
1.40911
1.41021
1.41295
1.41472
1.41601
1.41754
1.41935
1.42195
1.4233
1.42635
0.179477
0.202241
0.311404
0.450401
0.533654
0.561567
0.567702
0.573306
0.581328
0.59286
0.608627
0.628025
0.647498
0.665825
0.683776
0.701754
0.719683
0.73729
0.754326
0.770568
0.785978
0.800781
0.815018
0.828757
0.842713
0.856635
0.870557
0.885543
0.902238
0.919236
0.936198
0.953166
0.970083
0.987188
1.00444
1.022
1.03977
1.05769
1.07556
1.09347
1.11095
1.12825
1.14491
1.16168
1.17787
1.19438
1.2102
1.22648
1.24257
1.25941
1.27687
1.29503
1.31425
1.33377
1.35448
1.37498
1.39654
1.41754
1.4393
1.46051
1.48192
1.50289
1.52349
1.54388
1.56357
1.58309
1.60213
1.62009
1.63835
1.65451
1.67024
1.68453
1.69554
1.70426
1.70779
1.70613
1.70306
1.6968
1.68429
1.66099
1.62828
1.58868
1.54736
1.5083
1.47472
1.44885
1.43048
1.41816
1.41205
1.40887
1.40813
1.40973
1.41152
1.41251
1.41308
1.41367
1.41471
1.41647
1.41742
1.41954
)
;

boundaryField
{
    inlet
    {
        type            calculated;
        value           uniform 3.00001;
    }
    outlet
    {
        type            calculated;
        value           nonuniform List<scalar> 
40
(
0.933656
1.04064
1.1326
1.21226
1.28387
1.34687
1.39996
1.44347
1.47795
1.50823
1.53388
1.55722
1.5782
1.59844
1.61698
1.63495
1.65239
1.66985
1.68589
1.69988
1.71139
1.71962
1.72567
1.73032
1.73122
1.73062
1.72955
1.72463
1.71309
1.69254
1.65888
1.61705
1.57935
1.54829
1.52013
1.48951
1.45779
1.43557
1.42635
1.41954
)
;
    }
    bottom
    {
        type            symmetryPlane;
    }
    top
    {
        type            symmetryPlane;
    }
    obstacle
    {
        type            calculated;
        value           uniform 0;
    }
    defaultFaces
    {
        type            empty;
    }
}


// ************************************************************************* //
