/*--------------------------------*- C++ -*----------------------------------*\
  =========                 |
  \\      /  F ield         | OpenFOAM: The Open Source CFD Toolbox
   \\    /   O peration     | Website:  https://openfoam.org
    \\  /    A nd           | Version:  6
     \\/     M anipulation  |
\*---------------------------------------------------------------------------*/
FoamFile
{
    version     2.0;
    format      ascii;
    class       volScalarField;
    location    "5.5";
    object      p;
}
// * * * * * * * * * * * * * * * * * * * * * * * * * * * * * * * * * * * * * //

dimensions      [1 -1 -2 0 0 0 0];

internalField   nonuniform List<scalar> 
5250
(
1.00005
1.00027
1.00069
1.00182
1.00393
1.01008
1.02083
1.05641
1.11125
1.32999
1.71058
3.07611
6.70906
14.9192
13.803
12.111
11.499
11.5655
11.8026
12.0838
12.2344
12.323
12.3966
12.4559
12.494
1.00005
1.00027
1.00069
1.00181
1.00392
1.01004
1.02075
1.05618
1.11082
1.32863
1.70767
3.06731
6.68403
14.8656
13.753
12.0721
11.4795
11.5531
11.7978
12.074
12.221
12.3105
12.3864
12.4467
12.4868
1.00005
1.00026
1.00068
1.0018
1.00388
1.00995
1.02057
1.05569
1.10991
1.32563
1.7012
3.04721
6.62551
14.7442
13.6518
11.9936
11.4312
11.5135
11.767
12.0324
12.1721
12.2619
12.3406
12.4021
12.4447
1.00005
1.00026
1.00067
1.00177
1.00383
1.00982
1.02029
1.0549
1.10847
1.32081
1.69073
3.01445
6.53021
14.5542
13.5092
11.8874
11.3563
11.4445
11.7017
11.9515
12.082
12.1699
12.2484
12.3092
12.3524
1.00005
1.00026
1.00066
1.00174
1.00376
1.00963
1.01991
1.05382
1.10647
1.31407
1.67608
2.96864
6.39794
14.2954
13.3251
11.7553
11.2589
11.3504
11.605
11.8377
11.9572
12.0409
12.1172
12.1753
12.218
1.00004
1.00025
1.00065
1.00169
1.00366
1.00939
1.01941
1.05242
1.10394
1.30534
1.65729
2.90993
6.22563
13.9634
13.0985
11.5985
11.1411
11.2321
11.4761
11.6872
11.7928
11.8684
11.9385
11.9917
12.0349
1.00004
1.00024
1.00063
1.00164
1.00355
1.00909
1.01881
1.05075
1.10051
1.29594
1.63013
2.85397
6.00046
13.5544
12.8242
11.4267
11.006
11.0902
11.3123
11.4965
11.5832
11.6436
11.6999
11.7419
11.7834
1.00004
1.00023
1.0006
1.00158
1.00342
1.00874
1.0181
1.04877
1.09639
1.28493
1.59776
2.78984
5.73214
13.0606
12.481
11.2738
10.8584
10.9257
11.1099
11.2616
11.3214
11.3542
11.3793
11.3902
11.4177
1.00004
1.00022
1.00057
1.00151
1.00326
1.00833
1.01726
1.04646
1.09153
1.27209
1.56083
2.71335
5.43181
12.48
12.0782
11.125
10.6989
10.7402
10.8709
10.9819
11.0026
10.9905
10.9515
10.8806
10.8443
1.00004
1.00021
1.00054
1.00142
1.00307
1.00786
1.01629
1.04379
1.08637
1.25617
1.52555
2.60932
5.11829
11.8105
11.6223
10.9823
10.5304
10.536
10.5994
10.6553
10.6316
10.5466
10.3723
10.1103
9.78367
1.00003
1.00019
1.0005
1.00132
1.00286
1.00731
1.01516
1.04072
1.08032
1.238
1.48496
2.49094
4.76809
11.0389
11.1888
10.8316
10.3651
10.2991
10.3177
10.3045
10.2215
10.0122
9.61985
8.92641
7.32025
1.00003
1.00018
1.00046
1.00121
1.00261
1.00667
1.01384
1.03712
1.0732
1.21689
1.4368
2.35474
4.3599
10.1099
10.9063
10.6549
10.2018
10.0646
10.0337
9.9577
9.7793
9.42492
8.85713
7.97649
6.39983
1.00003
1.00016
1.00041
1.00107
1.00233
1.00594
1.01233
1.03296
1.06494
1.19265
1.3801
2.20182
3.89437
9.01775
10.702
10.5088
10.0767
9.84677
9.7501
9.60775
9.342
8.91965
8.30511
7.47325
6.36405
1.00002
1.00014
1.00035
1.00093
1.00201
1.00511
1.01062
1.02824
1.05546
1.16617
1.31083
2.04207
3.38259
7.75507
10.605
10.4258
9.96611
9.62714
9.46149
9.2741
8.97365
8.53959
7.96653
7.24787
6.39438
1.00002
1.00012
1.0003
1.00078
1.00169
1.00429
1.00895
1.02349
1.04733
1.13493
1.2614
1.8286
2.88245
6.29745
10.5432
10.363
9.86452
9.41502
9.18749
8.97679
8.67466
8.26219
7.74857
7.139
6.45744
1.00002
1.0001
1.00025
1.00065
1.0014
1.00354
1.00739
1.01921
1.03905
1.10788
1.21613
1.64327
2.45727
5.06906
10.2337
10.1711
9.76067
9.22123
8.93746
8.71366
8.4269
8.04528
7.58665
7.06147
6.49132
1.00001
1.00008
1.0002
1.00053
1.00115
1.00289
1.00604
1.01573
1.03177
1.08896
1.17186
1.53078
2.18033
4.40391
9.36069
9.75854
9.53204
9.05003
8.72046
8.484
8.21387
7.86524
7.45338
6.99464
6.50551
1.00001
1.00006
1.00016
1.00043
1.00093
1.00234
1.00488
1.01268
1.02558
1.07212
1.13387
1.43742
1.89614
3.76034
7.82296
9.36246
9.24888
8.92683
8.55395
8.29263
8.03145
7.7117
7.34064
6.93371
6.50447
1.00001
1.00005
1.00013
1.00034
1.00073
1.00184
1.00385
1.00994
1.02015
1.05597
1.10498
1.33443
1.67795
3.06496
6.14993
9.16053
9.11801
8.88033
8.45102
8.14765
7.88239
7.58692
7.24971
6.88138
6.49983
1.00001
1.00004
1.0001
1.00026
1.00056
1.0014
1.00292
1.00748
1.01521
1.04117
1.07951
1.2379
1.47632
2.41755
4.38433
8.72649
9.01146
8.8268
8.42252
8.04899
7.76129
7.47884
7.17071
6.84083
6.49424
1.00001
1.00003
1.00007
1.00019
1.00042
1.00105
1.00221
1.00562
1.01147
1.03076
1.05951
1.18002
1.33205
2.11257
3.49461
7.55826
8.77406
8.67373
8.37769
7.9633
7.65162
7.37938
7.09742
6.79773
6.48563
1
1.00002
1.00006
1.00014
1.00031
1.00078
1.00164
1.00417
1.00851
1.02266
1.04451
1.13089
1.2417
1.80053
2.74988
5.73426
8.44406
8.43692
8.2824
7.93063
7.57455
7.2959
7.03314
6.76016
6.47627
1
1.00002
1.00004
1.0001
1.00023
1.00056
1.00118
1.00299
1.00612
1.01607
1.03208
1.08892
1.17807
1.51644
2.13852
4.0419
7.72218
8.29652
8.18992
7.91298
7.5473
7.24815
6.99138
6.73771
6.4758
1
1.00001
1.00003
1.00007
1.00016
1.00039
1.00083
1.00208
1.00425
1.01113
1.02196
1.06244
1.11439
1.3682
1.74159
3.19402
6.22473
8.04765
8.03082
7.88344
7.56251
7.24399
6.97203
6.72268
6.47629
1
1.00001
1.00002
1.00005
1.00011
1.00027
1.00056
1.00141
1.00289
1.00746
1.01486
1.04094
1.07562
1.23842
1.44923
2.37645
4.12378
7.53258
7.94607
7.84675
7.5999
7.26006
6.97435
6.72193
6.47927
1
1
1.00001
1.00003
1.00008
1.00017
1.00041
1.00085
1.00216
1.00438
1.01156
1.02264
1.06456
1.1208
1.37475
1.79594
3.20608
6.24265
7.72376
7.72137
7.59657
7.31239
6.98796
6.72468
6.48537
1
1
1.00001
1.00002
1.00005
1.00011
1.00027
1.00056
1.00141
1.00287
1.00748
1.01466
1.04134
1.07424
1.24484
1.43918
2.40517
4.16603
7.17011
7.61363
7.54788
7.35118
7.02077
6.73577
6.49203
1
1
1.00001
1.00001
1.00003
1.00007
1.00017
1.00036
1.0009
1.00183
1.00475
1.00926
1.02613
1.0461
1.15627
1.25838
1.92353
2.92734
5.88998
7.361
7.41506
7.3232
7.09287
6.76402
6.50355
1
1
1
1.00001
1.00002
1.00004
1.00011
1.00023
1.00057
1.00117
1.00301
1.00598
1.01613
1.03087
1.09068
1.16824
1.52482
2.08862
3.77593
6.74806
7.28177
7.24145
7.09209
6.79841
6.52822
1
1
1
1.00001
1.00001
1.00003
1.00006
1.00015
1.0003
1.00076
1.00151
1.00399
1.00734
1.02271
1.03564
1.13991
1.20917
1.84572
2.65115
5.36435
6.9423
7.10302
7.04226
6.87005
6.58197
1
1
1
1
1.00001
1.00002
1.00004
1.00008
1.00021
1.00043
1.00109
1.00217
1.00578
1.01113
1.03193
1.05798
1.18566
1.34149
2.05623
3.26128
6.13562
6.93048
6.92909
6.86054
6.69116
1
1
1
1
1
1.00001
1.00002
1.00005
1.00013
1.00026
1.00065
1.0013
1.00342
1.0065
1.01879
1.03191
1.11236
1.17243
1.66552
2.26429
4.3176
6.43583
6.82377
6.81458
6.75537
1
1
1
1
1
1.00001
1.00001
1.00003
1.00008
1.00016
1.0004
1.0008
1.00208
1.00408
1.01108
1.02085
1.06138
1.11177
1.35053
1.69195
2.90907
5.21404
6.50966
6.79619
6.85046
1
1
1
1
1
1
1.00001
1.00002
1.00004
1.00009
1.00022
1.00045
1.00115
1.00226
1.00602
1.01133
1.03275
1.05815
1.1831
1.34486
2.001
3.12218
5.75059
6.70237
7.05645
1
1
1
1
1
1
1
1.00001
1.00002
1.00005
1.00011
1.00023
1.00058
1.00113
1.00306
1.00551
1.0171
1.02657
1.10468
1.1476
1.6258
2.1083
3.98075
6.28977
7.44286
1
1
1
1
1
1
1
1
1.00001
1.00002
1.00004
1.0001
1.00017
1.00051
1.00073
1.00279
1.00335
1.01887
1.02099
1.13947
1.17325
1.86251
2.57294
5.17434
7.87421
1
1
1
1
1
1
1
1
1
1.00001
1.00002
1.00004
1.00009
1.00016
1.00043
1.00057
1.00321
1.00348
1.02899
1.03291
1.21513
1.30778
2.29226
3.64993
7.74439
1
1
1
1
1
1
1
1
1
1
1.00001
1.00002
1.00006
1.00009
1.00033
1.00048
1.00187
1.00327
1.01056
1.01694
1.13528
1.1487
2.12549
3.10453
7.32819
1
1
1
1
1
1
1
1
1
1
1.00001
1.00002
1.00003
1.00013
1.00022
1.00071
1.00167
1.00274
1.00344
1.03608
1.03751
1.32902
1.54436
3.10853
6.00887
1
1
1
1
1
1
1
1
1
1
1.00001
1.00001
1.00004
1.00007
1.00029
1.00048
1.00171
1.00367
1.00869
1.01362
1.09473
1.1021
1.89793
2.61941
6.28011
1
1
1
1
1
1
1
1
1
1
1
1.00002
1.00002
1.00009
1.00014
1.0006
1.00094
1.00357
1.00538
1.02673
1.03251
1.27932
1.39071
2.96285
5.59105
1
1
1
1
1
1
1
1
1
1
1.00001
1.00001
1.00004
1.00007
1.00028
1.00045
1.00165
1.0035
1.00801
1.0121
1.08411
1.10999
1.78671
2.48165
5.89952
1
1
1
1
1
1
1
1
1
1
1.00001
1.00002
1.00004
1.00015
1.00031
1.00088
1.00232
1.00479
1.01448
1.0204
1.01975
1.25966
1.34532
2.8684
5.26393
1
1
1
1
1
1
1
1
1
1
1.00001
1.00001
1.00004
1.00007
1.00026
1.00044
1.00146
1.00329
1.00682
1.00711
1.08548
1.08464
1.76012
2.39285
5.65268
1
1
1
1
1
1
1
1
1
1
1
1.00001
1.00003
1.00005
1.00019
1.00031
1.00114
1.00191
1.0094
1.01103
1.0929
1.10745
1.74488
2.36571
5.58784
1
1
1
1
1
1
1
1
1
1
1
1.00001
1.00003
1.00004
1.00019
1.0003
1.00117
1.00217
1.00778
1.00978
1.09341
1.10226
1.74858
2.36399
5.5951
1
1
1
1
1
1
1
1
1
1
1
1.00001
1.00003
1.00005
1.00019
1.00032
1.00116
1.00231
1.00897
1.01203
1.09578
1.11451
1.7425
2.38163
5.6373
1
1
1
1
1
1
1
1
1
1
1.00001
1.00001
1.00004
1.00007
1.00022
1.00037
1.00132
1.00248
1.00947
1.0116
1.09364
1.10558
1.75043
2.42979
5.77843
1
1
1
1
1
1
1
1
1
1
1.00001
1.00002
1.00007
1.00014
1.00043
1.0009
1.00225
1.00547
1.00861
1.03361
1.04138
1.25063
1.38186
2.90799
5.49763
1
1
1
1
1
1
1
1
1
1
1.00001
1.00001
1.00004
1.00006
1.00025
1.00038
1.00151
1.00342
1.00711
1.00873
1.09022
1.09713
1.77313
2.48325
5.99944
3.82954
2.42309
2.44855
2.74766
3.65374
3.76494
3.66812
3.56453
3.47461
3.41007
3.34758
3.27338
3.1938
3.11518
3.04464
2.98439
2.93016
2.87477
2.81899
2.76432
2.71036
2.65766
2.6249
2.61065
2.60653
2.60682
2.63056
2.68126
2.75965
2.8609
2.9768
3.0991
3.22189
3.34213
3.45846
3.5693
3.67286
3.76889
3.85769
3.93992
4.01653
4.08934
4.15705
4.21819
4.27208
4.31943
4.36061
4.3984
4.43469
4.46108
4.47905
4.49127
4.49815
4.50056
4.49912
4.49407
4.48331
4.46977
4.45427
4.43743
4.41888
4.39968
4.38002
4.36067
4.34207
4.32469
4.30887
4.29486
4.28275
4.2725
4.26395
4.25673
4.25025
4.24377
4.23638
4.2272
4.21535
4.20015
4.181
4.15758
4.12967
4.09729
4.06051
4.01957
3.97473
3.92635
3.87477
3.82039
3.7635
3.70444
3.64358
3.58148
3.5188
3.45633
3.39488
3.33541
3.27922
3.22805
3.1843
3.15215
4.31593
3.07913
3.08152
3.29681
3.80215
3.7596
3.65505
3.56052
3.48687
3.42115
3.35212
3.26792
3.18058
3.09741
3.02668
2.97178
2.92621
2.87321
2.8176
2.76272
2.71014
2.66117
2.62439
2.60712
2.60172
2.60209
2.62445
2.67328
2.75049
2.85152
2.96802
3.09095
3.21379
3.3333
3.44842
3.55851
3.66132
3.7569
3.84531
3.9269
4.00295
4.07686
4.14627
4.20835
4.263
4.31136
4.35354
4.39163
4.42637
4.45319
4.47183
4.48441
4.49157
4.49413
4.49308
4.4888
4.47884
4.46434
4.44883
4.43231
4.41429
4.39544
4.37618
4.35716
4.33887
4.32178
4.3062
4.29237
4.28038
4.27019
4.26163
4.25432
4.24766
4.24096
4.2333
4.22387
4.21181
4.19647
4.17725
4.1538
4.12594
4.09362
4.05692
4.01607
3.97133
3.92305
3.87159
3.81731
3.76051
3.70152
3.64075
3.57882
3.51635
3.45408
3.39283
3.33351
3.27732
3.22596
3.18179
3.14875
5.11769
4.2073
3.83977
3.84546
3.88045
3.82227
3.67938
3.54587
3.45872
3.39311
3.33072
3.25317
3.17239
3.0963
3.03013
2.9765
2.92982
2.87188
2.81171
2.75312
2.69854
2.65116
2.6146
2.59634
2.5905
2.59294
2.6124
2.65566
2.72844
2.82773
2.9451
3.06886
3.19111
3.30977
3.42567
3.5384
3.64219
3.73842
3.82779
3.91115
3.98905
4.06324
4.13237
4.19475
4.25
4.29906
4.34209
4.3804
4.41405
4.44125
4.46103
4.47446
4.48226
4.48528
4.48465
4.48156
4.47351
4.4585
4.44265
4.4264
4.40909
4.39088
4.37226
4.35379
4.33593
4.31922
4.30392
4.2902
4.27819
4.26783
4.2589
4.25103
4.24367
4.23618
4.22773
4.2176
4.20501
4.1893
4.16991
4.14648
4.11877
4.08669
4.0503
4.00976
3.96536
3.91739
3.86626
3.81224
3.7556
3.69676
3.63623
3.57472
3.51281
3.45107
3.39016
3.33101
3.27476
3.2231
3.17831
3.1438
5.52094
4.77513
4.29021
4.0777
3.99367
3.89549
3.73989
3.58592
3.4814
3.40267
3.33032
3.24647
3.16191
3.08535
3.01895
2.96453
2.91753
2.8624
2.8041
2.74774
2.69517
2.6506
2.61752
2.5978
2.58869
2.58863
2.60248
2.64249
2.71363
2.81108
2.92242
3.04344
3.16608
3.28618
3.40248
3.51443
3.61865
3.71549
3.80551
3.8896
3.9682
4.04215
4.11093
4.17369
4.22981
4.27962
4.32346
4.36199
4.3953
4.42276
4.44355
4.45802
4.46675
4.47059
4.47031
4.46837
4.46257
4.44997
4.43353
4.41741
4.40097
4.38391
4.36638
4.34895
4.33203
4.31608
4.3013
4.28786
4.27563
4.26479
4.25503
4.24601
4.23718
4.22805
4.21799
4.20641
4.1926
4.17602
4.15612
4.13252
4.10495
4.07324
4.03742
3.99755
3.95388
3.90666
3.85624
3.80277
3.74655
3.68831
3.6287
3.56813
3.50701
3.44594
3.3855
3.32663
3.2704
3.21845
3.17301
3.13673
5.75433
5.11544
4.62016
4.30029
4.11964
3.9817
3.83273
3.67789
3.54784
3.44451
3.35605
3.26686
3.17954
3.09887
3.02893
2.97057
2.91859
2.86245
2.80435
2.74887
2.69895
2.65837
2.62981
2.61359
2.60841
2.6115
2.62647
2.66362
2.72781
2.81075
2.91027
3.01477
3.12973
3.24837
3.36603
3.48016
3.58754
3.68686
3.77858
3.86369
3.94299
4.01706
4.08591
4.14905
4.20591
4.25649
4.30099
4.33983
4.37322
4.40102
4.42269
4.43833
4.44824
4.45329
4.45344
4.45246
4.44881
4.44002
4.42431
4.40824
4.39258
4.37677
4.36073
4.34484
4.32925
4.31424
4.2999
4.28647
4.2739
4.26218
4.251
4.24002
4.22885
4.21721
4.20466
4.19073
4.17493
4.15678
4.13583
4.1117
4.08411
4.05283
4.01779
3.97896
3.93649
3.89054
3.84129
3.78876
3.73383
3.67702
3.6187
3.5593
3.49923
3.43906
3.37939
3.32106
3.26514
3.21307
3.16716
3.1292
5.90531
5.35135
4.88223
4.5284
4.28216
4.10135
3.9416
3.78708
3.64866
3.52805
3.41865
3.31925
3.22648
3.13945
3.06208
2.99449
2.93392
2.87527
2.81948
2.76886
2.7271
2.69748
2.68066
2.67874
2.68379
2.70009
2.72786
2.75708
2.79553
2.84642
2.91136
2.98858
3.07421
3.17846
3.29454
3.41576
3.53304
3.64048
3.73734
3.82523
3.90547
3.97964
4.0484
4.11188
4.16968
4.22161
4.26757
4.30788
4.34256
4.3716
4.39483
4.41229
4.42419
4.43112
4.43358
4.43331
4.43161
4.42666
4.41577
4.40064
4.38583
4.37131
4.3569
4.34259
4.32836
4.31408
4.3001
4.28655
4.2732
4.26005
4.2465
4.23265
4.21829
4.20327
4.18733
4.17023
4.15156
4.13105
4.10839
4.08324
4.05535
4.02442
3.99033
3.95287
3.91209
3.86797
3.82039
3.76989
3.71695
3.66197
3.60529
3.54739
3.4887
3.42975
3.37118
3.31373
3.2584
3.20649
3.16038
3.12107
6.00288
5.51906
5.08799
4.73084
4.45442
4.23963
4.06021
3.89853
3.75164
3.61892
3.49968
3.39189
3.2924
3.20018
3.11601
3.04073
2.9714
2.91026
2.85847
2.81731
2.79133
2.78134
2.78407
2.7968
2.82927
2.87842
2.9071
2.92061
2.92879
2.93592
2.95008
2.98076
3.03601
3.09362
3.18584
3.3048
3.43469
3.55871
3.67059
3.76923
3.85537
3.93229
4.00198
4.06585
4.12444
4.17785
4.22568
4.26803
4.30479
4.3359
4.3614
4.38129
4.39578
4.40534
4.41057
4.41212
4.41175
4.40983
4.40458
4.39346
4.37994
4.36679
4.35433
4.34179
4.32887
4.31563
4.30204
4.28809
4.27375
4.25838
4.24218
4.2251
4.20704
4.18796
4.16778
4.14643
4.12396
4.1002
4.07499
4.04811
4.01936
3.98843
3.95511
3.91911
3.88029
3.83838
3.79333
3.74553
3.69515
3.64252
3.58801
3.5321
3.47527
3.41805
3.36104
3.3049
3.25061
3.19924
3.15333
3.11326
6.06728
5.64035
5.24723
4.90308
4.61516
4.38042
4.1839
4.01174
3.85637
3.71496
3.58742
3.471
3.36431
3.26616
3.17643
3.09606
3.02535
2.96647
2.9227
2.89705
2.8973
2.90412
2.92774
2.9846
3.08144
3.14616
3.15782
3.15187
3.13155
3.0857
3.03253
3.01835
3.02668
3.05434
3.11142
3.18832
3.29441
3.42335
3.55199
3.67226
3.77696
3.86653
3.94371
4.01145
4.07195
4.127
4.17646
4.22068
4.26
4.29399
4.32264
4.3458
4.36375
4.37679
4.3855
4.39039
4.39245
4.39226
4.39077
4.38633
4.3768
4.36543
4.35396
4.34253
4.33076
4.31828
4.30485
4.29034
4.27401
4.25615
4.23693
4.21624
4.19409
4.17049
4.1456
4.1196
4.09271
4.06498
4.03651
4.00718
3.97692
3.94541
3.91247
3.87768
3.8408
3.80138
3.75933
3.71464
3.66739
3.61775
3.56608
3.51283
3.45845
3.40349
3.3485
3.29414
3.2413
3.19099
3.1457
3.1057
6.11225
5.73042
5.37002
5.04593
4.76094
4.51572
4.30704
4.12497
3.96217
3.81434
3.67976
3.55672
3.44391
3.34114
3.24746
3.16488
3.09522
3.04289
3.01636
3.01826
3.03048
3.06577
3.14574
3.29829
3.42821
3.47044
3.46336
3.43611
3.3712
3.25624
3.15396
3.08577
3.06172
3.06682
3.08815
3.13751
3.20001
3.28876
3.39653
3.5266
3.64978
3.76202
3.85876
3.94055
4.00979
4.06939
4.12155
4.16781
4.20919
4.24579
4.27769
4.30456
4.32672
4.34405
4.35685
4.36602
4.37189
4.37561
4.37594
4.37517
4.37226
4.36557
4.35581
4.34502
4.3338
4.32164
4.30791
4.29172
4.27359
4.25345
4.23111
4.20658
4.18008
4.15176
4.12202
4.09115
4.05959
4.02758
3.9954
3.96307
3.93063
3.89785
3.86457
3.83037
3.79495
3.75779
3.71867
3.67729
3.63354
3.58748
3.5393
3.48936
3.43809
3.38598
3.33358
3.28153
3.23066
3.18196
3.13779
3.09876
6.1434
5.79869
5.46852
5.16092
4.8851
4.64124
4.426
4.23652
4.06732
3.9141
3.77433
3.64653
3.52972
3.42392
3.32934
3.24889
3.18761
3.15514
3.15775
3.1732
3.21681
3.31456
3.51095
3.71253
3.81577
3.81278
3.78895
3.72487
3.59086
3.437
3.30625
3.20916
3.14726
3.11945
3.12148
3.13331
3.16486
3.22387
3.28833
3.37283
3.48102
3.60478
3.72346
3.82996
3.92041
3.9953
4.05719
4.10928
4.15419
4.19358
4.22845
4.25895
4.2852
4.30739
4.32492
4.33909
4.34973
4.35743
4.36266
4.36483
4.36443
4.36246
4.35751
4.34811
4.33702
4.32403
4.30887
4.29155
4.2716
4.24874
4.22303
4.19461
4.16384
4.13103
4.0967
4.06123
4.02522
3.98896
3.95292
3.91721
3.88205
3.84729
3.81288
3.77844
3.74371
3.70815
3.67145
3.63316
3.59302
3.55088
3.50677
3.46085
3.41342
3.36486
3.31569
3.26655
3.2182
3.17173
3.12926
3.09217
6.16836
5.85338
5.54817
5.2599
4.99398
4.75336
4.53769
4.34423
4.17024
4.01284
3.86949
3.73902
3.62077
3.51578
3.42604
3.35612
3.31922
3.3222
3.34019
3.391
3.50476
3.73428
3.99073
4.15397
4.17256
4.15297
4.09152
3.95845
3.78154
3.61734
3.47905
3.36849
3.28508
3.22745
3.19256
3.18464
3.18903
3.20639
3.24695
3.29293
3.35751
3.4406
3.55226
3.67187
3.78592
3.88585
3.96934
4.03742
4.09279
4.1386
4.17758
4.21154
4.24142
4.26773
4.29037
4.30958
4.32544
4.33804
4.3478
4.35412
4.35707
4.35657
4.35452
4.34934
4.33872
4.32475
4.30836
4.28901
4.26652
4.24068
4.21167
4.17964
4.14511
4.10838
4.07009
4.03061
3.99062
3.95044
3.91067
3.87147
3.83323
3.7959
3.7596
3.72403
3.68904
3.65412
3.61901
3.5832
3.54637
3.50815
3.46839
3.42696
3.38398
3.33967
3.29444
3.2489
3.20379
3.16032
3.1202
3.08608
6.18643
5.89699
5.61435
5.3436
5.08933
4.85468
4.64044
4.44611
4.26992
4.11014
3.96525
3.83512
3.71997
3.62282
3.54796
3.51014
3.51445
3.53677
3.59806
3.73257
3.99423
4.27877
4.47155
4.5151
4.49805
4.44096
4.31523
4.13302
3.95683
3.80075
3.66656
3.55189
3.45586
3.37719
3.31579
3.27287
3.24467
3.2426
3.24767
3.26567
3.30453
3.34799
3.41428
3.50176
3.61477
3.73013
3.83875
3.9329
4.01018
4.07196
4.1214
4.16199
4.19652
4.22681
4.25374
4.27757
4.29829
4.31583
4.33034
4.34075
4.34778
4.3483
4.34743
4.34443
4.33737
4.32306
4.30443
4.28242
4.25707
4.22826
4.1962
4.16104
4.12335
4.0834
4.04187
3.9991
3.95578
3.91228
3.86917
3.82672
3.78539
3.74524
3.70654
3.66911
3.63295
3.59763
3.56309
3.52885
3.49461
3.45986
3.42427
3.38744
3.34928
3.30975
3.26914
3.22795
3.18688
3.14732
3.11035
3.08036
6.20639
5.9352
5.67042
5.41529
5.17255
4.94502
4.73444
4.54144
4.36571
4.20699
4.0651
3.94102
3.83846
3.76254
3.73034
3.73715
3.76673
3.84408
4.00992
4.29274
4.58622
4.77885
4.82592
4.80989
4.75545
4.63544
4.46211
4.28974
4.13291
3.99166
3.86432
3.74843
3.64392
3.55046
3.46934
3.40145
3.34747
3.31015
3.28724
3.28794
3.29477
3.31435
3.3495
3.39488
3.46019
3.55664
3.66996
3.78351
3.8871
3.97511
4.04624
4.10257
4.1476
4.18475
4.21655
4.24452
4.26931
4.291
4.30946
4.32394
4.33432
4.33729
4.33664
4.3342
4.32827
4.31581
4.29551
4.27095
4.24284
4.21129
4.17659
4.13891
4.09875
4.05636
4.01234
3.96704
3.92109
3.87487
3.82894
3.78361
3.73937
3.69639
3.65504
3.61527
3.57722
3.54064
3.50574
3.47208
3.43949
3.40737
3.3753
3.34271
3.30929
3.27478
3.23928
3.20319
3.16702
3.13246
3.09959
3.07502
6.22476
5.97224
5.72197
5.47913
5.24608
5.02583
4.8207
4.63222
4.46112
4.30887
4.17743
4.07166
3.99688
3.9772
3.98834
4.02948
4.13028
4.33954
4.63708
4.91513
5.08194
5.11075
5.09278
5.03494
4.91145
4.75189
4.59433
4.44844
4.31339
4.18594
4.0644
3.9479
3.83747
3.73395
3.63917
3.5542
3.48043
3.41881
3.37029
3.33719
3.31978
3.32121
3.32982
3.351
3.38224
3.43298
3.50723
3.60995
3.72249
3.8333
3.93236
4.01524
4.08161
4.13383
4.1754
4.20951
4.23849
4.26354
4.28499
4.30233
4.31536
4.32068
4.32017
4.31802
4.31259
4.30116
4.28012
4.25389
4.22367
4.18985
4.15297
4.11324
4.07118
4.02697
3.98114
3.934
3.8861
3.83783
3.7897
3.74205
3.69534
3.6498
3.60587
3.56361
3.52324
3.48493
3.44897
3.41504
3.38306
3.35247
3.32291
3.29371
3.2645
3.23483
3.20464
3.17421
3.14381
3.11541
3.0877
3.06991
6.24048
6.00125
5.76404
5.53217
5.30963
5.09899
4.90266
4.72342
4.56388
4.42778
4.32246
4.25165
4.25232
4.27013
4.32717
4.45767
4.72005
5.01801
5.25714
5.38357
5.38099
5.35488
5.28733
5.1508
5.00463
4.86476
4.73564
4.61391
4.49551
4.37777
4.26024
4.14352
4.02941
3.91945
3.8155
3.71882
3.63067
3.55199
3.4838
3.42706
3.3834
3.3537
3.34208
3.34458
3.35475
3.37639
3.4114
3.46703
3.5525
3.66049
3.77435
3.88328
3.97865
4.05673
4.11804
4.16549
4.20267
4.23244
4.25666
4.2759
4.29032
4.29734
4.29695
4.29503
4.28992
4.27904
4.25772
4.23081
4.19942
4.16413
4.12567
4.08442
4.04096
3.99546
3.94838
3.89999
3.85076
3.80107
3.75135
3.70196
3.65329
3.60562
3.55941
3.51472
3.47215
3.432
3.39456
3.35968
3.32737
3.29722
3.26898
3.24208
3.21617
3.19077
3.16573
3.14121
3.11735
3.09615
3.07479
3.06469
6.2548
6.02627
5.80064
5.5807
5.36995
5.17204
4.99002
4.82768
4.69157
4.59021
4.53878
4.54514
4.57824
4.66548
4.85113
5.13546
5.41764
5.60677
5.6713
5.65943
5.61297
5.51007
5.37083
5.23367
5.10857
4.99515
4.88814
4.78215
4.67386
4.5621
4.44741
4.33124
4.21543
4.10182
3.99201
3.88739
3.78904
3.69802
3.61516
3.54143
3.47797
3.42563
3.38693
3.36083
3.35641
3.36038
3.37228
3.39681
3.43863
3.50419
3.60108
3.71367
3.82846
3.93426
4.02411
4.09576
4.15046
4.19121
4.22138
4.24341
4.25887
4.26677
4.26644
4.26464
4.25966
4.24907
4.22804
4.20135
4.16986
4.13404
4.09475
4.05255
4.00814
3.96178
3.9139
3.86475
3.81471
3.76417
3.71343
3.66286
3.61278
3.56349
3.51538
3.46879
3.42448
3.38268
3.34363
3.30743
3.27407
3.24347
3.21544
3.18974
3.16604
3.14409
3.12369
3.10507
3.08833
3.07496
3.06128
3.05814
6.26689
6.04831
5.83431
5.6273
5.43263
5.25257
5.09331
4.96548
4.87473
4.85216
4.86678
4.91995
5.04487
5.29697
5.58621
5.82445
5.96001
5.95979
5.93561
5.86644
5.72586
5.58244
5.45085
5.33617
5.23449
5.1393
5.04481
4.94712
4.84441
4.73651
4.62433
4.50939
4.39337
4.27795
4.16455
4.0546
3.9491
3.8492
3.75567
3.6695
3.59148
3.52262
3.46413
3.41734
3.38427
3.36517
3.36622
3.37251
3.38738
3.41769
3.46788
3.54839
3.65325
3.76838
3.88081
3.98087
4.06256
4.1247
4.16927
4.19958
4.21871
4.22865
4.22836
4.22662
4.22178
4.21141
4.19115
4.16544
4.13474
4.09934
4.06004
4.01757
3.97273
3.92593
3.87764
3.82814
3.77775
3.72681
3.67556
3.6243
3.57333
3.52289
3.47356
3.42591
3.38037
3.33723
3.29669
3.25899
3.22424
3.19258
3.16404
3.13862
3.11615
3.09686
3.08038
3.06759
3.05833
3.05267
3.04778
3.04851
6.27898
6.07049
5.87208
5.68471
5.51133
5.36052
5.24533
5.1804
5.18521
5.21637
5.3038
5.49185
5.77951
6.05637
6.24029
6.29561
6.27979
6.22221
6.09786
5.94377
5.79596
5.66724
5.55823
5.46339
5.37574
5.2894
5.20033
5.10629
5.0065
4.90115
4.79114
4.67768
4.56219
4.44606
4.33066
4.21725
4.10696
4.00081
3.89973
3.80453
3.71603
3.63499
3.56242
3.49925
3.44683
3.4069
3.37942
3.37119
3.37393
3.38306
3.40313
3.44143
3.50268
3.59644
3.7055
3.81876
3.92435
4.01382
4.08277
4.13139
4.16203
4.17945
4.1814
4.18006
4.17589
4.16659
4.14783
4.12322
4.09363
4.05931
4.02086
3.97893
3.93434
3.88762
3.83934
3.78986
3.73949
3.68854
3.63718
3.58565
3.53422
3.48338
3.43377
3.38569
3.33945
3.29535
3.25361
3.21454
3.17844
3.14555
3.11615
3.09049
3.06864
3.05142
3.03815
3.03154
3.02962
3.03012
3.03225
3.03865
6.30198
6.10341
5.92471
5.76537
5.63374
5.53932
5.51506
5.53081
5.59025
5.7291
6.00408
6.30001
6.5346
6.65242
6.64632
6.60631
6.50683
6.33346
6.16564
6.01599
5.88926
5.78274
5.69061
5.60628
5.5243
5.44067
5.35295
5.26
5.16147
5.05764
4.94914
4.83692
4.72211
4.6059
4.48951
4.37411
4.26076
4.15052
4.04419
3.94269
3.84664
3.75677
3.67377
3.5984
3.53169
3.47517
3.42927
3.39672
3.37629
3.37668
3.38075
3.39255
3.41843
3.4649
3.5421
3.6393
3.7468
3.85306
3.94687
4.02148
4.0745
4.10771
4.12262
4.1224
4.11998
4.11333
4.09899
4.07537
4.04659
4.01356
3.97659
3.936
3.89243
3.84647
3.79873
3.74969
3.69971
3.64906
3.59786
3.54644
3.49531
3.44493
3.39559
3.34756
3.30107
3.25643
3.21392
3.17389
3.13674
3.10286
3.0727
3.04669
3.02542
3.00983
3.00024
3.00041
3.00179
3.00597
3.01548
3.03643
6.3484
6.16035
6.00911
5.90114
5.84674
5.85453
5.89592
6.00599
6.23697
6.55234
6.83999
7.02116
7.04963
7.02367
6.94102
6.76938
6.58158
6.403
6.24913
6.12149
6.01484
5.92242
5.83811
5.75683
5.67502
5.59035
5.50149
5.40781
5.30922
5.20589
5.09829
4.98703
4.87295
4.75705
4.64035
4.52395
4.40884
4.29601
4.18621
4.08041
3.979
3.88301
3.7927
3.70906
3.63233
3.56342
3.50339
3.45325
3.41438
3.38774
3.37664
3.37778
3.38287
3.39784
3.43037
3.48722
3.56946
3.66696
3.76813
3.8628
3.94185
4.00017
4.03646
4.052
4.05164
4.04852
4.04007
4.02211
3.99477
3.9628
3.92727
3.88839
3.84645
3.80192
3.75536
3.7073
3.65809
3.60799
3.55737
3.50682
3.45666
3.40713
3.35844
3.31082
3.26452
3.21982
3.17707
3.13665
3.099
3.06466
3.03422
3.00823
2.98819
2.97383
2.97105
2.97227
2.97617
2.98519
3.00357
3.04141
6.44682
6.27471
6.1775
6.1755
6.20087
6.28614
6.47885
6.81422
7.15294
7.39697
7.49419
7.47809
7.41053
7.25752
7.04388
6.83617
6.65216
6.49723
6.36821
6.25954
6.1645
6.07726
5.99355
5.91018
5.82517
5.73726
5.64574
5.55018
5.45056
5.34695
5.23964
5.12902
5.01575
4.90052
4.78423
4.66769
4.55175
4.4374
4.32544
4.21677
4.11185
4.01159
3.91599
3.82606
3.74186
3.66436
3.59374
3.53104
3.4768
3.43181
3.39867
3.37616
3.3702
3.37062
3.37568
3.39302
3.43107
3.49751
3.57944
3.67312
3.76614
3.84781
3.91076
3.95107
3.96984
3.96965
3.96656
3.95758
3.93813
3.9084
3.87391
3.83633
3.79611
3.75344
3.7087
3.66219
3.61417
3.56518
3.51592
3.4667
3.4178
3.36939
3.32167
3.27485
3.2292
3.18499
3.1426
3.10245
3.06502
3.03098
3.001
2.9761
2.95748
2.94761
2.94821
2.95092
2.95811
2.97374
3.00022
3.05407
6.61931
6.50696
6.51723
6.57509
6.72686
7.0423
7.44368
7.78107
7.9692
7.96562
7.92095
7.80038
7.56236
7.32573
7.1071
6.91865
6.76135
6.63049
6.51899
6.42026
6.32885
6.2407
6.15312
6.06457
5.97419
5.8815
5.78616
5.6879
5.58659
5.48214
5.37469
5.26441
5.15178
5.03727
4.92163
4.80553
4.68982
4.57517
4.46219
4.35171
4.24423
4.14059
4.041
3.94631
3.85646
3.7722
3.69348
3.62114
3.55534
3.49713
3.44694
3.40613
3.37504
3.35977
3.34919
3.34952
3.35563
3.37518
3.41785
3.48827
3.57129
3.65944
3.74186
3.80859
3.85375
3.87653
3.87832
3.87576
3.86734
3.84865
3.81717
3.78073
3.7418
3.70096
3.65829
3.61372
3.56759
3.5206
3.47315
3.42558
3.37818
3.33115
3.28472
3.23911
3.19458
3.15143
3.11004
3.07089
3.03453
3.00175
2.97333
2.95091
2.93495
2.93175
2.93321
2.93814
2.9499
2.97466
3.0081
3.07678
6.85927
6.89678
7.00915
7.2599
7.69889
8.13092
8.42415
8.5054
8.47467
8.36724
8.13985
7.87695
7.62067
7.39484
7.20425
7.04507
6.91117
6.7957
6.69206
6.59502
6.5008
6.40721
6.31303
6.21772
6.1211
6.02308
5.92352
5.82216
5.71872
5.61301
5.50504
5.39482
5.28268
5.16882
5.05389
4.93827
4.82282
4.70798
4.59457
4.48308
4.37415
4.26831
4.16592
4.06734
3.97292
3.88296
3.79784
3.71781
3.64336
3.57455
3.51181
3.45604
3.4079
3.36922
3.34237
3.32532
3.31166
3.31298
3.3218
3.3451
3.39407
3.46479
3.54627
3.62684
3.69592
3.74605
3.77356
3.77995
3.77802
3.77072
3.75375
3.72168
3.68464
3.6453
3.60437
3.56194
3.51832
3.47371
3.42846
3.3829
3.33735
3.29204
3.24727
3.20325
3.16031
3.11878
3.07906
3.04172
3.00739
2.977
2.95165
2.93298
2.92341
2.92405
2.92712
2.93534
2.9531
2.98938
3.03073
3.1148
7.27087
7.5582
7.98483
8.4765
8.88212
9.08094
9.06649
8.98383
8.78549
8.48461
8.1908
7.92457
7.69719
7.50676
7.34767
7.21203
7.09229
6.98233
6.87779
6.77554
6.67404
6.57242
6.47035
6.36783
6.2649
6.16156
6.05771
5.95304
5.84717
5.73984
5.63093
5.52038
5.40832
5.29488
5.18049
5.06547
4.95043
4.8358
4.72225
4.6102
4.50025
4.39277
4.28819
4.18672
4.08878
3.99444
3.90405
3.81762
3.7355
3.65782
3.58529
3.5179
3.457
3.40231
3.35576
3.31995
3.29351
3.27127
3.25981
3.26262
3.27451
3.3026
3.35977
3.42968
3.50597
3.57621
3.63035
3.66353
3.67556
3.67442
3.66867
3.65417
3.62433
3.58779
3.54827
3.5076
3.46614
3.424
3.38132
3.33825
3.29501
3.25187
3.20915
3.16719
3.12635
3.08702
3.04969
3.01504
2.98386
2.95723
2.93676
2.92379
2.92267
2.92438
2.93015
2.94375
2.97188
3.02517
3.07149
3.16329
8.09793
8.76771
9.35409
9.70485
9.73281
9.67021
9.48744
9.14103
8.81561
8.51245
8.24387
8.01658
7.82766
7.66882
7.53124
7.40715
7.29061
7.17787
7.06657
6.95571
6.84498
6.73448
6.62441
6.51492
6.40601
6.29759
6.18945
6.0813
5.97272
5.86342
5.75317
5.64187
5.52956
5.41631
5.30237
5.18794
5.07342
4.95918
4.84571
4.73339
4.62274
4.51402
4.40756
4.30358
4.20241
4.10424
4.00929
3.91755
3.82933
3.74466
3.66384
3.58726
3.51504
3.44821
3.38748
3.33402
3.29016
3.25602
3.22566
3.20211
3.20085
3.20544
3.22051
3.25408
3.31503
3.38411
3.4526
3.50996
3.5485
3.56719
3.56684
3.56294
3.55149
3.52684
3.49107
3.45188
3.412
3.37196
3.3319
3.2916
3.25109
3.21056
3.17039
3.13098
3.0928
3.05633
3.02222
2.99131
2.96458
2.94351
2.92989
2.92553
2.92674
2.93156
2.94384
2.97014
3.01509
3.07836
3.12467
3.21102
9.52276
10.3539
10.5789
10.526
10.3311
9.92023
9.50889
9.14752
8.83864
8.57194
8.35064
8.16734
8.0107
7.87128
7.74187
7.61753
7.49526
7.37352
7.25197
7.13108
7.01115
6.89253
6.77534
6.65964
6.54524
6.43195
6.31948
6.20763
6.09607
5.98443
5.87246
5.76002
5.64706
5.53357
5.41964
5.3054
5.1911
5.07705
4.96354
4.85089
4.73942
4.62941
4.52135
4.41531
4.31151
4.21002
4.11106
4.01471
3.92117
3.83051
3.74299
3.65883
3.57842
3.50219
3.43063
3.36455
3.30512
3.2537
3.21324
3.17484
3.14595
3.13066
3.13232
3.14032
3.16094
3.20399
3.26388
3.32964
3.38816
3.43091
3.45479
3.45828
3.45591
3.44743
3.42814
3.39425
3.35676
3.31869
3.28088
3.24321
3.20555
3.16804
3.13097
3.09477
3.05995
3.02716
2.99733
2.97142
2.95082
2.93761
2.93254
2.9335
2.93811
2.95034
2.9766
3.02393
3.07678
3.13932
3.18053
3.25465
11.0701
11.5504
11.4056
10.9888
10.3497
9.86834
9.47627
9.16284
8.90105
8.69328
8.5225
8.37232
8.23267
8.09753
7.9637
7.83006
7.6963
7.56316
7.43134
7.30143
7.17355
7.04788
6.92431
6.80276
6.68296
6.5647
6.44771
6.33181
6.21682
6.10245
5.9884
5.87445
5.76045
5.64631
5.53201
5.4177
5.30334
5.18923
5.07544
4.96239
4.85013
4.7391
4.62933
4.52122
4.41481
4.31031
4.20776
4.10738
4.00923
3.9135
3.82035
3.73
3.64275
3.55895
3.47901
3.40351
3.33316
3.26905
3.2124
3.16565
3.12171
3.08579
3.06009
3.05753
3.06083
3.07239
3.09875
3.15108
3.20965
3.26697
3.31296
3.34081
3.35045
3.34914
3.34319
3.3287
3.29904
3.26503
3.22944
3.19386
3.15882
3.1245
3.09104
3.05873
3.02811
3.00006
2.97587
2.95652
2.94442
2.94068
2.94192
2.94734
2.96129
2.99071
3.03732
3.09269
3.14601
3.20119
3.23404
3.29309
12.244
12.1959
11.7621
10.8852
10.227
9.76611
9.46832
9.22466
9.03479
8.8808
8.73934
8.60014
8.45929
8.31636
8.17182
8.02704
7.88326
7.7415
7.6019
7.46523
7.33109
7.19953
7.07026
6.94325
6.8182
6.69499
6.57339
6.45326
6.33453
6.21713
6.10078
5.98505
5.8697
5.75452
5.6394
5.52437
5.40941
5.29472
5.18033
5.06646
4.95327
4.84094
4.72964
4.61954
4.51076
4.40349
4.29776
4.19383
4.09168
3.99161
3.89367
3.79818
3.70534
3.61551
3.52897
3.44624
3.3677
3.29413
3.22638
3.16529
3.11384
3.06541
3.02338
2.99379
2.97992
2.98122
2.98789
3.00539
3.04227
3.09498
3.15057
3.19791
3.22932
3.24498
3.2446
3.24103
3.23078
3.2089
3.17795
3.14473
3.11217
3.08102
3.05142
3.02365
2.99817
2.9764
2.95957
2.94884
2.94738
2.94923
2.95606
2.97274
3.00715
3.05587
3.11104
3.1668
3.21493
3.25868
3.28235
3.3253
12.9364
12.5842
11.6516
10.6303
10.0382
9.73068
9.52239
9.36606
9.23229
9.09822
8.95858
8.81326
8.66373
8.51173
8.35961
8.208
8.05793
7.91018
7.76513
7.62278
7.48309
7.34615
7.21158
7.07941
6.94939
6.82146
6.69543
6.57113
6.44842
6.3274
6.2082
6.09019
5.97302
5.85628
5.73987
5.62364
5.50768
5.39194
5.27664
5.1617
5.04743
4.93374
4.82094
4.70897
4.5981
4.48834
4.37987
4.27282
4.16729
4.06345
3.9616
3.86176
3.76453
3.66973
3.57814
3.48964
3.40502
3.3244
3.2487
3.17826
3.11432
3.05884
3.00654
2.96097
2.92711
2.90546
2.90349
2.90653
2.91703
2.94086
2.98836
3.04076
3.08846
3.12344
3.143
3.14661
3.14473
3.13808
3.1229
3.09585
3.06726
3.03944
3.01363
2.99058
2.97119
2.95756
2.94981
2.95024
2.95346
2.96295
2.9839
3.02478
3.07603
3.1328
3.18878
3.2387
3.27754
3.30816
3.32282
3.3519
12.8653
12.4473
11.3462
10.4494
10.0004
9.78178
9.65558
9.5433
9.41585
9.27484
9.12625
8.97407
8.82028
8.66614
8.51194
8.35889
8.2074
8.05775
7.91014
7.76462
7.62135
7.48043
7.34184
7.2055
7.07138
6.93937
6.80946
6.68146
6.55529
6.43073
6.3082
6.18744
6.068
5.94928
5.83121
5.71344
5.59618
5.47915
5.36269
5.24651
5.13103
5.01595
4.90168
4.78799
4.67525
4.56332
4.45256
4.343
4.23478
4.12791
4.02286
3.9195
3.81864
3.71999
3.62423
3.53143
3.44189
3.35621
3.27439
3.19731
3.1253
3.05926
3.00091
2.94588
2.89772
2.86018
2.83478
2.82614
2.82788
2.8351
2.85301
2.89014
2.93908
2.98675
3.02431
3.04668
3.05623
3.05543
3.05166
3.04212
3.02252
3.00043
2.97915
2.9613
2.94951
2.94638
2.9477
2.95316
2.96659
2.99458
3.03892
3.09408
3.15384
3.21163
3.26258
3.30262
3.33013
3.34743
3.356
3.37386
12.6439
12.2797
11.3173
10.4569
10.0406
9.87376
9.76785
9.65379
9.52184
9.37931
9.23245
9.08383
8.93427
8.78405
8.63347
8.48303
8.33302
8.18372
8.03543
7.88845
7.74303
7.5994
7.45795
7.31837
7.18099
7.04557
6.91234
6.78103
6.65169
6.52386
6.39791
6.27401
6.15173
6.03062
5.91043
5.79101
5.67224
5.55409
5.43648
5.3194
5.20283
5.08678
4.97126
4.85632
4.74199
4.62842
4.51561
4.40377
4.29302
4.18396
4.07615
3.97066
3.86665
3.76538
3.66631
3.57032
3.4771
3.38754
3.30113
3.21919
3.14117
3.06845
3.0011
2.94039
2.88359
2.83371
2.79377
2.76551
2.75197
2.75284
2.75788
2.77145
2.80056
2.84645
2.8943
2.93319
2.9591
2.97315
2.97627
2.97518
2.97119
2.96212
2.94815
2.93744
2.93755
2.94
2.94805
2.96568
3.00007
3.04928
3.10814
3.17114
3.23214
3.28522
3.3269
3.35531
3.37005
3.37819
3.38254
3.39235
12.3224
12.1032
11.2892
10.4929
10.09
9.92032
9.81129
9.69422
9.56345
9.42638
9.28763
9.14814
9.00728
8.86473
8.72043
8.57481
8.42825
8.28127
8.13435
7.98791
7.84246
7.6982
7.55529
7.41413
7.27472
7.13724
7.00162
6.86797
6.73611
6.60587
6.47718
6.35035
6.22514
6.10145
5.97904
5.85779
5.73747
5.61799
5.49918
5.38098
5.26328
5.1461
5.02936
4.91312
4.7974
4.68231
4.56799
4.45452
4.34226
4.23121
4.12171
4.0139
3.90805
3.80429
3.70307
3.60431
3.50856
3.41582
3.32632
3.24052
3.15839
3.08061
3.00744
2.93966
2.87782
2.81959
2.76947
2.728
2.69767
2.68124
2.68162
2.6853
2.696
2.71977
2.76409
2.81119
2.85178
2.88147
2.89979
2.9098
2.91539
2.91711
2.91776
2.91983
2.92591
2.93971
2.9621
2.99955
3.05303
3.11619
3.18322
3.24777
3.30402
3.348
3.37854
3.39342
3.40028
3.40154
3.40298
3.40758
12.1329
12.0141
11.4142
10.5794
10.137
9.94576
9.82736
9.70999
9.58172
9.4529
9.32091
9.18776
9.05311
8.91656
8.77794
8.63749
8.49542
8.35215
8.20807
8.06365
7.91935
7.77558
7.63263
7.49086
7.35043
7.21161
7.07445
6.93912
6.80551
6.67361
6.54302
6.41379
6.28612
6.16012
6.03571
5.91277
5.79105
5.67034
5.55048
5.4313
5.31269
5.19462
5.07703
4.95992
4.84331
4.72726
4.61194
4.49746
4.38406
4.27183
4.16101
4.05182
3.94443
3.8391
3.73607
3.63547
3.53764
3.44262
3.35073
3.26207
3.17681
3.09528
3.0179
2.94447
2.87652
2.81297
2.75484
2.70407
2.66208
2.63087
2.61352
2.61381
2.61698
2.62647
2.6477
2.68998
2.73796
2.78146
2.81586
2.84061
2.85891
2.87314
2.88706
2.90228
2.92605
2.95286
2.9947
3.0504
3.11653
3.18762
3.25617
3.31664
3.36375
3.39701
3.41491
3.42083
3.42069
3.42004
3.41828
3.41971
11.8911
11.8878
11.4019
10.6198
10.1592
9.94234
9.81485
9.69955
9.57745
9.45604
9.33068
9.20369
9.07536
8.94513
8.8126
8.67769
8.54049
8.40134
8.26065
8.11887
7.97645
7.83386
7.69156
7.54988
7.40918
7.26971
7.13168
6.99526
6.86042
6.72723
6.59527
6.46439
6.33502
6.20738
6.08146
5.95709
5.83412
5.7124
5.59167
5.47182
5.35263
5.234
5.1158
4.99805
4.88078
4.76402
4.64792
4.53255
4.41812
4.30489
4.19298
4.08271
3.9741
3.86758
3.76312
3.66115
3.56164
3.46494
3.37108
3.28036
3.19271
3.10859
3.02787
2.95104
2.87853
2.81091
2.7473
2.68975
2.63912
2.59739
2.56662
2.55
2.55031
2.55343
2.56268
2.5839
2.62674
2.67776
2.72575
2.76619
2.80028
2.83021
2.85983
2.89252
2.93183
2.97976
3.03941
3.10917
3.18345
3.25629
3.32018
3.3724
3.40895
3.43064
3.439
3.43873
3.43736
3.43402
3.42709
3.42777
11.7619
11.8935
11.4533
10.6639
10.1667
9.91546
9.77592
9.66807
9.56022
9.44443
9.32729
9.20562
9.084
8.9605
8.83409
8.70441
8.57164
8.43619
8.29856
8.15926
8.01875
7.87756
7.73618
7.59505
7.45454
7.31503
7.17652
7.0397
6.90398
6.7701
6.63736
6.50555
6.37515
6.24637
6.11922
5.99369
5.8697
5.74702
5.62548
5.50486
5.38495
5.26564
5.14683
5.02847
4.91059
4.79323
4.67655
4.56063
4.44565
4.33184
4.21923
4.10828
3.99881
3.89147
3.78601
3.683
3.58233
3.48435
3.38907
3.29671
3.20733
3.12104
3.03809
2.95847
2.88265
2.81102
2.74371
2.68122
2.62455
2.5748
2.53426
2.50452
2.4904
2.49125
2.49542
2.50652
2.53102
2.57916
2.63508
2.69005
2.74154
2.78987
2.83795
2.89051
2.94777
3.01588
3.09187
3.17168
3.24881
3.31749
3.37239
3.41443
3.44109
3.45243
3.45325
3.45228
3.44942
3.4432
3.43167
3.43197
11.8195
12.031
11.5783
10.7063
10.1268
9.83022
9.69078
9.60553
9.5203
9.41854
9.31212
9.19848
9.08408
8.96841
8.84869
8.72428
8.59561
8.4634
8.32828
8.19095
8.05189
7.91172
7.77098
7.63015
7.48968
7.34995
7.21106
7.07376
6.93741
6.80241
6.66991
6.53707
6.40596
6.27646
6.14855
6.02219
5.89736
5.7739
5.65166
5.53041
5.40999
5.29018
5.17095
5.05218
4.93399
4.81632
4.69935
4.58314
4.46785
4.35362
4.24061
4.12915
4.01914
3.91112
3.80496
3.70109
3.59952
3.50049
3.40412
3.3105
3.21984
3.13204
3.04736
2.96574
2.8875
2.813
2.74234
2.67605
2.61473
2.55942
2.51181
2.47348
2.44653
2.43774
2.43941
2.44541
2.46015
2.49157
2.54711
2.61254
2.68122
2.74978
2.81959
2.89342
2.973
3.05926
3.1476
3.23246
3.30719
3.36687
3.41178
3.44451
3.46173
3.46458
3.46395
3.46188
3.45717
3.44769
3.43385
3.43342
11.9855
12.2002
11.7008
10.6965
10.0121
9.6811
9.56642
9.51851
9.46189
9.38405
9.28748
9.18371
9.07903
8.97151
8.85862
8.73944
8.61457
8.48522
8.35229
8.21653
8.07873
7.93946
7.79944
7.65908
7.51887
7.3792
7.24004
7.10262
6.96488
6.83151
6.69695
6.56378
6.43223
6.30215
6.17354
6.04645
5.92083
5.79659
5.67356
5.55157
5.43043
5.31003
5.19025
5.07105
4.95244
4.83441
4.71714
4.60058
4.48506
4.37051
4.25726
4.1454
4.03509
3.92651
3.82005
3.71555
3.61343
3.5136
3.41639
3.3218
3.22997
3.14094
3.05481
2.97175
2.89165
2.81515
2.74207
2.67303
2.60868
2.5493
2.49668
2.45161
2.41701
2.394
2.39424
2.3971
2.40591
2.42672
2.46974
2.54032
2.62266
2.71115
2.80478
2.9022
3.00432
3.1066
3.20261
3.28712
3.35483
3.40548
3.4404
3.46384
3.47332
3.47299
3.47162
3.46821
3.46106
3.44989
3.43603
3.43333
12.3814
12.361
11.7246
10.5985
9.85318
9.53378
9.45702
9.44089
9.41204
9.35562
9.27116
9.17237
9.07297
8.97181
8.86454
8.74972
8.6281
8.50103
8.36972
8.23506
8.09791
7.95916
7.81918
7.67885
7.53882
7.3986
7.25989
7.12014
6.98415
6.85035
6.71466
6.58126
6.44937
6.31894
6.18993
6.06244
5.93639
5.81172
5.68822
5.56584
5.4443
5.32363
5.20359
5.08424
4.96548
4.84739
4.73008
4.6135
4.49797
4.38337
4.27011
4.15801
4.04769
3.93878
3.83185
3.72674
3.62407
3.52351
3.42568
3.33035
3.23775
3.14791
3.06077
2.97664
2.89529
2.81724
2.74248
2.67135
2.60467
2.54232
2.48615
2.4365
2.39633
2.36553
2.35664
2.35838
2.36469
2.38028
2.41334
2.4801
2.56939
2.67521
2.79227
2.91461
3.03683
3.15125
3.25031
3.33075
3.39044
3.43185
3.45962
3.47565
3.47922
3.47854
3.47647
3.4719
3.46272
3.45086
3.43598
3.43423
12.8477
12.6112
11.648
10.4191
9.66738
9.38713
9.3568
9.35994
9.35309
9.3284
9.27209
9.17327
9.07097
8.97156
8.86851
8.75755
8.63885
8.51357
8.3837
8.24995
8.11374
7.9756
7.83685
7.69607
7.55655
7.4162
7.27716
7.13767
7.00109
6.86599
6.73012
6.59642
6.4642
6.3334
6.204
6.07606
5.94947
5.82418
5.70003
5.57699
5.45481
5.33357
5.213
5.09329
4.97422
4.85593
4.73838
4.62168
4.50599
4.39127
4.27791
4.16567
4.05511
3.9459
3.83877
3.73332
3.63039
3.52952
3.43135
3.33559
3.24254
3.15219
3.06448
2.9797
2.89763
2.81867
2.743
2.67065
2.60259
2.53851
2.48009
2.42779
2.38372
2.34928
2.33146
2.33262
2.3377
2.35064
2.37912
2.43712
2.52924
2.64789
2.78424
2.92738
3.06511
3.18672
3.28556
3.36079
3.4135
3.44818
3.47057
3.48245
3.48232
3.48144
3.47898
3.47358
3.46354
3.45154
3.4359
3.43474
12.7378
12.5368
11.5533
10.355
9.60638
9.32714
9.31133
9.31954
9.32044
9.30718
9.26627
9.17943
9.06922
8.96645
8.86543
8.75745
8.64099
8.51711
8.38794
8.25495
8.11773
7.98233
7.84069
7.70124
7.56159
7.42146
7.28023
7.14484
7.00708
6.87036
6.73514
6.6014
6.46909
6.33826
6.20886
6.08088
5.95422
5.8288
5.70451
5.58132
5.45902
5.33767
5.21704
5.09732
4.97822
4.85999
4.7424
4.62578
4.51003
4.39538
4.28195
4.16972
4.05908
3.94982
3.84256
3.73694
3.63379
3.53264
3.4342
3.33811
3.24476
3.15405
3.066
2.98081
2.89832
2.81888
2.74266
2.66965
2.60088
2.53598
2.47647
2.42295
2.37696
2.34086
2.31831
2.31911
2.32341
2.33494
2.36098
2.41435
2.50729
2.63284
2.78072
2.93612
3.08239
3.20698
3.3045
3.37632
3.42431
3.45598
3.47592
3.48441
3.48414
3.48293
3.48
3.47365
3.46404
3.45203
3.43623
3.43467
)
;

boundaryField
{
    inlet
    {
        type            fixedValue;
        value           uniform 1;
    }
    outlet
    {
        type            waveTransmissive;
        gamma           1.4;
        fieldInf        1;
        lInf            3;
        value           nonuniform List<scalar> 
40
(
3.14179
3.13837
3.13344
3.12639
3.11889
3.11079
3.10299
3.09541
3.08842
3.08175
3.07554
3.06962
3.06401
3.05852
3.0528
3.04568
3.03534
3.02499
3.02198
3.02629
3.03828
3.06072
3.09878
3.14736
3.1952
3.23908
3.27783
3.31035
3.33724
3.35948
3.37833
3.39403
3.40653
3.41504
3.41957
3.42124
3.42153
3.42259
3.42314
3.42317
)
;
    }
    bottom
    {
        type            symmetryPlane;
    }
    top
    {
        type            symmetryPlane;
    }
    obstacle
    {
        type            zeroGradient;
    }
    defaultFaces
    {
        type            empty;
    }
}


// ************************************************************************* //
