/*--------------------------------*- C++ -*----------------------------------*\
  =========                 |
  \\      /  F ield         | OpenFOAM: The Open Source CFD Toolbox
   \\    /   O peration     | Website:  https://openfoam.org
    \\  /    A nd           | Version:  6
     \\/     M anipulation  |
\*---------------------------------------------------------------------------*/
FoamFile
{
    version     2.0;
    format      ascii;
    class       volScalarField;
    location    "1.5";
    object      Ma;
}
// * * * * * * * * * * * * * * * * * * * * * * * * * * * * * * * * * * * * * //

dimensions      [0 0 0 0 0 0 0];

internalField   nonuniform List<scalar> 
5250
(
2.99993
2.99981
2.99942
2.99878
2.99655
2.99296
2.98051
2.95845
2.89306
2.74796
2.41496
1.68281
0.629791
0.0716695
0.0311233
0.124663
0.239079
0.275236
0.244582
0.186284
0.139536
0.107659
0.0813536
0.059731
0.0503712
2.99993
2.99981
2.99942
2.99879
2.99659
2.99304
2.98072
2.95892
2.89413
2.75048
2.41994
1.6906
0.639054
0.0872663
0.0487533
0.129189
0.244744
0.280116
0.249524
0.193123
0.149713
0.121076
0.0981987
0.0802165
0.0722775
2.99993
2.99982
2.99944
2.99882
2.99667
2.99322
2.98117
2.95995
2.89644
2.7561
2.43124
1.70949
0.663526
0.121333
0.0748659
0.136944
0.254298
0.289393
0.259592
0.206968
0.169801
0.146994
0.1295
0.116237
0.110063
2.99994
2.99982
2.99946
2.99887
2.9968
2.99349
2.98189
2.96159
2.90013
2.76533
2.44982
1.74291
0.708712
0.168212
0.100421
0.147141
0.268476
0.304295
0.276141
0.228716
0.198847
0.182038
0.16965
0.160767
0.156784
2.99994
2.99983
2.99949
2.99893
2.99698
2.99387
2.98288
2.96386
2.9053
2.77824
2.47642
1.79259
0.779703
0.222929
0.125133
0.160658
0.287339
0.325046
0.298909
0.257044
0.233807
0.222346
0.214428
0.209425
0.20773
2.99994
2.99985
2.99953
2.99901
2.9972
2.99432
2.98412
2.9667
2.91208
2.79463
2.51244
1.86054
0.881374
0.283289
0.149029
0.178236
0.312702
0.352398
0.327786
0.291118
0.274022
0.267477
0.264041
0.262621
0.263112
2.99995
2.99986
2.99956
2.99908
2.99743
2.99481
2.98554
2.96985
2.92027
2.81426
2.55796
1.953
1.01414
0.346685
0.171215
0.20321
0.345724
0.386042
0.362088
0.330571
0.319545
0.31832
0.319636
0.323508
0.327555
2.99995
2.99987
2.99959
2.99915
2.99765
2.99527
2.98694
2.97296
2.92896
2.83533
2.61049
2.06507
1.18101
0.407745
0.19115
0.238333
0.385423
0.424014
0.400549
0.374916
0.370471
0.375203
0.383323
0.395382
0.408198
2.99996
2.99988
2.99962
2.99921
2.99782
2.99564
2.98804
2.97561
2.93597
2.85575
2.6599
2.18423
1.36423
0.456188
0.203214
0.280793
0.427111
0.462714
0.441255
0.423108
0.426388
0.43846
0.457093
0.485713
0.521618
2.99996
2.99988
2.99965
2.99926
2.99797
2.99595
2.98892
2.97757
2.94094
2.8702
2.69102
2.27257
1.50803
0.502149
0.220571
0.331815
0.469085
0.500553
0.483562
0.474867
0.485399
0.506988
0.544349
0.603966
0.710752
2.99996
2.99989
2.99967
2.99931
2.99811
2.99624
2.98973
2.97929
2.94536
2.88111
2.71574
2.33221
1.60825
0.5822
0.263969
0.388508
0.504194
0.532866
0.52489
0.52621
0.544952
0.581649
0.644145
0.749053
0.909246
2.99997
2.9999
2.9997
2.99937
2.99826
2.99654
2.99054
2.981
2.94966
2.89135
2.73859
2.38718
1.70473
0.691269
0.328513
0.439272
0.525345
0.559119
0.563671
0.574637
0.603484
0.655444
0.73591
0.859066
1.02777
2.99997
2.99991
2.99973
2.99943
2.99844
2.99689
2.99147
2.98291
2.95464
2.902
2.76546
2.43899
1.81907
0.811409
0.415087
0.481909
0.54185
0.582212
0.597518
0.617427
0.656927
0.719327
0.803248
0.917186
1.0582
2.99997
2.99992
2.99976
2.9995
2.99862
2.99726
2.99246
2.98497
2.95975
2.91389
2.79224
2.49852
1.94211
0.951965
0.521503
0.51399
0.562336
0.604168
0.628153
0.655371
0.699562
0.764695
0.846519
0.945797
1.06389
2.99998
2.99994
2.9998
2.99957
2.99882
2.99766
2.99356
2.98719
2.96566
2.92678
2.8218
2.56686
2.08269
1.13418
0.6459
0.547443
0.581447
0.622057
0.655683
0.688957
0.734633
0.794934
0.872361
0.958766
1.05866
2.99998
2.99995
2.99983
2.99965
2.99903
2.99807
2.99469
2.98952
2.9716
2.94054
2.85316
2.64718
2.23859
1.3697
0.793605
0.598817
0.615691
0.649871
0.686272
0.720401
0.765042
0.820516
0.890381
0.968831
1.05316
2.99999
2.99996
2.99987
2.99972
2.99923
2.99848
2.99582
2.99183
2.97763
2.95474
2.88508
2.73665
2.41486
1.73724
0.971187
0.685199
0.679161
0.699313
0.73001
0.758631
0.796159
0.844461
0.905328
0.975868
1.05112
2.99999
2.99997
2.9999
2.99978
2.9994
2.99881
2.99671
2.9936
2.98228
2.96483
2.90767
2.79611
2.52864
1.9398
1.12974
0.752982
0.729542
0.747403
0.775767
0.803437
0.834095
0.874036
0.924047
0.9845
1.05081
3
2.99998
2.99992
2.99984
2.99954
2.99909
2.99749
2.99512
2.98659
2.97312
2.93032
2.8394
2.63325
2.11936
1.35373
0.873023
0.772881
0.786861
0.811132
0.840829
0.868747
0.903907
0.946392
0.997351
1.05473
3
2.99999
2.99994
2.99988
2.99966
2.99931
2.9981
2.99631
2.98971
2.97985
2.94567
2.88444
2.72225
2.35269
1.67593
1.02649
0.829982
0.826924
0.845313
0.874364
0.903117
0.933724
0.969867
1.01246
1.06175
3
2.99999
2.99996
2.99991
2.99975
2.9995
2.99861
2.9973
2.99245
2.98536
2.95995
2.91762
2.79332
2.5377
1.9741
1.21126
0.904235
0.867092
0.881406
0.907061
0.937064
0.964845
0.996549
1.03258
1.07359
3
3
2.99997
2.99994
2.99982
2.99965
2.99901
2.99809
2.99466
2.98971
2.97193
2.94204
2.85426
2.65544
2.25671
1.46978
1.03707
0.916702
0.916862
0.935038
0.963536
0.991487
1.01987
1.05212
1.08832
3
3
2.99998
2.99996
2.99988
2.99976
2.99932
2.99869
2.99633
2.99299
2.98055
2.96134
2.90019
2.78023
2.49695
1.9143
1.2469
1.00105
0.968177
0.975345
0.995543
1.0219
1.04726
1.0742
1.10505
3.00001
3
2.99999
2.99998
2.99992
2.99984
2.99956
2.99914
2.9976
2.99543
2.98751
2.97493
2.93495
2.84891
2.65461
2.17164
1.4813
1.09444
1.01095
1.00994
1.02428
1.04813
1.07383
1.09916
1.12645
3.00001
3
3
2.99999
2.99995
2.9999
2.99971
2.99943
2.99839
2.99695
2.99134
2.98346
2.95442
2.9055
2.76606
2.47171
1.86109
1.27585
1.07455
1.04907
1.05717
1.07518
1.09922
1.12299
1.14758
3.00001
3.00001
3
2.99999
2.99998
2.99993
2.99985
2.99958
2.99919
2.99778
2.99569
2.98868
2.97583
2.93919
2.85274
2.66505
2.19189
1.52772
1.167
1.0913
1.08981
1.10193
1.12254
1.14795
1.16945
3.00001
3.00001
3
3
2.99999
2.99995
2.9999
2.99972
2.99947
2.99847
2.99716
2.99179
2.98472
2.95708
2.91319
2.78331
2.51668
1.95065
1.35662
1.14984
1.12607
1.13081
1.14814
1.17171
1.19397
3.00001
3.00001
3.00001
3
3
2.99997
2.99994
2.99983
2.99967
2.99906
2.99826
2.99499
2.99069
2.97405
2.94786
2.86166
2.69491
2.3033
1.65293
1.26732
1.16907
1.16048
1.16978
1.1884
1.21113
3.00001
3.00001
3.00001
3
3
2.99999
2.99997
2.9999
2.99981
2.99945
2.99896
2.99701
2.99453
2.98414
2.97028
2.918
2.82812
2.59019
2.10978
1.4977
1.25381
1.21078
1.20612
1.21328
1.22956
3.00001
3.00001
3.00001
3.00001
3
3
2.99998
2.99996
2.99987
2.99975
2.99929
2.99866
2.99618
2.99291
2.98014
2.9602
2.89686
2.76817
2.46517
1.91168
1.42528
1.26212
1.24164
1.24119
1.25226
3.00001
3.00001
3.00001
3.00001
3.00001
3
2.99999
2.99997
2.99994
2.99983
2.99967
2.99905
2.99824
2.99486
2.99058
2.97273
2.94724
2.8576
2.7043
2.27715
1.72892
1.37802
1.28382
1.27129
1.27429
3.00001
3.00001
3.00001
3.00001
3.00001
3
3
2.99999
2.99997
2.99991
2.99982
2.99948
2.99906
2.99722
2.99508
2.98549
2.97328
2.92481
2.84473
2.62568
2.18863
1.62771
1.37485
1.31686
1.30636
3.00001
3.00001
3.00001
3.00001
3.00001
3.00001
3
3
2.99999
2.99995
2.99991
2.99973
2.99951
2.99855
2.99745
2.99247
2.98644
2.96132
2.92229
2.80427
2.56357
2.07118
1.5824
1.38139
1.34321
3.00001
3.00001
3.00001
3.00001
3.00001
3.00001
3.00001
3
3
2.99998
2.99996
2.99987
2.99976
2.99929
2.99875
2.99623
2.99343
2.98023
2.96364
2.89766
2.78358
2.50066
1.96749
1.56004
1.40333
3.00001
3.00001
3.00001
3.00001
3.00001
3.00001
3.00001
3.00001
3
3
2.99999
2.99996
2.99991
2.99979
2.99951
2.99911
2.99737
2.99486
2.98494
2.96182
2.89785
2.73753
2.37918
1.86304
1.52934
3.00001
3.00001
3.00001
3.00001
3.00001
3.00001
3.00001
3.00001
3.00001
3
3
2.99999
2.99996
2.99992
2.99981
2.99953
2.99909
2.99711
2.99571
2.98408
2.96639
2.88859
2.71691
2.32655
1.82065
3.00001
3.00001
3.00001
3.00001
3.00001
3.00001
3.00001
3.00001
3.00001
3.00001
3
3
2.99999
2.99997
2.99992
2.99982
2.99954
2.99912
2.99698
2.99584
2.9832
2.96684
2.88547
2.69864
2.29855
3.00001
3.00001
3.00001
3.00001
3.00001
3.00001
3.00001
3.00001
3.00001
3.00001
3.00001
3
3
2.99998
2.99996
2.99985
2.99975
2.99917
2.99859
2.9954
2.99188
2.97372
2.94951
2.85345
2.69829
3.00001
3.00001
3.00001
3.00001
3.00001
3.00001
3.00001
3.00001
3.00001
3.00001
3.00001
3.00001
3
3
2.99998
2.99996
2.99988
2.99977
2.99935
2.99867
2.99631
2.99132
2.97762
2.94532
2.85675
3.00001
3.00001
3.00001
3.00001
3.00001
3.00001
3.00001
3.00001
3.00001
3.00001
3.00001
3.00001
3.00001
3
3
2.99999
2.99997
2.99992
2.99977
2.99955
2.99829
2.99786
2.99128
2.97933
2.94521
3.00001
3.00001
3.00001
3.00001
3.00001
3.00001
3.00001
3.00001
3.00001
3.00001
3.00001
3.00001
3.00001
3.00001
3.00001
3
2.99999
2.99997
2.99993
2.99978
2.9996
2.99843
2.99809
2.9918
2.98058
3.00001
3.00001
3.00001
3.00001
3.00001
3.00001
3.00001
3.00001
3.00001
3.00001
3.00001
3.00001
3.00001
3.00001
3.00001
3.00001
3
3
2.99998
2.99995
2.99977
2.99963
2.99848
2.99831
2.99212
3.00001
3.00001
3.00001
3.00001
3.00001
3.00001
3.00001
3.00001
3.00001
3.00001
3.00001
3.00001
3.00001
3.00001
3.00001
3.00001
3.00001
3
3
2.99998
2.99995
2.99976
2.99965
2.99852
2.9984
3.00001
3.00001
3.00001
3.00001
3.00001
3.00001
3.00001
3.00001
3.00001
3.00001
3.00001
3.00001
3.00001
3.00001
3.00001
3.00001
3.00001
3.00001
3
3
2.99998
2.99995
2.99979
2.99965
2.99859
3.00001
3.00001
3.00001
3.00001
3.00001
3.00001
3.00001
3.00001
3.00001
3.00001
3.00001
3.00001
3.00001
3.00001
3.00001
3.00001
3.00001
3.00001
3.00001
3
3
2.99997
2.99994
2.99979
2.99964
3.00001
3.00001
3.00001
3.00001
3.00001
3.00001
3.00001
3.00001
3.00001
3.00001
3.00001
3.00001
3.00001
3.00001
3.00001
3.00001
3.00001
3.00001
3.00001
3
3
2.99999
2.99998
2.99991
2.99984
3.00001
3.00001
3.00001
3.00001
3.00001
3.00001
3.00001
3.00001
3.00001
3.00001
3.00001
3.00001
3.00001
3.00001
3.00001
3.00001
3.00001
3.00001
3.00001
3.00001
3.00001
3
3
2.99999
2.99995
3.00001
3.00001
3.00001
3.00001
3.00001
3.00001
3.00001
3.00001
3.00001
3.00001
3.00001
3.00001
3.00001
3.00001
3.00001
3.00001
3.00001
3.00001
3.00001
3.00001
3.00001
3.00001
3
2.99999
2.99998
3.00001
3.00001
3.00001
3.00001
3.00001
3.00001
3.00001
3.00001
3.00001
3.00001
3.00001
3.00001
3.00001
3.00001
3.00001
3.00001
3.00001
3.00001
3.00001
3.00001
3.00001
3.00001
3.00001
3
3
3.00001
3.00001
3.00001
3.00001
3.00001
3.00001
3.00001
3.00001
3.00001
3.00001
3.00001
3.00001
3.00001
3.00001
3.00001
3.00001
3.00001
3.00001
3.00001
3.00001
3.00001
3.00001
3.00001
3.00001
3
1.13553
1.35908
1.51227
1.60779
1.63789
1.6111
1.53965
1.46719
1.34683
1.22681
1.1346
1.09187
1.08107
1.08177
1.08348
1.08448
1.08563
1.08716
1.08827
1.09012
1.09429
1.10017
1.10715
1.11468
1.12243
1.13012
1.1376
1.14475
1.15137
1.15742
1.16278
1.16765
1.17232
1.17654
1.18016
1.18314
1.18552
1.1874
1.18892
1.19021
1.1914
1.19269
1.19435
1.19665
1.19982
1.20398
1.20909
1.21491
1.22126
1.2284
1.23661
1.24557
1.25518
1.26521
1.27576
1.28635
1.29652
1.30421
1.31145
1.3158
1.31566
1.3056
1.27561
1.21323
1.11783
1.00904
0.916789
0.859201
0.844171
0.857332
0.87789
0.900058
0.924416
0.951546
0.977326
1.00364
1.02835
1.05198
1.07389
1.09535
1.11587
1.13556
1.15564
1.17483
1.19468
1.21342
1.2329
1.25125
1.27048
1.28837
1.3072
1.32435
1.34293
1.35927
1.37737
1.39305
1.41063
1.42477
1.43962
1.44736
1.19301
1.3395
1.44051
1.50144
1.52249
1.51758
1.50794
1.51477
1.53609
1.55453
1.5581
1.54714
1.52703
1.50259
1.48266
1.47018
1.46581
1.46573
1.46798
1.47079
1.47365
1.47651
1.47954
1.48284
1.48662
1.49088
1.4955
1.50036
1.50533
1.51003
1.51454
1.51907
1.52368
1.52829
1.5328
1.53697
1.54086
1.54458
1.5482
1.55181
1.55534
1.5587
1.56184
1.56479
1.56762
1.57042
1.57334
1.57656
1.5802
1.5843
1.58892
1.59399
1.59931
1.60483
1.61077
1.61653
1.62082
1.62399
1.62539
1.62305
1.61166
1.58224
1.52433
1.4523
1.40442
1.38267
1.3445
1.29242
1.24086
1.20732
1.20248
1.21816
1.23337
1.25105
1.27362
1.29746
1.31936
1.34097
1.36194
1.38139
1.39982
1.41781
1.4353
1.45237
1.4693
1.4862
1.50295
1.5195
1.53573
1.55161
1.56703
1.58199
1.59642
1.61027
1.62345
1.63589
1.64785
1.65827
1.66775
1.66925
1.18349
1.29354
1.38497
1.46029
1.52695
1.5911
1.65475
1.71025
1.75523
1.78518
1.79454
1.79067
1.77908
1.75758
1.73091
1.70984
1.69473
1.68597
1.68146
1.67972
1.67906
1.67899
1.67956
1.68096
1.68274
1.68498
1.68756
1.69045
1.69363
1.69703
1.70047
1.704
1.7078
1.71192
1.71617
1.72043
1.72474
1.72892
1.73277
1.73654
1.7404
1.74429
1.74813
1.75185
1.75544
1.75891
1.76229
1.76564
1.76905
1.77261
1.77644
1.7806
1.78499
1.78938
1.79319
1.79553
1.79677
1.79588
1.79011
1.7725
1.73277
1.65934
1.57736
1.53923
1.54228
1.55102
1.55186
1.53803
1.51054
1.47223
1.42979
1.39539
1.37736
1.37959
1.39269
1.40765
1.42758
1.45151
1.47472
1.49586
1.5164
1.53615
1.55438
1.57241
1.59033
1.60813
1.62574
1.64313
1.66005
1.6765
1.69251
1.70785
1.72232
1.73583
1.74857
1.76052
1.77209
1.78138
1.79021
1.78973
1.17466
1.27458
1.36441
1.44587
1.52123
1.59176
1.65648
1.71452
1.76223
1.79927
1.82452
1.84236
1.84934
1.85109
1.8484
1.84079
1.82869
1.81778
1.80744
1.79949
1.79337
1.79056
1.78984
1.79047
1.79259
1.79501
1.79767
1.8005
1.80349
1.80656
1.80974
1.81301
1.81641
1.81997
1.82367
1.82746
1.83136
1.83534
1.83918
1.84275
1.84633
1.84993
1.85353
1.85714
1.86076
1.86432
1.86784
1.87132
1.87486
1.87848
1.88226
1.88619
1.8901
1.89319
1.89443
1.8943
1.89239
1.8834
1.85922
1.80734
1.71854
1.63121
1.60028
1.60875
1.62439
1.64455
1.66025
1.67012
1.66991
1.65868
1.63699
1.60603
1.56693
1.52709
1.49682
1.484
1.49403
1.50647
1.52401
1.54805
1.57271
1.5947
1.61639
1.63815
1.65824
1.67704
1.69531
1.7128
1.72963
1.74598
1.7615
1.7765
1.79076
1.80474
1.81776
1.83059
1.84257
1.85312
1.86287
1.86461
1.159
1.2532
1.34
1.42034
1.49578
1.56429
1.6276
1.68526
1.73724
1.7843
1.82468
1.86069
1.88726
1.90794
1.91856
1.9226
1.92042
1.91526
1.90659
1.89715
1.88919
1.8823
1.87695
1.87367
1.87209
1.87184
1.87232
1.87436
1.87681
1.87948
1.88243
1.88567
1.88904
1.89243
1.89575
1.89906
1.90248
1.90604
1.90958
1.91296
1.91642
1.91993
1.92346
1.927
1.93054
1.93405
1.93751
1.94088
1.94421
1.94755
1.9509
1.9541
1.95634
1.95709
1.95525
1.95148
1.93894
1.90738
1.84202
1.74172
1.65296
1.62953
1.63829
1.6549
1.67583
1.69751
1.71836
1.73817
1.75061
1.7584
1.75831
1.75004
1.73192
1.70484
1.66812
1.62709
1.58717
1.5622
1.55838
1.57345
1.5909
1.61326
1.63959
1.66513
1.68653
1.70818
1.72819
1.74612
1.76371
1.77951
1.79596
1.81085
1.82597
1.83946
1.85402
1.86703
1.88127
1.89301
1.90522
1.90969
1.14254
1.22871
1.31056
1.38663
1.45862
1.5259
1.58868
1.64748
1.70155
1.75203
1.79731
1.8385
1.87426
1.90465
1.92953
1.94719
1.95963
1.96562
1.96613
1.96536
1.96235
1.95741
1.95214
1.94613
1.94121
1.93706
1.93511
1.93458
1.93552
1.93806
1.94064
1.94362
1.94697
1.95037
1.9537
1.95687
1.95999
1.96319
1.96628
1.96915
1.97208
1.97509
1.9782
1.98142
1.98475
1.98816
1.99162
1.99509
1.99859
2.00206
2.00516
2.00665
2.00729
2.00462
1.99927
1.98164
1.94297
1.85966
1.7514
1.6662
1.65018
1.65858
1.67238
1.69104
1.7107
1.73274
1.75346
1.77501
1.79285
1.80889
1.81982
1.82709
1.82865
1.82423
1.81016
1.78704
1.75359
1.71609
1.67097
1.63597
1.61686
1.63166
1.64676
1.66577
1.69193
1.71806
1.74074
1.76152
1.78225
1.80005
1.81802
1.83305
1.84964
1.8635
1.87912
1.8925
1.90821
1.92088
1.93532
1.9414
1.13003
1.20845
1.28394
1.35539
1.42298
1.48714
1.54796
1.60552
1.6599
1.71078
1.75837
1.80217
1.84267
1.87929
1.91213
1.94017
1.96456
1.98218
1.99666
2.00401
2.00939
2.00891
2.00844
2.00596
2.00259
1.99881
1.99541
1.99205
1.99026
1.98961
1.98985
1.99181
1.9937
1.99589
1.99844
2.00113
2.00385
2.00637
2.00877
2.01118
2.01367
2.01622
2.01889
2.02166
2.02454
2.02756
2.03068
2.03386
2.03692
2.03978
2.04046
2.04036
2.03825
2.02911
2.0082
1.95755
1.86215
1.74294
1.66515
1.65193
1.66187
1.67574
1.69192
1.71162
1.73161
1.7529
1.77333
1.79506
1.81511
1.83536
1.85218
1.86834
1.88029
1.88937
1.89323
1.89228
1.88384
1.86463
1.83613
1.80158
1.754
1.71092
1.67658
1.67954
1.69596
1.71523
1.73819
1.76411
1.79007
1.81086
1.83222
1.84971
1.86903
1.8841
1.90182
1.91616
1.93392
1.94749
1.96384
1.97116
1.12078
1.19188
1.26123
1.32804
1.39137
1.452
1.50946
1.56465
1.61693
1.66691
1.71413
1.75855
1.8005
1.83915
1.87551
1.90851
1.93858
1.96537
1.98823
2.00726
2.02169
2.03252
2.03856
2.04274
2.04285
2.0435
2.043
2.04061
2.038
2.03507
2.03281
2.03135
2.03005
2.03102
2.03201
2.03297
2.03452
2.03667
2.03893
2.0414
2.04395
2.04652
2.04916
2.05183
2.05459
2.05739
2.06036
2.06286
2.06519
2.06508
2.06354
2.06091
2.04929
2.02265
1.96044
1.85124
1.72934
1.66514
1.65226
1.66225
1.67452
1.69013
1.707
1.72704
1.74664
1.7675
1.78802
1.80964
1.83064
1.85229
1.87313
1.89401
1.91254
1.93052
1.94434
1.95586
1.96054
1.96078
1.95455
1.9379
1.91163
1.88042
1.83541
1.79054
1.74468
1.73047
1.75076
1.76955
1.78892
1.81561
1.8431
1.86546
1.8884
1.90604
1.92708
1.94255
1.96142
1.97523
1.992
1.9989
1.11659
1.18025
1.24353
1.30555
1.36489
1.422
1.47625
1.52846
1.57826
1.62605
1.67182
1.71538
1.75713
1.79647
1.83411
1.86911
1.90248
1.93285
1.96137
1.98664
2.00906
2.02805
2.04326
2.05539
2.06433
2.06979
2.07265
2.07447
2.07532
2.07374
2.07134
2.06797
2.06504
2.06285
2.0601
2.06047
2.06081
2.06165
2.06336
2.06594
2.06881
2.07197
2.07512
2.0784
2.08129
2.08442
2.08674
2.08821
2.08842
2.08512
2.08117
2.06634
2.03361
1.95815
1.83566
1.71282
1.66031
1.64787
1.65858
1.67166
1.68536
1.70252
1.72109
1.74127
1.76095
1.78184
1.80276
1.82486
1.84695
1.87024
1.89307
1.91624
1.93825
1.95898
1.97747
1.99308
2.00497
2.01304
2.0177
2.01818
2.0149
2.00481
1.98608
1.96123
1.92417
1.88518
1.83264
1.80013
1.81601
1.83342
1.85404
1.8772
1.90364
1.92879
1.95254
1.96954
1.99029
2.00471
2.02039
2.02573
1.11557
1.17286
1.23055
1.28777
1.34336
1.39709
1.44848
1.49776
1.54507
1.59045
1.63428
1.67628
1.71692
1.75578
1.79328
1.82899
1.86317
1.89549
1.92605
1.95472
1.98133
2.00595
2.02794
2.04749
2.06342
2.07704
2.08672
2.09363
2.09723
2.09824
2.09844
2.09787
2.09509
2.09203
2.08743
2.08539
2.08255
2.08309
2.08409
2.08545
2.08755
2.09042
2.09376
2.09713
2.1005
2.10341
2.10463
2.10478
2.10154
2.09583
2.07903
2.03924
1.95345
1.81792
1.69812
1.65755
1.64721
1.65811
1.67014
1.68429
1.70024
1.71881
1.73734
1.75734
1.77738
1.7986
1.8202
1.84292
1.86623
1.89012
1.91348
1.93677
1.95844
1.97949
1.99822
2.01534
2.03079
2.04454
2.05724
2.06668
2.07599
2.08027
2.08315
2.08143
2.07231
2.05371
2.02459
1.99143
1.93629
1.89054
1.88017
1.90133
1.92218
1.93896
1.96234
1.98707
2.00979
2.02448
2.04152
2.04593
1.12013
1.17004
1.22202
1.27437
1.32602
1.37638
1.42505
1.47171
1.51663
1.5597
1.6014
1.64158
1.68061
1.71831
1.75482
1.79021
1.82415
1.85721
1.88851
1.9191
1.94784
1.97557
2.00153
2.02562
2.04761
2.06667
2.08266
2.0957
2.10523
2.11197
2.1155
2.11683
2.1172
2.11725
2.11534
2.11324
2.11013
2.10864
2.10698
2.1076
2.10899
2.11064
2.11264
2.11531
2.11814
2.11973
2.1195
2.11593
2.10966
2.08796
2.04426
1.94223
1.80203
1.68441
1.65158
1.645
1.6559
1.66844
1.68295
1.70046
1.71804
1.73736
1.75654
1.77707
1.7974
1.81874
1.8407
1.86393
1.88729
1.91071
1.9334
1.95527
1.97628
1.99603
2.01522
2.03344
2.05134
2.06824
2.08502
2.1008
2.11686
2.1298
2.14432
2.15322
2.16117
2.16353
2.16034
2.14789
2.12326
2.09311
2.04161
1.98659
1.94534
1.96433
1.98038
1.99602
2.0156
2.03543
2.05533
2.05851
1.12889
1.17269
1.21894
1.26659
1.31437
1.36127
1.40721
1.4514
1.49418
1.53502
1.57461
1.61268
1.64979
1.68584
1.72099
1.75535
1.78872
1.82147
1.8531
1.88418
1.91393
1.94302
1.97058
1.99693
2.02161
2.04419
2.06482
2.08258
2.09761
2.1101
2.11958
2.12676
2.13127
2.13403
2.13504
2.13677
2.13619
2.13482
2.13276
2.13148
2.13045
2.13038
2.13131
2.13234
2.13269
2.13217
2.12951
2.11947
2.09778
2.04488
1.93394
1.78039
1.67191
1.6488
1.64526
1.65605
1.66884
1.68447
1.70183
1.72133
1.74044
1.76059
1.78006
1.80033
1.82057
1.84197
1.86388
1.88625
1.90847
1.93054
1.95177
1.97296
1.99321
2.01361
2.03334
2.05265
2.07191
2.09028
2.10932
2.12729
2.14616
2.16394
2.18237
2.19783
2.21421
2.22509
2.2352
2.23966
2.23931
2.23166
2.21244
2.18482
2.14014
2.0812
2.02012
2.01604
2.03437
2.04923
2.06118
2.0643
1.14009
1.17887
1.21994
1.26278
1.30683
1.35049
1.39361
1.43542
1.47614
1.51514
1.55295
1.58916
1.6245
1.65863
1.69225
1.72506
1.75739
1.7893
1.82046
1.85136
1.8812
1.91061
1.93867
1.96598
1.99167
2.01621
2.03906
2.06018
2.07957
2.09666
2.11154
2.12427
2.13453
2.14268
2.14866
2.15223
2.15451
2.15665
2.15696
2.15571
2.15414
2.15235
2.15085
2.14903
2.14754
2.14219
2.13095
2.10204
2.04319
1.91376
1.76014
1.66217
1.64406
1.64547
1.65557
1.66973
1.68596
1.70541
1.72493
1.74551
1.76527
1.78542
1.80481
1.82467
1.84434
1.86469
1.88539
1.90646
1.92758
1.94852
1.96951
1.9903
2.01124
2.03192
2.05256
2.07269
2.09271
2.11197
2.13175
2.15056
2.17067
2.18939
2.2091
2.2275
2.24613
2.26222
2.27938
2.29064
2.30297
2.3087
2.31119
2.30838
2.2967
2.27198
2.23287
2.17811
2.10276
2.07117
2.07778
2.08279
1.15624
1.18901
1.22523
1.26309
1.30234
1.34264
1.38287
1.42244
1.46101
1.49844
1.53457
1.56949
1.60327
1.63606
1.66815
1.69957
1.73067
1.76123
1.79161
1.82151
1.85092
1.87999
1.90793
1.93552
1.96165
1.98706
2.01119
2.03414
2.05608
2.07644
2.09577
2.11296
2.12846
2.14174
2.1526
2.16131
2.16754
2.17113
2.17347
2.17471
2.17481
2.17306
2.17028
2.16566
2.1583
2.14351
2.11028
2.04221
1.90243
1.74726
1.65822
1.63933
1.64642
1.65742
1.67197
1.68997
1.70954
1.73028
1.7504
1.77094
1.79032
1.80949
1.82773
1.8463
1.86517
1.88481
1.90498
1.92528
1.9461
1.967
1.98848
2.00996
2.03184
2.05324
2.07481
2.09531
2.11622
2.13591
2.15652
2.17576
2.19612
2.21465
2.23464
2.2525
2.27181
2.28957
2.30798
2.32468
2.34244
2.35567
2.36997
2.37858
2.38414
2.38434
2.37799
2.35932
2.32346
2.2711
2.16972
2.15953
1.17453
1.20354
1.23453
1.26808
1.30303
1.33903
1.3758
1.41254
1.4488
1.48417
1.51855
1.55175
1.58399
1.61526
1.64582
1.67585
1.70552
1.73498
1.76422
1.79324
1.82204
1.85034
1.87827
1.90551
1.93202
1.95803
1.98284
2.0074
2.03071
2.05335
2.07509
2.09531
2.11462
2.13162
2.14697
2.15982
2.17029
2.17866
2.18392
2.18686
2.18772
2.18742
2.18443
2.17673
2.15921
2.1212
2.04546
1.89885
1.74264
1.65896
1.64153
1.65074
1.66256
1.67756
1.69477
1.71536
1.73591
1.75614
1.77523
1.79423
1.81224
1.83003
1.84763
1.86578
1.88467
1.90413
1.92449
1.94509
1.96669
1.98814
2.0105
2.03246
2.05516
2.07699
2.09929
2.12017
2.14162
2.16134
2.18194
2.20053
2.22041
2.23829
2.25779
2.27544
2.29506
2.31272
2.3327
2.35066
2.37069
2.38838
2.40779
2.4229
2.43897
2.44901
2.45595
2.45793
2.45338
2.43841
2.39325
2.38301
1.19243
1.21783
1.24529
1.27491
1.30659
1.33913
1.3724
1.40628
1.43996
1.47332
1.50568
1.53734
1.56776
1.59761
1.62658
1.65524
1.68351
1.71176
1.73983
1.76793
1.79581
1.82356
1.85094
1.87798
1.90468
1.93069
1.95652
1.98146
2.00596
2.02993
2.05244
2.07517
2.09513
2.11583
2.13276
2.15014
2.16362
2.17608
2.18585
2.19136
2.1927
2.19205
2.18568
2.16877
2.12787
2.0476
1.89933
1.74432
1.66551
1.64971
1.65939
1.67111
1.6857
1.70252
1.72283
1.74371
1.76291
1.78178
1.79959
1.81736
1.83429
1.85131
1.86858
1.88686
1.90635
1.9266
1.94774
1.96883
1.99067
2.01232
2.03507
2.05756
2.08091
2.10312
2.12571
2.14647
2.16773
2.18687
2.20703
2.22502
2.24453
2.26188
2.28113
2.29844
2.31782
2.33572
2.35578
2.37445
2.39537
2.4144
2.43542
2.45371
2.47368
2.48898
2.50615
2.51583
2.52424
2.52603
2.52225
2.52097
1.21438
1.23579
1.25959
1.28505
1.31281
1.34234
1.37254
1.40334
1.43452
1.4655
1.49615
1.52588
1.55513
1.58321
1.61113
1.63821
1.66537
1.69215
1.71924
1.74616
1.77332
1.80036
1.82731
1.85419
1.88064
1.90704
1.93276
1.95844
1.98315
2.0078
2.03093
2.0545
2.07516
2.09753
2.11538
2.13541
2.15103
2.16683
2.17917
2.1858
2.18585
2.18099
2.16593
2.12558
2.04151
1.89291
1.74509
1.67085
1.65878
1.66935
1.6823
1.69799
1.71559
1.73499
1.75388
1.77298
1.79105
1.80914
1.82607
1.84298
1.85907
1.87571
1.89308
1.91178
1.93158
1.95206
1.97318
1.99427
2.01614
2.03791
2.0607
2.08309
2.1061
2.12792
2.15008
2.17042
2.19137
2.21015
2.23003
2.24758
2.2668
2.28377
2.30288
2.31998
2.3396
2.35756
2.37807
2.39704
2.41837
2.43787
2.45946
2.47858
2.49946
2.51699
2.53627
2.55054
2.56733
2.57614
2.5852
2.58919
1.2327
1.25389
1.27621
1.29981
1.32435
1.35003
1.37716
1.40524
1.43382
1.46259
1.49107
1.51907
1.54649
1.57338
1.59955
1.6256
1.65125
1.67697
1.70263
1.72865
1.75477
1.78115
1.80775
1.83412
1.86081
1.88688
1.91293
1.93863
1.96322
1.98865
2.01105
2.0359
2.05631
2.07919
2.09887
2.1182
2.13722
2.15255
2.16562
2.16719
2.16469
2.14947
2.11037
2.0165
1.87172
1.73861
1.67136
1.6624
1.67535
1.69155
1.71082
1.732
1.751
1.76917
1.7871
1.80531
1.8225
1.83992
1.85589
1.87193
1.88723
1.90355
1.92059
1.93902
1.95845
1.9786
1.99942
2.02031
2.04197
2.0634
2.08569
2.10738
2.1297
2.15104
2.17286
2.19312
2.21395
2.2327
2.25259
2.2702
2.28951
2.30653
2.32573
2.34294
2.36269
2.38068
2.40133
2.42029
2.44177
2.46131
2.48308
2.50235
2.52355
2.54151
2.5614
2.57723
2.59569
2.60862
2.62505
2.63104
1.25036
1.27045
1.29095
1.31265
1.33603
1.36067
1.38612
1.41203
1.43828
1.46445
1.49087
1.51711
1.5428
1.56813
1.59298
1.61744
1.64192
1.66638
1.69108
1.71587
1.74099
1.76663
1.79197
1.8186
1.84351
1.87088
1.89499
1.92205
1.9456
1.97094
1.99442
2.01709
2.04051
2.06077
2.08268
2.10217
2.11966
2.13598
2.13942
2.13672
2.12368
2.08072
1.98919
1.83378
1.70987
1.66287
1.65868
1.6732
1.69417
1.71774
1.74128
1.7621
1.78254
1.80238
1.82054
1.83805
1.85445
1.87113
1.88637
1.90197
1.91704
1.93326
1.95003
1.96792
1.98654
2.0059
2.02615
2.04673
2.06815
2.08916
2.11095
2.13192
2.15379
2.17461
2.19625
2.21638
2.23742
2.25648
2.27674
2.29454
2.31409
2.33114
2.35054
2.36771
2.3876
2.40561
2.42645
2.44541
2.46712
2.48651
2.5084
2.52734
2.54852
2.56609
2.58607
2.60182
2.6207
2.63457
2.65228
2.66014
1.27059
1.29117
1.31039
1.32986
1.35005
1.3721
1.3953
1.41949
1.44441
1.46998
1.49513
1.51998
1.54433
1.56784
1.59084
1.61368
1.63663
1.65989
1.68323
1.70729
1.7311
1.75559
1.78047
1.80511
1.83099
1.85517
1.88162
1.90517
1.93098
1.9544
1.97805
2.00171
2.02285
2.0457
2.06574
2.08457
2.1018
2.10591
2.10267
2.08906
2.04385
1.94669
1.78703
1.66848
1.64122
1.64866
1.6658
1.68668
1.71454
1.73986
1.76423
1.78687
1.80809
1.8283
1.84765
1.86678
1.88448
1.90155
1.9171
1.93323
1.94902
1.96562
1.98244
1.99984
2.01799
2.0367
2.05644
2.07624
2.09692
2.11705
2.13823
2.15847
2.17988
2.20006
2.22151
2.24136
2.26253
2.28144
2.30181
2.31948
2.33909
2.35592
2.37536
2.3924
2.41254
2.43055
2.45172
2.47068
2.49265
2.5119
2.534
2.55265
2.574
2.59135
2.61152
2.62728
2.64654
2.66089
2.67918
2.68811
1.28821
1.30884
1.32997
1.34979
1.36896
1.38835
1.4087
1.43003
1.45225
1.47542
1.49915
1.52308
1.54668
1.56988
1.59261
1.61432
1.63584
1.6573
1.67905
1.70136
1.72406
1.74776
1.77092
1.79596
1.81929
1.84493
1.86835
1.89335
1.9171
1.94034
1.96441
1.98587
2.0088
2.02971
2.04844
2.06608
2.06979
2.06559
2.05005
2.00018
1.89497
1.73437
1.62509
1.60948
1.62604
1.64982
1.67426
1.70249
1.73028
1.75725
1.783
1.80593
1.8277
1.84902
1.86983
1.89016
1.90944
1.92831
1.94611
1.96387
1.98087
1.9982
2.01542
2.03267
2.05043
2.06815
2.08697
2.10556
2.12568
2.14508
2.16603
2.18564
2.2067
2.22624
2.2472
2.26642
2.28709
2.30549
2.32556
2.34285
2.36233
2.37903
2.39871
2.41587
2.43637
2.45453
2.47597
2.495
2.51703
2.53623
2.55822
2.5767
2.59797
2.6151
2.63527
2.65098
2.67042
2.68496
2.70356
2.71285
1.30982
1.32428
1.34516
1.36571
1.3855
1.40476
1.42421
1.44392
1.46414
1.4844
1.50561
1.52737
1.54963
1.57138
1.59323
1.61456
1.63516
1.65539
1.6761
1.69707
1.71909
1.74107
1.76439
1.78733
1.81148
1.83519
1.85896
1.88326
1.90586
1.92994
1.95158
1.97397
1.99542
2.01358
2.03051
2.03308
2.0276
2.00797
1.95639
1.8335
1.68078
1.58629
1.57633
1.59576
1.62458
1.65592
1.68762
1.71661
1.7447
1.77148
1.79748
1.82189
1.84544
1.86774
1.88932
1.91042
1.93073
1.95053
1.96973
1.98916
2.00805
2.0267
2.0447
2.06243
2.08033
2.09797
2.11653
2.13482
2.15462
2.17365
2.19439
2.21359
2.23443
2.25337
2.27386
2.29237
2.31242
2.33021
2.34978
2.36686
2.38636
2.40334
2.42335
2.44085
2.46162
2.4799
2.50135
2.5202
2.54195
2.56085
2.5824
2.60061
2.62151
2.63847
2.65861
2.67436
2.69407
2.70884
2.72776
2.73734
1.33712
1.3431
1.35797
1.37865
1.39894
1.41861
1.43801
1.45753
1.47713
1.4969
1.51647
1.53578
1.55546
1.57545
1.59555
1.61538
1.63529
1.65517
1.67452
1.6946
1.71524
1.73671
1.75887
1.78105
1.80467
1.82705
1.85149
1.87369
1.89748
1.91988
1.94146
1.96357
1.98154
1.9961
1.99748
1.99022
1.96166
1.90756
1.75977
1.61466
1.54906
1.54921
1.56884
1.5953
1.6317
1.66728
1.69941
1.72781
1.75511
1.78183
1.80843
1.83423
1.85955
1.88373
1.90692
1.9286
1.94917
1.96953
1.98978
2.01016
2.03019
2.05025
2.06986
2.08903
2.10789
2.12641
2.14562
2.16454
2.18478
2.2041
2.22478
2.24374
2.26415
2.28259
2.30255
2.32049
2.33998
2.3574
2.3767
2.39382
2.41336
2.43052
2.45061
2.46813
2.48882
2.50684
2.528
2.54638
2.56777
2.58612
2.60732
2.62505
2.64573
2.6624
2.68258
2.69815
2.71813
2.73271
2.75189
2.7613
1.37085
1.36641
1.37413
1.3896
1.41002
1.43009
1.44971
1.46915
1.48879
1.50823
1.52798
1.54709
1.56597
1.58412
1.60173
1.61965
1.63762
1.65634
1.67526
1.69461
1.71363
1.73428
1.75476
1.77711
1.7984
1.82136
1.84377
1.86616
1.88928
1.91026
1.93239
1.95051
1.9627
1.96226
1.95239
1.91908
1.85098
1.689
1.54588
1.50478
1.51617
1.54297
1.57127
1.60594
1.64218
1.67673
1.70835
1.73687
1.764
1.79034
1.8172
1.84415
1.87086
1.89664
1.92122
1.94472
1.96699
1.9885
2.00897
2.02929
2.04949
2.06984
2.09011
2.11047
2.13091
2.15119
2.1719
2.19214
2.21321
2.23305
2.25399
2.27316
2.29366
2.312
2.33175
2.34935
2.36855
2.38574
2.40486
2.42189
2.44135
2.45845
2.47847
2.49575
2.51623
2.53375
2.55458
2.5723
2.59335
2.61105
2.63207
2.64931
2.67004
2.68646
2.70689
2.72241
2.74278
2.75736
2.77691
2.78631
1.41628
1.39532
1.3948
1.4036
1.41916
1.43929
1.4592
1.4785
1.4978
1.51694
1.53621
1.55519
1.57416
1.59251
1.61041
1.62734
1.64414
1.66042
1.67794
1.6956
1.71464
1.73355
1.75355
1.77416
1.795
1.81701
1.83796
1.86049
1.8812
1.90225
1.92022
1.92964
1.9268
1.91345
1.87527
1.78962
1.61975
1.48507
1.46245
1.47748
1.51006
1.5464
1.5825
1.61654
1.65053
1.68377
1.71537
1.74418
1.77148
1.7982
1.82538
1.85265
1.87972
1.90616
1.93172
1.95656
1.98033
2.00337
2.02508
2.04614
2.06624
2.08649
2.10715
2.12838
2.15021
2.17213
2.19438
2.21587
2.23794
2.25858
2.28024
2.2998
2.32064
2.3391
2.35913
2.37686
2.39628
2.41358
2.43285
2.44998
2.46947
2.48642
2.50616
2.52287
2.5428
2.55942
2.57963
2.59641
2.61697
2.63396
2.65469
2.67156
2.69223
2.70859
2.72914
2.74479
2.7653
2.78004
2.79971
2.80924
1.52512
1.43929
1.42216
1.42458
1.43374
1.44843
1.46729
1.48648
1.50526
1.5238
1.54224
1.56072
1.57895
1.59712
1.61506
1.63272
1.6498
1.66627
1.68254
1.69877
1.71628
1.73396
1.75334
1.77252
1.79328
1.81347
1.83449
1.85514
1.87408
1.89156
1.89758
1.89221
1.87409
1.82381
1.72632
1.54432
1.43392
1.42435
1.44685
1.47692
1.51771
1.55758
1.59292
1.62517
1.65735
1.6893
1.72072
1.75026
1.77872
1.80603
1.83311
1.85987
1.88671
1.91347
1.93988
1.96585
1.9907
2.01465
2.0373
2.05942
2.0809
2.10243
2.12392
2.14577
2.16836
2.19109
2.21447
2.23712
2.26023
2.28164
2.30405
2.3242
2.34575
2.36476
2.3855
2.40372
2.42386
2.44168
2.4615
2.47894
2.49849
2.51537
2.5347
2.55101
2.57027
2.58629
2.60573
2.62183
2.64163
2.65793
2.67803
2.69442
2.71468
2.73083
2.75119
2.76677
2.78727
2.80194
2.82169
2.83114
1.80611
1.5305
1.4582
1.44763
1.45118
1.46198
1.47641
1.49436
1.5121
1.52975
1.54723
1.56482
1.58241
1.6002
1.61783
1.63532
1.65241
1.66967
1.68628
1.70282
1.71926
1.73622
1.75398
1.77223
1.79213
1.81085
1.83136
1.84847
1.86359
1.86638
1.85735
1.83302
1.76705
1.65135
1.46635
1.38533
1.3907
1.41742
1.4497
1.48995
1.53092
1.5687
1.60265
1.63373
1.66424
1.69464
1.72543
1.75553
1.78499
1.81309
1.84053
1.86741
1.89416
1.92086
1.94728
1.97348
1.9988
2.0237
2.04761
2.07125
2.09421
2.11715
2.13985
2.16267
2.1857
2.20877
2.23265
2.25581
2.27962
2.30172
2.32467
2.34534
2.36749
2.38731
2.40898
2.42824
2.44935
2.46797
2.48837
2.5062
2.52596
2.54295
2.56219
2.57837
2.59727
2.6129
2.63182
2.64736
2.66666
2.68241
2.70221
2.71813
2.73828
2.75405
2.77443
2.78973
2.8103
2.82473
2.84456
2.85379
2.2676
1.8233
1.55737
1.4867
1.47594
1.47831
1.48885
1.50315
1.52089
1.53738
1.55354
1.56979
1.58638
1.60306
1.62004
1.6372
1.65422
1.67145
1.68791
1.70548
1.72156
1.73936
1.75598
1.77384
1.79126
1.8092
1.82568
1.83602
1.83505
1.8212
1.78925
1.70054
1.56524
1.39643
1.34639
1.35684
1.39044
1.42772
1.46675
1.50512
1.5427
1.5784
1.61165
1.64236
1.67224
1.70187
1.73216
1.76209
1.79165
1.82011
1.84805
1.87529
1.90223
1.9289
1.95518
1.98137
2.00708
2.03275
2.0578
2.08274
2.10706
2.13127
2.15512
2.17893
2.20261
2.22591
2.24945
2.27223
2.29588
2.31805
2.34139
2.36269
2.38572
2.40658
2.42932
2.44963
2.47166
2.49122
2.51241
2.53103
2.55135
2.56876
2.58819
2.60431
2.62306
2.63825
2.65687
2.6718
2.69086
2.70602
2.72577
2.74123
2.76153
2.77698
2.79755
2.81269
2.83336
2.84784
2.86766
2.87713
2.68945
2.26524
1.83504
1.58206
1.5165
1.50498
1.50605
1.51562
1.52916
1.54692
1.56333
1.57878
1.59339
1.60843
1.6241
1.64005
1.65659
1.67293
1.68995
1.70645
1.72372
1.74057
1.75758
1.77486
1.79056
1.80473
1.8098
1.80363
1.78377
1.7412
1.63008
1.47517
1.33062
1.31022
1.33194
1.36519
1.40773
1.44909
1.48633
1.52089
1.55496
1.58837
1.62078
1.65152
1.68162
1.71122
1.7411
1.77059
1.79997
1.82857
1.8567
1.88411
1.91108
1.93772
1.96407
1.9905
2.01659
2.04282
2.06857
2.09432
2.11951
2.14452
2.16903
2.19319
2.21705
2.24047
2.26397
2.28657
2.31
2.33236
2.3562
2.3783
2.40211
2.42365
2.44707
2.46814
2.49107
2.51157
2.53375
2.55324
2.57434
2.59235
2.61235
2.62887
2.64812
2.66353
2.6825
2.69736
2.71648
2.73127
2.75074
2.76563
2.78543
2.80035
2.82041
2.83526
2.85555
2.86996
2.88954
2.89915
2.85416
2.68597
2.26647
1.85227
1.60792
1.54545
1.53334
1.53359
1.54201
1.55512
1.57223
1.58884
1.60469
1.6191
1.63313
1.64648
1.6613
1.67622
1.69249
1.70841
1.72497
1.74156
1.75765
1.77292
1.7833
1.78465
1.77382
1.74439
1.68656
1.55837
1.38064
1.27294
1.27844
1.30732
1.34469
1.38988
1.43201
1.47072
1.50535
1.53729
1.56868
1.59997
1.63134
1.66194
1.69219
1.72173
1.75138
1.7807
1.81009
1.83888
1.86718
1.89473
1.92166
1.94831
1.97463
2.00113
2.02736
2.05383
2.07989
2.10596
2.13143
2.15665
2.18123
2.20542
2.22931
2.25274
2.27638
2.29927
2.32293
2.34532
2.3692
2.39154
2.41575
2.43776
2.46181
2.48356
2.50738
2.52875
2.55187
2.57228
2.59433
2.61332
2.63423
2.65162
2.67149
2.68741
2.70663
2.72163
2.74076
2.75548
2.77487
2.78963
2.80936
2.82415
2.84413
2.85878
2.87887
2.89293
2.91223
2.92142
2.94666
2.85616
2.68802
2.2785
1.87562
1.63575
1.57411
1.56106
1.56074
1.56817
1.5805
1.59679
1.6131
1.62873
1.64376
1.65814
1.67166
1.68444
1.69814
1.71247
1.7276
1.7418
1.75562
1.76108
1.75771
1.74157
1.70002
1.61996
1.47052
1.29095
1.23155
1.24925
1.2846
1.3273
1.37249
1.41443
1.4537
1.48964
1.52256
1.55323
1.58341
1.61347
1.64383
1.67373
1.70363
1.73314
1.76293
1.79239
1.82188
1.85064
1.87909
1.90698
1.93426
1.96113
1.98735
2.01352
2.03919
2.06515
2.09078
2.1166
2.14187
2.16701
2.19158
2.21593
2.24001
2.26375
2.28771
2.31091
2.3349
2.3575
2.38147
2.40357
2.4278
2.44998
2.47439
2.49658
2.52096
2.54306
2.56703
2.58851
2.61158
2.63169
2.65342
2.6716
2.692
2.70841
2.72805
2.74343
2.76298
2.77799
2.79783
2.81266
2.83279
2.84735
2.86749
2.88178
2.90161
2.91551
2.93433
2.94371
2.98089
2.94813
2.8606
2.69793
2.29977
1.90598
1.66589
1.6023
1.58788
1.58724
1.59378
1.60525
1.62053
1.63643
1.65173
1.66707
1.68175
1.69585
1.70909
1.72091
1.73257
1.74089
1.74119
1.72988
1.70706
1.64785
1.54551
1.37179
1.21671
1.19643
1.22431
1.26236
1.31038
1.35643
1.3977
1.43623
1.47206
1.50549
1.53702
1.56715
1.59709
1.62694
1.65713
1.68683
1.71654
1.74579
1.77528
1.80456
1.83401
1.86308
1.89152
1.91906
1.94589
1.9724
1.99844
2.02461
2.05037
2.07624
2.1016
2.12705
2.152
2.17699
2.2016
2.22619
2.25059
2.27473
2.29901
2.3225
2.34658
2.36926
2.39315
2.41511
2.43897
2.46091
2.48528
2.50764
2.53228
2.55488
2.57946
2.60174
2.62558
2.64656
2.66911
2.68816
2.70938
2.72656
2.74691
2.76289
2.78296
2.79844
2.81863
2.83384
2.85418
2.86893
2.88923
2.90352
2.92349
2.93727
2.95606
2.96532
2.99214
2.98133
2.94959
2.86698
2.71335
2.32849
1.94284
1.69733
1.62884
1.61413
1.61284
1.61812
1.62864
1.64304
1.65813
1.67371
1.68847
1.7034
1.7159
1.72643
1.72942
1.72302
1.70234
1.66593
1.58802
1.45382
1.27762
1.16015
1.16898
1.20049
1.24469
1.2948
1.33971
1.37988
1.41757
1.45291
1.48668
1.51888
1.54992
1.57991
1.60973
1.63941
1.66954
1.69943
1.72938
1.75873
1.78815
1.81703
1.84555
1.8733
1.90054
1.92731
1.95364
1.97993
2.00592
2.03221
2.05824
2.08454
2.11032
2.13607
2.1613
2.18662
2.21162
2.23669
2.26161
2.28624
2.31077
2.33431
2.35812
2.38033
2.40374
2.42526
2.44879
2.47037
2.49454
2.517
2.54195
2.56493
2.58998
2.61273
2.63711
2.65866
2.68177
2.70146
2.72324
2.74114
2.76216
2.77891
2.79983
2.81604
2.83704
2.85281
2.87381
2.88896
2.90974
2.92427
2.94446
2.9583
2.97701
2.98622
2.9983
2.99257
2.98049
2.95284
2.87402
2.73038
2.36291
1.97926
1.72973
1.65789
1.63893
1.63702
1.64165
1.65111
1.66426
1.67869
1.69233
1.70545
1.7136
1.71322
1.70085
1.67211
1.61683
1.51075
1.34128
1.17513
1.11869
1.14665
1.18287
1.23189
1.28106
1.32494
1.36382
1.39998
1.43417
1.4671
1.49944
1.53117
1.56236
1.59261
1.62241
1.65173
1.68138
1.711
1.74097
1.77033
1.79931
1.8273
1.85481
1.88163
1.90807
1.93425
1.96019
1.98629
2.01223
2.03853
2.06466
2.09117
2.11742
2.14385
2.16994
2.19611
2.22187
2.24743
2.27241
2.29681
2.32101
2.3442
2.36778
2.38978
2.41293
2.43421
2.45761
2.47915
2.50337
2.52578
2.55084
2.57393
2.59905
2.62191
2.64635
2.6681
2.69149
2.71164
2.73412
2.75284
2.77488
2.79266
2.81454
2.83162
2.85337
2.86962
2.89118
2.9065
2.92774
2.94235
2.9629
2.977
2.99586
3.00561
2.9988
2.99773
2.99303
2.98425
2.95467
2.89682
2.74485
2.4392
2.01282
1.75606
1.67777
1.66038
1.65838
1.6621
1.67041
1.68095
1.69284
1.69706
1.69166
1.67143
1.62651
1.54847
1.41135
1.23493
1.10172
1.09162
1.1226
1.16609
1.21985
1.26793
1.31039
1.34897
1.38462
1.41793
1.45021
1.4821
1.51398
1.54552
1.57667
1.60699
1.63684
1.66602
1.69516
1.72388
1.75267
1.78092
1.80899
1.83629
1.86318
1.88939
1.91526
1.94098
1.96658
1.99247
2.0183
2.0447
2.07099
2.09777
2.12439
2.15138
2.17793
2.20426
2.2298
2.25495
2.27953
2.30359
2.32752
2.35059
2.37417
2.39641
2.41984
2.44154
2.4653
2.48717
2.51164
2.5341
2.55908
2.58205
2.60706
2.62985
2.65425
2.67615
2.69975
2.72042
2.7435
2.76301
2.78594
2.80451
2.82729
2.84502
2.86746
2.88424
2.90633
2.92209
2.94384
2.95884
2.97988
2.99427
3.01348
3.02327
2.99945
2.999
2.99663
2.99378
2.98007
2.9614
2.88983
2.7745
2.43867
2.0743
1.79895
1.7093
1.68332
1.67965
1.68032
1.68225
1.67962
1.6652
1.63189
1.56638
1.45965
1.29339
1.1292
1.05789
1.07712
1.10864
1.15644
1.21013
1.25627
1.29557
1.33185
1.36706
1.40135
1.43461
1.46695
1.49844
1.52951
1.56009
1.59046
1.62031
1.65002
1.67919
1.70827
1.73669
1.76488
1.79225
1.81933
1.84568
1.87169
1.89716
1.92238
1.94755
1.97277
1.99853
2.02448
2.05115
2.07785
2.10503
2.13181
2.15857
2.18463
2.21044
2.23556
2.26042
2.28477
2.30871
2.33253
2.35558
2.37919
2.40162
2.42548
2.4478
2.47224
2.49477
2.51967
2.54244
2.56747
2.59036
2.61517
2.63776
2.66206
2.68397
2.70783
2.72889
2.75256
2.77271
2.79631
2.81551
2.83889
2.85716
2.88017
2.89748
2.92016
2.93647
2.95888
2.97427
2.99595
3.01041
3.03008
3.03965
2.9999
2.99968
2.99936
2.99758
2.99624
2.98519
2.96394
2.91273
2.78343
2.51104
2.1092
1.82918
1.72721
1.69965
1.68765
1.67376
1.64248
1.58269
1.49369
1.34096
1.16529
1.04553
1.02618
1.05548
1.0989
1.15278
1.20097
1.24496
1.28434
1.32012
1.35387
1.38657
1.4187
1.45027
1.48142
1.5121
1.54247
1.57232
1.60196
1.63123
1.66053
1.68947
1.71838
1.74661
1.77457
1.80165
1.82832
1.85415
1.87954
1.9045
1.92936
1.95433
1.97946
2.00518
2.03118
2.05784
2.08447
2.11138
2.13784
2.16419
2.18988
2.21535
2.24021
2.26485
2.28912
2.313
2.33692
2.36015
2.38417
2.40718
2.43179
2.45496
2.48023
2.50353
2.52896
2.55203
2.57702
2.59962
2.62397
2.64619
2.67017
2.69209
2.71607
2.73759
2.76177
2.7826
2.80685
2.82667
2.85059
2.86921
2.8925
2.90991
2.93274
2.94906
2.97168
2.98715
3.00922
3.02383
3.04395
3.05362
2.99993
2.99987
2.99954
2.99916
2.9972
2.99485
2.98361
2.96856
2.90987
2.81638
2.53708
2.19688
1.8789
1.74825
1.69231
1.64031
1.54346
1.3918
1.20753
1.04938
0.987087
1.00271
1.03344
1.08174
1.13738
1.18587
1.22708
1.26434
1.29979
1.33397
1.36702
1.39915
1.43064
1.46157
1.49211
1.52224
1.55216
1.58174
1.61125
1.64044
1.66961
1.6983
1.72686
1.75473
1.78236
1.80925
1.83595
1.86209
1.8882
1.91396
1.93976
1.96564
1.9916
2.01774
2.04372
2.06978
2.09549
2.12116
2.14644
2.1716
2.19639
2.22102
2.24538
2.26959
2.29382
2.31785
2.34239
2.36641
2.39154
2.41561
2.44133
2.46522
2.49101
2.5143
2.53949
2.56198
2.58636
2.60829
2.63213
2.65397
2.67784
2.69981
2.724
2.7458
2.77023
2.79132
2.81572
2.83569
2.85976
2.87856
2.90217
2.9199
2.94323
2.95996
2.98312
2.99891
3.0215
3.03624
3.05682
3.06653
2.99999
2.99996
2.99989
2.99966
2.99923
2.99772
2.99517
2.98617
2.97091
2.92229
2.83523
2.59689
2.26039
1.89038
1.69013
1.5324
1.2875
1.0632
0.959966
0.950672
0.977607
1.02364
1.07772
1.1241
1.16681
1.20613
1.2426
1.27721
1.31076
1.34355
1.37562
1.40693
1.43756
1.46756
1.49718
1.52651
1.55584
1.58507
1.6144
1.64344
1.67237
1.70067
1.7287
1.756
1.78318
1.80981
1.83654
1.86298
1.88965
1.91623
1.94285
1.96928
1.99548
2.0215
2.04716
2.07273
2.09796
2.12316
2.1481
2.17297
2.19762
2.22211
2.24646
2.27063
2.29495
2.31904
2.34387
2.36822
2.3939
2.41841
2.44459
2.46872
2.49466
2.51787
2.54302
2.56527
2.5896
2.61136
2.63534
2.65718
2.68132
2.70339
2.72791
2.74987
2.77468
2.79593
2.82077
2.84096
2.86555
2.88463
2.90886
2.92697
2.95093
2.96817
2.99188
3.0084
3.03131
3.04705
3.06787
3.07844
2.99999
2.99999
2.99994
2.99986
2.99954
2.9991
2.99714
2.99452
2.98316
2.96773
2.90626
2.81919
2.53458
2.16982
1.64397
1.21161
0.891433
0.799229
0.823886
0.869025
0.93458
1.00167
1.05927
1.10708
1.14912
1.18852
1.22634
1.2629
1.29829
1.3325
1.36552
1.39744
1.4285
1.45892
1.48896
1.51864
1.54815
1.57735
1.60641
1.63501
1.66336
1.69106
1.71858
1.74563
1.77292
1.80009
1.82774
1.85534
1.88328
1.91099
1.93867
1.96595
1.99291
2.01948
2.04567
2.07163
2.09731
2.12285
2.14822
2.17342
2.19849
2.22333
2.24816
2.27273
2.29758
2.32209
2.34735
2.37194
2.3978
2.42238
2.44864
2.47284
2.49895
2.52238
2.54785
2.57043
2.59521
2.61733
2.64179
2.66396
2.6885
2.71084
2.73562
2.7577
2.78266
2.80397
2.82894
2.84924
2.87407
2.8934
2.91801
2.93647
2.96088
2.9785
3.00261
3.01949
3.0427
3.05877
3.07986
3.09069
)
;

boundaryField
{
    inlet
    {
        type            calculated;
        value           uniform 3.00001;
    }
    outlet
    {
        type            calculated;
        value           nonuniform List<scalar> 
40
(
1.44736
1.66925
1.78973
1.86461
1.90969
1.9414
1.97116
1.9989
2.02573
2.04593
2.05851
2.0643
2.08279
2.15953
2.38301
2.52097
2.58919
2.63104
2.66014
2.68811
2.71285
2.73734
2.7613
2.78631
2.80924
2.83114
2.85379
2.87713
2.89915
2.92142
2.94371
2.96532
2.98622
3.00561
3.02327
3.03965
3.05362
3.06653
3.07844
3.09069
)
;
    }
    bottom
    {
        type            symmetryPlane;
    }
    top
    {
        type            symmetryPlane;
    }
    obstacle
    {
        type            calculated;
        value           uniform 0;
    }
    defaultFaces
    {
        type            empty;
    }
}


// ************************************************************************* //
