/*--------------------------------*- C++ -*----------------------------------*\
  =========                 |
  \\      /  F ield         | OpenFOAM: The Open Source CFD Toolbox
   \\    /   O peration     | Website:  https://openfoam.org
    \\  /    A nd           | Version:  6
     \\/     M anipulation  |
\*---------------------------------------------------------------------------*/
FoamFile
{
    version     2.0;
    format      ascii;
    class       volScalarField;
    location    "7";
    object      T;
}
// * * * * * * * * * * * * * * * * * * * * * * * * * * * * * * * * * * * * * //

dimensions      [0 0 0 1 0 0 0];

internalField   nonuniform List<scalar> 
5250
(
1.00006
1.00014
1.00043
1.00084
1.0024
1.00465
1.01266
1.02689
1.06447
1.1646
1.38813
2.02563
2.80483
2.74895
2.8039
2.75401
2.73369
2.75256
2.76415
2.77879
2.78619
2.79125
2.79548
2.79849
2.80036
1.00006
1.00014
1.00043
1.00084
1.00239
1.00463
1.01261
1.02678
1.06425
1.16393
1.38676
2.0208
2.80402
2.74885
2.80327
2.7521
2.73269
2.75155
2.76294
2.77714
2.78385
2.78877
2.79301
2.79523
2.79787
1.00006
1.00014
1.00042
1.00083
1.00238
1.0046
1.01252
1.02655
1.06377
1.16243
1.38368
2.00809
2.80256
2.74883
2.80122
2.74808
2.73046
2.7492
2.76106
2.77458
2.78154
2.78551
2.79003
2.79216
2.79375
1.00006
1.00014
1.00042
1.00082
1.00234
1.00454
1.01236
1.02618
1.06301
1.15999
1.37867
1.98687
2.8002
2.74914
2.79749
2.74273
2.72621
2.74424
2.75658
2.76827
2.77652
2.78056
2.78277
2.78539
2.78656
1.00006
1.00013
1.00041
1.00081
1.0023
1.00445
1.01214
1.02567
1.06195
1.15662
1.37163
1.95835
2.79575
2.75227
2.78672
2.73746
2.72207
2.73781
2.75156
2.76117
2.76607
2.77328
2.77623
2.77661
2.77736
1.00005
1.00013
1.0004
1.00079
1.00225
1.00434
1.01186
1.02501
1.06058
1.15229
1.36252
1.92219
2.78869
2.75639
2.77209
2.72999
2.71601
2.73129
2.7411
2.75389
2.75545
2.75828
2.76221
2.76388
2.76354
1.00005
1.00013
1.00039
1.00077
1.00218
1.00421
1.01152
1.0242
1.05894
1.14693
1.35149
1.87756
2.77685
2.76101
2.7564
2.71941
2.70821
2.72448
2.73115
2.73939
2.74473
2.74577
2.7466
2.74509
2.74437
1.00005
1.00012
1.00038
1.00074
1.0021
1.00405
1.01114
1.02324
1.05698
1.14128
1.33726
1.83915
2.76406
2.76266
2.74512
2.70242
2.69494
2.70965
2.72137
2.72448
2.72394
2.72485
2.72363
2.72088
2.71478
1.00005
1.00012
1.00036
1.0007
1.00202
1.00387
1.01069
1.02215
1.05466
1.1354
1.31954
1.8102
2.74062
2.75797
2.73662
2.69133
2.68062
2.69038
2.7006
2.70954
2.70744
2.69934
2.69257
2.68053
2.66435
1.00005
1.00011
1.00034
1.00067
1.00191
1.00366
1.01018
1.02091
1.05192
1.12873
1.29928
1.77554
2.70478
2.74872
2.72019
2.6891
2.67009
2.67581
2.67634
2.68052
2.67973
2.67257
2.65115
2.62182
2.55881
1.00004
1.0001
1.00032
1.00062
1.00179
1.00342
1.00957
1.01953
1.04885
1.12023
1.279
1.73361
2.64192
2.73616
2.69002
2.68135
2.66257
2.66274
2.66085
2.6547
2.64143
2.63055
2.60102
2.53487
2.40381
1.00004
1.0001
1.00029
1.00058
1.00166
1.00315
1.00886
1.01797
1.04525
1.11081
1.25573
1.68431
2.56963
2.70745
2.67586
2.66723
2.64858
2.64701
2.64372
2.63438
2.61299
2.58086
2.54425
2.47914
2.34555
1.00004
1.00009
1.00027
1.00052
1.0015
1.00284
1.00804
1.01616
1.0411
1.09984
1.22851
1.62352
2.46897
2.67031
2.66938
2.6547
2.6315
2.62605
2.62062
2.60857
2.58703
2.54748
2.49003
2.4396
2.34589
1.00003
1.00008
1.00023
1.00046
1.00132
1.00249
1.0071
1.01408
1.0363
1.08725
1.19652
1.55161
2.34413
2.61461
2.66264
2.6459
2.62377
2.60669
2.59748
2.58254
2.55845
2.52847
2.46531
2.41505
2.33784
1.00003
1.00007
1.0002
1.00039
1.00113
1.00212
1.00606
1.01191
1.03097
1.07355
1.1639
1.46375
2.18353
2.54038
2.64903
2.63206
2.61492
2.58955
2.57299
2.55657
2.52852
2.50476
2.45392
2.41111
2.34124
1.00002
1.00005
1.00017
1.00033
1.00094
1.00176
1.00503
1.00972
1.02614
1.05743
1.13703
1.35362
1.95501
2.45444
2.61476
2.59971
2.59161
2.57414
2.55353
2.53783
2.50432
2.48149
2.43394
2.40231
2.34856
1.00002
1.00005
1.00014
1.00027
1.00077
1.00145
1.00415
1.00794
1.02171
1.04605
1.11417
1.27807
1.77507
2.38994
2.59427
2.56583
2.5598
2.54569
2.53113
2.51902
2.49054
2.46742
2.42355
2.38536
2.34657
1.00002
1.00004
1.00011
1.00022
1.00063
1.00118
1.00339
1.00645
1.01766
1.03805
1.08983
1.23798
1.57569
2.29987
2.55927
2.55651
2.53326
2.52162
2.5045
2.49556
2.47268
2.45586
2.42237
2.38302
2.34784
1.00001
1.00003
1.00009
1.00017
1.0005
1.00094
1.00272
1.00514
1.01412
1.03025
1.07161
1.19412
1.44032
2.09351
2.48168
2.54477
2.52051
2.51033
2.4878
2.47445
2.45606
2.43181
2.41302
2.38213
2.35056
1.00001
1.00002
1.00007
1.00014
1.00039
1.00073
1.00212
1.00395
1.01106
1.02283
1.05554
1.14466
1.32336
1.88265
2.33061
2.50585
2.50353
2.49524
2.47793
2.46063
2.44647
2.42459
2.40294
2.38052
2.35277
1.00001
1.00002
1.00005
1.0001
1.0003
1.00055
1.00161
1.00297
1.00858
1.01656
1.04379
1.10003
1.24019
1.59583
2.26336
2.44324
2.46393
2.46016
2.45274
2.43693
2.42649
2.41218
2.39391
2.37622
2.35672
1.00001
1.00001
1.00004
1.00008
1.00022
1.00041
1.0012
1.00219
1.00631
1.01226
1.03137
1.07713
1.16867
1.48176
2.12831
2.38277
2.44653
2.44307
2.43492
2.42109
2.40952
2.40243
2.38803
2.37418
2.36285
1
1.00001
1.00003
1.00006
1.00016
1.0003
1.00089
1.00161
1.00473
1.00882
1.02436
1.05246
1.12517
1.32358
1.85494
2.26733
2.4169
2.41684
2.41115
2.40176
2.39443
2.38843
2.38531
2.37717
2.37492
1
1.00001
1.00002
1.00004
1.00012
1.00022
1.00064
1.00115
1.0034
1.00626
1.01767
1.036
1.09109
1.21593
1.58429
2.11555
2.37377
2.39886
2.3956
2.38867
2.37906
2.37836
2.37949
2.38561
2.38925
1
1
1.00001
1.00003
1.00008
1.00015
1.00044
1.00081
1.00237
1.00436
1.0123
1.02517
1.06226
1.15609
1.3722
1.862
2.26441
2.37907
2.38315
2.38269
2.38
2.38115
2.38898
2.39771
2.40814
1
1
1.00001
1.00002
1.00005
1.00013
1.00024
1.0007
1.00128
1.00369
1.00697
1.01914
1.03996
1.10266
1.23244
1.6774
2.08757
2.32606
2.36548
2.37524
2.38412
2.39353
2.40469
2.4167
2.42634
1
1
1.00001
1.00002
1.00003
1.00009
1.00016
1.00048
1.00086
1.00258
1.00462
1.01323
1.02678
1.06679
1.16808
1.39734
1.92559
2.25407
2.35839
2.38207
2.39788
2.41416
2.42833
2.43984
2.44804
1
1
1
1.00001
1.00002
1.00006
1.00011
1.00032
1.00057
1.00172
1.00305
1.00896
1.0172
1.0451
1.1027
1.25255
1.57304
2.13326
2.32939
2.38915
2.4137
2.43236
2.44985
2.45835
2.46096
1
1
1
1.00001
1.00001
1.00004
1.00007
1.00021
1.00037
1.00109
1.00198
1.00536
1.01143
1.02758
1.07478
1.16248
1.47357
2.07172
2.30296
2.40928
2.44584
2.46354
2.47002
2.47865
2.47403
1
1
1
1
1.00001
1.00002
1.00006
1.00011
1.00033
1.00059
1.00176
1.00323
1.00918
1.01888
1.04897
1.11645
1.29724
1.65703
2.29948
2.4551
2.49441
2.4934
2.48947
2.48128
2.46696
1
1
1
1
1.00001
1.00002
1.00003
1.0001
1.00018
1.00053
1.00097
1.00263
1.00571
1.01382
1.03617
1.08559
1.23511
1.57086
2.17953
2.54074
2.60205
2.57053
2.54549
2.50726
2.47398
1
1
1
1
1.00001
1.00001
1.00003
1.00008
1.00014
1.00044
1.00076
1.00244
1.00426
1.01224
1.0273
1.06407
1.18637
1.40989
2.02222
2.52035
2.66382
2.62655
2.59659
2.55179
2.50559
1
1
1
1
1
1.00001
1.00002
1.00007
1.00012
1.00037
1.00063
1.00204
1.00353
1.0108
1.02135
1.05661
1.1381
1.34338
1.78635
2.53799
2.71189
2.65631
2.62608
2.57434
2.53493
1
1
1
1
1
1.00001
1.00002
1.00005
1.00009
1.00031
1.00053
1.00175
1.003
1.0096
1.01814
1.0514
1.12125
1.3054
1.75238
2.60543
2.74848
2.70335
2.6695
2.61309
2.57141
1
1
1
1
1
1.00001
1.00001
1.00003
1.00006
1.00017
1.00039
1.00095
1.00251
1.0061
1.017
1.04144
1.12001
1.27909
1.74029
2.60481
2.75307
2.74216
2.70408
2.65539
2.61691
1
1
1
1
1
1
1.00001
1.00002
1.00004
1.00012
1.0002
1.0008
1.00139
1.00572
1.01153
1.0425
1.09428
1.29713
1.76519
2.43785
2.74497
2.75618
2.72747
2.68981
2.65699
1
1
1
1
1
1
1.00001
1.00001
1.00004
1.00007
1.00026
1.00048
1.00186
1.00382
1.01395
1.03153
1.10352
1.22889
1.68359
2.51863
2.72798
2.75852
2.73464
2.70361
2.6756
1
1
1
1
1
1
1
1.00001
1.00003
1.00005
1.00022
1.00035
1.00159
1.00307
1.01228
1.02682
1.0939
1.20365
1.64411
2.47225
2.74597
2.77184
2.74648
2.71164
2.67899
1
1
1
1
1
1
1
1.00001
1.00002
1.00006
1.00011
1.00051
1.00056
1.00384
1.00675
1.03106
1.06756
1.23389
1.55651
2.23782
2.74455
2.7993
2.76821
2.73201
2.69323
1
1
1
1
1
1
1
1.00001
1.00002
1.00004
1.00014
1.00021
1.00116
1.00129
1.00918
1.01679
1.07442
1.15761
1.55164
2.27332
2.75318
2.79224
2.75671
2.71143
2.67657
1
1
1
1
1
1
1
1.00001
1.00001
1.00005
1.00008
1.00039
1.00055
1.00304
1.00599
1.02407
1.05508
1.17255
1.42379
1.95004
2.7397
2.82175
2.78758
2.72934
2.68217
1
1
1
1
1
1
1
1.00001
1.00002
1.00003
1.00013
1.00019
1.00101
1.00149
1.00791
1.01623
1.06172
1.13853
1.42508
2.12959
2.62593
2.78834
2.77014
2.72531
2.67912
1
1
1
1
1
1
1
1.00001
1.00001
1.00005
1.00008
1.00038
1.00066
1.00286
1.00602
1.02173
1.05131
1.15356
1.3704
1.86834
2.72013
2.81555
2.77948
2.73899
2.68951
1
1
1
1
1
1
1
1.00001
1.00003
1.00005
1.00016
1.00032
1.00111
1.00219
1.00803
1.01784
1.05904
1.13574
1.39335
2.08621
2.57159
2.78474
2.76253
2.7342
2.68768
1
1
1
1
1
1
1.00001
1.00002
1.00004
1.00013
1.00022
1.00076
1.00129
1.00433
1.00802
1.02336
1.05443
1.13632
1.36606
2.047
2.56574
2.77052
2.74552
2.72336
2.68411
1
1
1
1
1
1
1.00001
1.00002
1.00004
1.00013
1.00023
1.00079
1.00134
1.00439
1.00808
1.02337
1.05381
1.13474
1.35911
2.02614
2.56386
2.7614
2.73454
2.71761
2.68797
1
1
1
1
1
1
1.00001
1.00002
1.00004
1.00013
1.00022
1.00078
1.0013
1.00439
1.00794
1.02336
1.05309
1.13312
1.35412
2.00517
2.56387
2.75142
2.72318
2.70881
2.68767
1
1
1
1
1
1
1
1.00001
1.00003
1.00006
1.00017
1.00037
1.00113
1.0024
1.0079
1.01758
1.05642
1.12716
1.37168
2.01273
2.56546
2.74706
2.71954
2.70762
2.69481
1
1
1
1
1
1
1
1.00001
1.00002
1.00006
1.00013
1.00041
1.00082
1.00284
1.00606
1.02044
1.04811
1.14399
1.33738
1.81759
2.6594
2.75175
2.72246
2.72571
2.72695
1
1
1
1
1
1
1
1.00002
1.00003
1.0001
1.00018
1.00057
1.00113
1.00276
1.00789
1.01698
1.05533
1.12236
1.36949
1.95936
2.60271
2.73719
2.70653
2.70965
2.71638
2.32103
2.32787
2.6117
2.88697
3.07871
3.09003
3.07719
3.06577
3.04826
3.03673
3.01484
3.00121
2.98178
2.96808
2.95397
2.94465
2.94089
2.9392
2.93741
2.93715
2.94002
2.94379
2.95031
2.95659
2.96441
2.97145
2.97885
2.98558
2.99216
2.9983
3.00425
3.01
3.01429
3.01896
3.02139
3.02549
3.02836
3.03076
3.03239
3.03332
3.03326
3.03189
3.03076
3.02947
3.02656
3.02464
3.02018
3.017
3.01284
3.00757
3.00135
2.99529
2.98893
2.98112
2.97394
2.96432
2.95586
2.94609
2.9373
2.92658
2.9173
2.90612
2.89511
2.88413
2.8719
2.86
2.84808
2.83507
2.82229
2.8096
2.79593
2.78283
2.76878
2.75536
2.74089
2.72754
2.71246
2.69894
2.68407
2.66985
2.65558
2.64075
2.62646
2.61228
2.59709
2.58388
2.56838
2.55506
2.54049
2.52634
2.51312
2.49858
2.48601
2.47202
2.46012
2.44675
2.43662
2.42461
2.41794
2.40977
2.26432
2.27503
2.46215
2.66062
2.88234
3.02312
3.12029
3.20461
3.21073
3.20533
3.20642
3.20806
3.21023
3.2106
3.21004
3.20722
3.2089
3.20779
3.20574
3.20411
3.20077
3.19804
3.19357
3.18781
3.18179
3.17346
3.16522
3.15499
3.14248
3.12963
3.11795
3.109
3.09836
3.08765
3.07538
3.06469
3.05049
3.04137
3.02731
3.01447
3.00256
2.98888
2.97807
2.96419
2.95355
2.9409
2.93106
2.91823
2.90884
2.89739
2.88731
2.87681
2.86705
2.85665
2.84682
2.83644
2.82579
2.81644
2.80545
2.79527
2.78453
2.7744
2.76326
2.75365
2.74149
2.73222
2.71952
2.71
2.69739
2.68758
2.67488
2.66488
2.65206
2.64178
2.62924
2.61821
2.60645
2.59406
2.58329
2.56965
2.55931
2.54517
2.53467
2.52044
2.50973
2.49514
2.48483
2.46932
2.45994
2.4435
2.43466
2.41783
2.40912
2.39244
2.38402
2.36789
2.36024
2.34561
2.34025
2.32934
2.2896
2.27277
2.34328
2.43624
2.50784
2.59665
2.72554
2.84102
2.99869
3.09946
3.1654
3.21652
3.25415
3.2913
3.31229
3.30412
3.31903
3.33196
3.33349
3.33181
3.32605
3.31307
3.29796
3.27972
3.26054
3.2401
3.21706
3.19555
3.17195
3.15017
3.12696
3.10208
3.0758
3.04914
3.02154
2.99479
2.96763
2.94284
2.9166
2.89435
2.8698
2.84907
2.82757
2.808
2.78922
2.77075
2.75396
2.73696
2.72105
2.70578
2.68993
2.6777
2.66254
2.65076
2.63725
2.62602
2.6138
2.60197
2.59086
2.57954
2.56875
2.55769
2.54659
2.53555
2.52478
2.51338
2.50315
2.4913
2.48173
2.46963
2.46057
2.44813
2.43934
2.42661
2.41825
2.40558
2.39758
2.38515
2.37709
2.36473
2.35644
2.34425
2.33542
2.32398
2.3145
2.30399
2.29416
2.28438
2.27443
2.26543
2.25546
2.24769
2.23783
2.23115
2.22222
2.21665
2.20934
2.20583
2.20146
2.20269
2.29948
2.26348
2.27439
2.31401
2.34833
2.39251
2.4407
2.51282
2.58548
2.68798
2.79492
2.89865
2.98897
3.07047
3.13582
3.17258
3.19115
3.20662
3.20612
3.19823
3.18249
3.16687
3.1469
3.12697
3.10406
3.08259
3.05749
3.03451
3.00718
2.98261
2.95359
2.92741
2.89848
2.8726
2.84494
2.82102
2.79595
2.77438
2.75127
2.73179
2.71062
2.69317
2.6745
2.65893
2.64335
2.62948
2.61678
2.60348
2.5921
2.57912
2.56797
2.55571
2.54514
2.53386
2.52314
2.51183
2.50181
2.49091
2.48192
2.47115
2.46247
2.45185
2.44306
2.43277
2.42362
2.41371
2.40374
2.39419
2.38325
2.37399
2.36243
2.35303
2.34126
2.33159
2.31993
2.31028
2.29857
2.28906
2.27708
2.26759
2.25554
2.24604
2.23407
2.22483
2.2126
2.20354
2.19127
2.18225
2.17049
2.16124
2.15036
2.14081
2.13085
2.12127
2.11219
2.10296
2.09518
2.08717
2.08194
2.07747
2.29816
2.26391
2.24776
2.25197
2.2647
2.28645
2.30681
2.34555
2.38037
2.43326
2.48315
2.54794
2.6031
2.66383
2.70513
2.75169
2.7707
2.78816
2.78641
2.78127
2.77153
2.75719
2.74546
2.73309
2.72134
2.70743
2.69398
2.67799
2.66233
2.64461
2.62764
2.60995
2.59378
2.57772
2.5633
2.54933
2.53657
2.52451
2.51359
2.50294
2.49406
2.48521
2.47806
2.4707
2.46496
2.45883
2.45412
2.44824
2.44367
2.43767
2.43255
2.42711
2.42183
2.4175
2.41125
2.40599
2.39841
2.39294
2.38518
2.37917
2.3708
2.36388
2.35493
2.34722
2.33824
2.32993
2.32144
2.31267
2.30475
2.29566
2.28804
2.27874
2.27129
2.26183
2.25438
2.24473
2.23687
2.22718
2.21867
2.20921
2.20026
2.19082
2.18159
2.17176
2.16278
2.15258
2.14402
2.13356
2.12537
2.11482
2.10694
2.09642
2.08883
2.07851
2.07142
2.0616
2.05545
2.04699
2.04273
2.03776
2.30184
2.26604
2.23876
2.23045
2.22475
2.23048
2.24266
2.25766
2.2845
2.30801
2.3444
2.37406
2.411
2.43831
2.46015
2.47428
2.47734
2.47488
2.46951
2.4615
2.45276
2.4431
2.43334
2.42642
2.42194
2.41767
2.41378
2.40979
2.40565
2.40211
2.39877
2.3957
2.39331
2.39088
2.38932
2.3877
2.38651
2.38544
2.38446
2.3838
2.3827
2.38193
2.38071
2.37954
2.37806
2.37621
2.37429
2.3712
2.36884
2.36445
2.36187
2.35686
2.35438
2.34937
2.3463
2.33972
2.33577
2.3283
2.32388
2.31636
2.31135
2.3036
2.29785
2.28984
2.2834
2.27511
2.26826
2.25956
2.25244
2.24315
2.23575
2.22598
2.21814
2.20818
2.19977
2.19002
2.18108
2.17181
2.16244
2.15342
2.14357
2.1346
2.12489
2.11587
2.10657
2.09741
2.08854
2.07939
2.07086
2.06196
2.05379
2.04522
2.03749
2.02911
2.02201
2.01388
2.00772
2.00077
1.99644
1.99279
2.30254
2.27204
2.24162
2.22267
2.21202
2.20707
2.21011
2.22031
2.23482
2.25524
2.2777
2.30038
2.3208
2.3327
2.34102
2.33838
2.33113
2.32155
2.31078
2.30164
2.29285
2.28732
2.28174
2.27838
2.27748
2.2803
2.28372
2.28728
2.29072
2.29396
2.29707
2.29983
2.30283
2.30524
2.30811
2.31025
2.31284
2.31474
2.31667
2.31823
2.31884
2.31944
2.31936
2.31894
2.31822
2.31657
2.31528
2.31268
2.3104
2.30742
2.3038
2.30024
2.29603
2.29194
2.28711
2.28211
2.27594
2.2701
2.26338
2.25749
2.25047
2.24456
2.23723
2.23106
2.22341
2.21677
2.20902
2.20185
2.19417
2.18634
2.17872
2.17033
2.16274
2.15406
2.14635
2.13761
2.12955
2.12086
2.11223
2.10368
2.09491
2.08645
2.07774
2.06918
2.06073
2.05216
2.04402
2.03561
2.02766
2.01952
2.01176
2.00393
1.99664
1.9892
1.98261
1.97585
1.97017
1.96486
1.96082
1.95867
2.30684
2.27475
2.24921
2.22937
2.2144
2.20638
2.20329
2.20854
2.22021
2.235
2.25277
2.26907
2.279
2.28401
2.28012
2.27035
2.25689
2.24196
2.2279
2.21536
2.20554
2.1983
2.19493
2.19175
2.19105
2.19218
2.19669
2.20172
2.20674
2.21175
2.21624
2.22062
2.22409
2.22764
2.23033
2.23295
2.23535
2.2376
2.2397
2.24118
2.24263
2.24331
2.24388
2.24382
2.24361
2.24282
2.2418
2.2403
2.239
2.23685
2.23488
2.23207
2.22975
2.22696
2.22418
2.22052
2.21648
2.21212
2.20726
2.20245
2.19698
2.19177
2.18588
2.18019
2.17398
2.16774
2.16124
2.15445
2.14758
2.1403
2.13295
2.12533
2.11743
2.1096
2.10113
2.0932
2.0841
2.0761
2.06668
2.05875
2.04927
2.04133
2.03205
2.02401
2.01501
2.00684
1.99813
1.98994
1.98149
1.9734
1.96522
1.9573
1.94956
1.94199
1.93493
1.92815
1.92212
1.91687
1.91281
1.9106
2.31753
2.28432
2.25838
2.24029
2.22784
2.22331
2.22176
2.22491
2.23291
2.24207
2.25235
2.25854
2.26096
2.25528
2.2444
2.22884
2.21178
2.19394
2.17712
2.16286
2.1507
2.14246
2.13647
2.13393
2.13175
2.13134
2.13236
2.13666
2.14176
2.14748
2.1529
2.15821
2.16332
2.16795
2.17229
2.17649
2.18033
2.18446
2.18793
2.19186
2.19475
2.19793
2.20021
2.20231
2.20379
2.20477
2.20551
2.20567
2.20539
2.20461
2.20362
2.20157
2.20001
2.19781
2.19559
2.19241
2.18894
2.1848
2.1803
2.17566
2.17084
2.16603
2.16101
2.15577
2.15041
2.14454
2.13882
2.13221
2.12603
2.11877
2.11211
2.10445
2.09721
2.08933
2.08142
2.07335
2.06492
2.05681
2.04817
2.03991
2.03135
2.02285
2.01458
2.00581
1.99784
1.98886
1.98107
1.97213
1.96449
1.9558
1.94835
1.93994
1.93282
1.92472
1.91822
1.91077
1.90526
1.89919
1.89585
1.89265
2.32778
2.30243
2.27916
2.26269
2.25081
2.24725
2.24797
2.25348
2.26
2.26581
2.26817
2.26495
2.25672
2.24529
2.2294
2.21131
2.19144
2.17297
2.15472
2.13966
2.12614
2.11582
2.10787
2.1024
2.0998
2.09789
2.09778
2.09819
2.10198
2.10636
2.11181
2.11682
2.12231
2.1277
2.13287
2.13754
2.14211
2.14617
2.1505
2.15416
2.15828
2.16134
2.16457
2.16667
2.16882
2.17009
2.17122
2.17163
2.17167
2.17125
2.17037
2.16877
2.16726
2.16575
2.16384
2.16131
2.15812
2.15466
2.15052
2.14621
2.14137
2.13645
2.13129
2.12589
2.12045
2.11433
2.10848
2.10164
2.09548
2.08812
2.08156
2.07384
2.06674
2.05881
2.05107
2.04314
2.03496
2.02702
2.01861
2.01064
2.00217
1.99409
1.98564
1.97741
1.96911
1.96075
1.95261
1.94421
1.93621
1.92805
1.92029
1.91263
1.90539
1.89846
1.89208
1.88634
1.88114
1.87751
1.87485
1.87412
2.33697
2.32167
2.30573
2.29644
2.28891
2.28662
2.2869
2.28769
2.28785
2.28559
2.28027
2.27055
2.25719
2.24105
2.2229
2.20432
2.18503
2.16668
2.14927
2.13344
2.11984
2.1076
2.09807
2.08972
2.08418
2.07973
2.07761
2.0759
2.07565
2.07673
2.08049
2.08503
2.08967
2.09486
2.10047
2.1058
2.11086
2.11557
2.12002
2.12439
2.12837
2.13218
2.13537
2.13861
2.14079
2.14343
2.14461
2.14628
2.14664
2.14737
2.147
2.14639
2.14521
2.14444
2.14285
2.14125
2.13838
2.13571
2.13193
2.12817
2.12359
2.11902
2.11418
2.10909
2.10402
2.09831
2.09285
2.0865
2.08058
2.07369
2.06719
2.05989
2.05273
2.04525
2.03759
2.03005
2.02197
2.01429
2.00599
1.99812
1.98974
1.98168
1.97328
1.96505
1.95678
1.94849
1.94044
1.93217
1.92429
1.91615
1.90849
1.9006
1.8935
1.88624
1.88009
1.87414
1.86948
1.86602
1.86442
1.86341
2.34994
2.34229
2.33492
2.33154
2.32914
2.3279
2.32568
2.32113
2.31416
2.30332
2.29095
2.27585
2.25915
2.24222
2.22426
2.2065
2.18835
2.17097
2.15429
2.13848
2.12429
2.11081
2.0996
2.08927
2.08121
2.07446
2.06943
2.06572
2.06351
2.06293
2.06318
2.06474
2.06824
2.07223
2.07641
2.08154
2.08684
2.09192
2.09704
2.10128
2.10593
2.10918
2.11345
2.11583
2.11944
2.1212
2.12373
2.12497
2.12636
2.12697
2.12708
2.12651
2.12547
2.1242
2.12269
2.12092
2.11823
2.11537
2.11193
2.10816
2.10382
2.09915
2.09442
2.0893
2.08441
2.07881
2.07353
2.06725
2.06134
2.05448
2.04799
2.04082
2.03385
2.02661
2.01922
2.01187
2.0041
1.99652
1.9884
1.98057
1.97229
1.96436
1.95613
1.94816
1.94006
1.93204
1.92409
1.91611
1.90836
1.90056
1.89321
1.88587
1.87924
1.87281
1.86726
1.86241
1.8589
1.85706
1.85697
1.85645
2.37151
2.36939
2.36773
2.36703
2.36533
2.36169
2.35506
2.34602
2.33391
2.31994
2.30402
2.28789
2.26991
2.25216
2.23401
2.21676
2.19937
2.18276
2.16669
2.15132
2.13678
2.12301
2.1104
2.09866
2.08841
2.07915
2.07184
2.06533
2.061
2.05702
2.05492
2.05393
2.05404
2.05542
2.05842
2.06148
2.0659
2.07081
2.07595
2.08048
2.08509
2.08891
2.09301
2.09602
2.0996
2.10182
2.10469
2.10613
2.10813
2.10866
2.10969
2.10937
2.10862
2.10787
2.10669
2.10561
2.10339
2.10105
2.09798
2.09473
2.09077
2.08635
2.08176
2.07669
2.07181
2.06619
2.0609
2.05469
2.04885
2.04219
2.03578
2.02897
2.02203
2.01507
2.0076
2.0004
1.99258
1.98512
1.97706
1.96934
1.96108
1.95324
1.94494
1.93704
1.92879
1.92082
1.91268
1.90478
1.89685
1.88922
1.88182
1.87474
1.86834
1.86236
1.85716
1.85364
1.85104
1.85113
1.85256
1.85096
2.39332
2.3971
2.39925
2.39789
2.39334
2.385
2.37288
2.3584
2.34268
2.32641
2.30968
2.29344
2.27688
2.26053
2.24427
2.22819
2.21227
2.19632
2.18096
2.16561
2.15125
2.13672
2.1234
2.11013
2.09834
2.08706
2.07753
2.06868
2.06163
2.05529
2.05106
2.04769
2.04651
2.04621
2.0466
2.04752
2.05008
2.05335
2.05772
2.06231
2.06675
2.07097
2.07473
2.07805
2.08121
2.08376
2.08632
2.08817
2.08983
2.09081
2.09162
2.09151
2.09083
2.08996
2.08853
2.08735
2.08525
2.08274
2.07954
2.07614
2.07216
2.06767
2.06306
2.05802
2.05315
2.04769
2.04241
2.03649
2.03064
2.02426
2.01788
2.01128
2.00447
1.99769
1.99044
1.98352
1.97597
1.96897
1.96122
1.95403
1.94607
1.9386
1.9306
1.92298
1.91514
1.90751
1.89989
1.89236
1.88506
1.87785
1.87116
1.86473
1.85923
1.85397
1.85053
1.84789
1.84815
1.84883
1.85185
1.85043
2.41645
2.42024
2.42585
2.4228
2.41457
2.4021
2.38731
2.37148
2.35496
2.3386
2.3227
2.30681
2.29111
2.27592
2.26072
2.24619
2.23096
2.21615
2.20041
2.18547
2.17003
2.15551
2.14083
2.12729
2.11377
2.10172
2.08986
2.07968
2.0701
2.06202
2.05511
2.0492
2.04476
2.0412
2.03951
2.03847
2.03861
2.03897
2.04099
2.04405
2.04764
2.05156
2.05496
2.05856
2.0613
2.06413
2.06604
2.06797
2.06906
2.07027
2.07062
2.07087
2.07031
2.06937
2.06803
2.06686
2.06528
2.06297
2.06029
2.05705
2.05363
2.04929
2.04495
2.03987
2.03513
2.02967
2.02451
2.01864
2.01287
2.00669
2.0004
1.99416
1.98742
1.98111
1.97393
1.96735
1.9599
1.95307
1.94557
1.93854
1.93092
1.92368
1.91593
1.90852
1.90095
1.89342
1.88632
1.87898
1.8723
1.86568
1.85947
1.85416
1.84891
1.84552
1.84291
1.84323
1.84436
1.84608
1.85148
1.8515
2.43276
2.43615
2.43462
2.42725
2.41471
2.40065
2.38634
2.37144
2.35692
2.34301
2.32898
2.31596
2.30185
2.28873
2.27435
2.26115
2.24652
2.23265
2.21732
2.20256
2.18711
2.17208
2.15722
2.14257
2.12868
2.11485
2.10205
2.08962
2.07827
2.06766
2.0583
2.04982
2.04284
2.03704
2.03274
2.02909
2.02731
2.0257
2.02551
2.02568
2.02735
2.03012
2.03295
2.03645
2.03901
2.042
2.04368
2.0458
2.04677
2.04808
2.04836
2.0489
2.04856
2.04795
2.04669
2.04591
2.04426
2.04286
2.0399
2.03752
2.03373
2.03036
2.02588
2.02148
2.01651
2.01152
2.00626
2.00078
1.99511
1.98929
1.98315
1.97709
1.97058
1.96432
1.95758
1.95095
1.94405
1.93702
1.93003
1.92277
1.91563
1.9083
1.90099
1.89367
1.88639
1.87918
1.87219
1.86531
1.85897
1.8528
1.84781
1.84268
1.83945
1.83704
1.83738
1.83851
1.84076
1.84478
1.85251
1.85698
2.45172
2.45072
2.44273
2.42973
2.41442
2.39882
2.38437
2.37096
2.35821
2.34587
2.33399
2.32229
2.31049
2.29823
2.28571
2.27276
2.25965
2.24603
2.23202
2.21743
2.20257
2.18741
2.17221
2.15709
2.14221
2.12765
2.11359
2.10002
2.08724
2.07508
2.06402
2.05355
2.04451
2.03599
2.02899
2.0228
2.01814
2.01441
2.0123
2.01032
2.00952
2.00928
2.01063
2.01275
2.01548
2.01813
2.02058
2.02293
2.02448
2.02606
2.02678
2.02756
2.02759
2.02722
2.02649
2.02549
2.02471
2.02301
2.02143
2.01839
2.01602
2.01209
2.00885
2.00409
2.00005
1.99485
1.99006
1.98465
1.97931
1.97378
1.9679
1.96205
1.95574
1.94948
1.94298
1.93637
1.92976
1.92294
1.91616
1.90926
1.90221
1.89519
1.88795
1.88075
1.87367
1.86661
1.8599
1.85363
1.84742
1.84267
1.83758
1.83443
1.83211
1.83238
1.83359
1.83591
1.8397
1.84871
1.85905
1.86696
2.4593
2.45116
2.4373
2.4217
2.40739
2.39321
2.37954
2.36747
2.35657
2.34609
2.33538
2.32497
2.31449
2.30352
2.29206
2.27982
2.26725
2.25412
2.24068
2.2266
2.21228
2.19731
2.18242
2.16709
2.15214
2.13718
2.12258
2.10834
2.09441
2.08115
2.0682
2.05613
2.04484
2.03406
2.02474
2.01587
2.00876
2.00251
1.99795
1.99415
1.9917
1.98945
1.98882
1.98894
1.99075
1.99304
1.99656
1.99896
2.00202
2.00374
2.0057
2.00635
2.00723
2.00694
2.00618
2.00561
2.0045
2.0035
2.00174
1.99955
1.99686
1.99377
1.99036
1.98645
1.98227
1.97758
1.97281
1.96766
1.96245
1.95707
1.95133
1.94582
1.93966
1.93395
1.92758
1.92149
1.91509
1.90859
1.90215
1.89541
1.88884
1.88203
1.87529
1.86845
1.86175
1.85502
1.84891
1.84267
1.83792
1.83296
1.82986
1.82761
1.82779
1.82925
1.83117
1.83605
1.84251
1.85619
1.86934
1.8773
2.46412
2.44757
2.43238
2.41752
2.40329
2.39041
2.37837
2.36772
2.35732
2.34732
2.33714
2.32699
2.31669
2.30593
2.2947
2.28269
2.2703
2.25735
2.24413
2.23029
2.21632
2.20152
2.18696
2.17164
2.15677
2.14164
2.1267
2.11221
2.09743
2.08378
2.06971
2.05708
2.04439
2.03283
2.02208
2.01206
2.00316
1.99505
1.98825
1.98257
1.97848
1.97478
1.97256
1.97096
1.97102
1.97135
1.97308
1.9765
1.97862
1.98167
1.98329
1.98507
1.98562
1.98609
1.98556
1.98461
1.98391
1.98265
1.98142
1.97929
1.97727
1.9743
1.97134
1.96761
1.96362
1.95907
1.95427
1.94927
1.94427
1.93892
1.93381
1.92803
1.9227
1.91662
1.91101
1.90488
1.899
1.89293
1.88678
1.88072
1.87434
1.86829
1.86181
1.85583
1.8495
1.84394
1.83814
1.83369
1.82914
1.8261
1.82386
1.82395
1.82535
1.8276
1.83168
1.84017
1.85144
1.8668
1.87905
1.88499
2.45038
2.43529
2.42144
2.41
2.39943
2.38931
2.3793
2.37014
2.36105
2.35189
2.34233
2.33203
2.32204
2.31097
2.29991
2.28756
2.27504
2.26175
2.24826
2.23424
2.22007
2.20542
2.19073
2.17579
2.16077
2.14613
2.13101
2.11689
2.10196
2.08839
2.07403
2.06092
2.04743
2.03497
2.02273
2.01131
2.00086
1.99105
1.98237
1.97473
1.96823
1.96289
1.95842
1.95483
1.95227
1.95103
1.95072
1.95133
1.95357
1.95551
1.95849
1.96013
1.96198
1.9626
1.96282
1.96229
1.9613
1.96063
1.95931
1.95776
1.95549
1.95298
1.95003
1.94671
1.94289
1.93881
1.93416
1.92966
1.92455
1.91979
1.91449
1.90953
1.9041
1.89896
1.89339
1.88798
1.88229
1.87652
1.87085
1.86478
1.8593
1.85317
1.84798
1.84208
1.8372
1.83191
1.82782
1.82403
1.82124
1.81974
1.81993
1.82177
1.82407
1.8291
1.83632
1.84936
1.86264
1.87632
1.88599
1.88966
2.45043
2.43017
2.41379
2.40113
2.39048
2.38179
2.37347
2.36571
2.35785
2.34942
2.34063
2.33123
2.32173
2.31163
2.30122
2.29011
2.27836
2.26601
2.25321
2.23992
2.22639
2.2123
2.19804
2.18338
2.1685
2.15357
2.13837
2.12359
2.10848
2.09398
2.07913
2.06502
2.05069
2.03723
2.0238
2.01125
1.99892
1.98754
1.97681
1.96707
1.95824
1.95071
1.94416
1.9385
1.93326
1.92971
1.92736
1.92662
1.92626
1.92753
1.92998
1.93256
1.93495
1.93692
1.93808
1.9385
1.93813
1.93726
1.93631
1.93497
1.93305
1.93043
1.92793
1.92459
1.92136
1.91717
1.91312
1.90855
1.90385
1.89905
1.89407
1.88898
1.88405
1.87865
1.87369
1.86834
1.86306
1.85804
1.85239
1.84754
1.84182
1.83707
1.83166
1.82719
1.82276
1.81887
1.8162
1.81364
1.81298
1.81346
1.81572
1.8185
1.82412
1.83258
1.84527
1.85906
1.8715
1.88191
1.88822
1.88977
2.46879
2.44391
2.4252
2.41052
2.39845
2.38817
2.37845
2.36927
2.36028
2.35087
2.3413
2.33131
2.32097
2.31042
2.29938
2.28802
2.27605
2.26375
2.25101
2.23788
2.22467
2.21092
2.19714
2.18273
2.16834
2.15354
2.13885
2.12396
2.1092
2.09434
2.07971
2.06508
2.05073
2.03658
2.02262
2.00913
1.99584
1.98321
1.97088
1.95946
1.94875
1.93904
1.93054
1.9235
1.91755
1.91225
1.90847
1.90633
1.90559
1.90571
1.90649
1.90907
1.91159
1.91504
1.91742
1.91935
1.92007
1.91992
1.9191
1.91825
1.9167
1.91456
1.9117
1.90888
1.90531
1.90152
1.89745
1.89294
1.88833
1.88338
1.8782
1.87319
1.86761
1.86251
1.85696
1.85141
1.84634
1.84047
1.83592
1.83031
1.82594
1.82098
1.81672
1.81262
1.80902
1.80641
1.80419
1.8036
1.80419
1.80607
1.80978
1.81482
1.82523
1.83756
1.85144
1.86341
1.87339
1.87955
1.88418
1.88392
2.50731
2.48401
2.46339
2.44462
2.42599
2.40894
2.39449
2.38119
2.369
2.35734
2.34598
2.33461
2.32315
2.31182
2.3002
2.28839
2.27622
2.26359
2.25078
2.23748
2.22418
2.21039
2.19662
2.18235
2.16797
2.15333
2.13853
2.12377
2.10877
2.09404
2.07909
2.06448
2.04975
2.03542
2.02108
2.00731
1.99363
1.9808
1.96822
1.95674
1.94566
1.93594
1.92668
1.91891
1.91175
1.9061
1.90051
1.89675
1.89432
1.89429
1.89491
1.89583
1.89829
1.90091
1.90479
1.90712
1.90983
1.91084
1.91126
1.91076
1.91009
1.90854
1.90642
1.90368
1.9004
1.89668
1.89271
1.88833
1.88367
1.87865
1.87356
1.86821
1.86276
1.85722
1.85139
1.84583
1.83976
1.83427
1.8282
1.82306
1.81731
1.81298
1.80807
1.80485
1.80179
1.80001
1.79907
1.79961
1.80104
1.80401
1.81004
1.82006
1.83284
1.8448
1.85725
1.86489
1.87276
1.87492
1.87812
1.87719
2.54423
2.52417
2.50557
2.48686
2.46984
2.45323
2.4367
2.41989
2.4025
2.38563
2.36829
2.35195
2.33662
2.32239
2.30875
2.29547
2.28234
2.26907
2.25588
2.24244
2.22895
2.21522
2.20135
2.18728
2.17298
2.1585
2.1439
2.12928
2.11452
2.09984
2.08505
2.07041
2.05582
2.04141
2.02721
2.01337
1.9999
1.98693
1.97466
1.96268
1.95178
1.941
1.93139
1.92227
1.91435
1.90744
1.90172
1.89663
1.89278
1.89024
1.88971
1.89011
1.89151
1.8935
1.89689
1.90085
1.90474
1.90767
1.90942
1.9099
1.90942
1.90818
1.90669
1.90481
1.90172
1.8981
1.89416
1.88977
1.88504
1.87999
1.87485
1.8695
1.86397
1.85841
1.85249
1.84676
1.84068
1.83485
1.82904
1.82335
1.81819
1.81302
1.80891
1.80527
1.80269
1.80128
1.80101
1.80184
1.80464
1.81068
1.82087
1.8326
1.84521
1.8551
1.86411
1.86842
1.87256
1.87324
1.8752
1.87362
2.59055
2.57076
2.55152
2.53087
2.50981
2.48916
2.47015
2.45297
2.43704
2.42155
2.40642
2.39112
2.37523
2.35916
2.34334
2.32748
2.31229
2.29726
2.28253
2.26773
2.25301
2.23816
2.22302
2.2073
2.19149
2.17533
2.15969
2.14393
2.12874
2.11348
2.09871
2.08396
2.06968
2.05549
2.04187
2.02841
2.01566
2.00299
1.99115
1.97919
1.96815
1.95706
1.94716
1.9376
1.92919
1.92166
1.91515
1.90956
1.9047
1.90052
1.89802
1.89668
1.89684
1.89756
1.89883
1.90119
1.90313
1.90674
1.90879
1.91093
1.91138
1.91115
1.90992
1.90866
1.90634
1.9032
1.89931
1.89493
1.89006
1.88494
1.87964
1.87423
1.86872
1.86309
1.85718
1.85114
1.84486
1.83854
1.83237
1.82629
1.8209
1.81587
1.81232
1.80918
1.80788
1.80693
1.80772
1.8107
1.81727
1.8268
1.83846
1.84982
1.86022
1.86701
1.87254
1.87391
1.87608
1.87606
1.87639
1.87514
2.63519
2.61833
2.60147
2.58208
2.56027
2.53739
2.51458
2.49255
2.4721
2.45314
2.43481
2.41675
2.39895
2.38167
2.36494
2.3488
2.33297
2.31733
2.30245
2.28767
2.27372
2.25937
2.24588
2.232
2.21857
2.20462
2.19042
2.17624
2.16158
2.14753
2.13268
2.11882
2.1041
2.09031
2.07606
2.06218
2.04837
2.03453
2.02106
2.00772
1.99502
1.98269
1.97105
1.95998
1.94959
1.9402
1.93134
1.92376
1.91694
1.91071
1.90552
1.90184
1.89937
1.89871
1.89891
1.90019
1.90244
1.90425
1.90797
1.91059
1.9135
1.91427
1.91444
1.91304
1.91162
1.90931
1.9066
1.90251
1.8979
1.89301
1.88783
1.88271
1.87735
1.87247
1.86732
1.86236
1.85671
1.85118
1.84488
1.83914
1.83338
1.82862
1.82489
1.82215
1.82014
1.82043
1.82335
1.82968
1.83873
1.84989
1.86037
1.87006
1.87631
1.88192
1.88265
1.88417
1.88399
1.88409
1.88385
1.88268
2.65774
2.64468
2.63175
2.61704
2.60017
2.5809
2.56067
2.53964
2.51832
2.49782
2.47777
2.45945
2.44074
2.42294
2.40471
2.38656
2.36896
2.35114
2.33399
2.31621
2.29954
2.28331
2.26787
2.25319
2.23826
2.22436
2.2095
2.19609
2.18136
2.16791
2.1531
2.13894
2.12411
2.10897
2.09428
2.07846
2.06412
2.04856
2.03489
2.02041
2.00796
1.9949
1.98392
1.97252
1.96279
1.95323
1.94441
1.9368
1.92957
1.92296
1.91731
1.91124
1.90806
1.90428
1.90329
1.90256
1.9033
1.90451
1.90553
1.90797
1.90941
1.91146
1.91139
1.91102
1.90903
1.90711
1.9045
1.9021
1.89827
1.89448
1.89043
1.88582
1.8819
1.87677
1.87328
1.86821
1.86475
1.86014
1.85597
1.85231
1.84784
1.8459
1.84232
1.84069
1.84018
1.84324
1.84984
1.858
1.86867
1.87776
1.88699
1.89214
1.89724
1.89871
1.89896
1.89876
1.89825
1.89766
1.89651
1.8947
2.66005
2.64779
2.63576
2.62303
2.6093
2.5957
2.57984
2.56381
2.54503
2.52705
2.50828
2.49091
2.47445
2.45822
2.44375
2.42805
2.41395
2.39794
2.3833
2.36719
2.35121
2.3343
2.31707
2.30008
2.28276
2.26604
2.2489
2.23213
2.21531
2.19856
2.18231
2.16551
2.14988
2.13335
2.11864
2.10321
2.08959
2.07604
2.06339
2.05161
2.0402
2.02932
2.0194
2.00896
2.00011
1.99031
1.98162
1.97304
1.96374
1.95573
1.94646
1.93868
1.9317
1.92428
1.91894
1.91459
1.90988
1.90813
1.90602
1.90406
1.90407
1.90441
1.90567
1.90557
1.90575
1.90469
1.90323
1.90213
1.90065
1.89894
1.89613
1.89366
1.8897
1.88646
1.88244
1.87891
1.87566
1.87199
1.86997
1.86664
1.86558
1.8634
1.86215
1.86312
1.86698
1.8742
1.88174
1.89224
1.89962
1.90821
1.91166
1.91515
1.91597
1.91531
1.91479
1.91442
1.91363
1.91242
1.91132
1.91035
2.6704
2.6548
2.64077
2.62706
2.61355
2.60027
2.58757
2.57415
2.55956
2.54332
2.52769
2.51186
2.49749
2.4831
2.46939
2.45614
2.44252
2.42964
2.41549
2.40172
2.38603
2.37036
2.35312
2.33608
2.31824
2.30078
2.28307
2.26576
2.24862
2.23187
2.21555
2.19945
2.18398
2.16865
2.15401
2.1398
2.12596
2.11295
2.09987
2.08802
2.07578
2.06482
2.05377
2.04273
2.03266
2.02191
2.01205
2.00114
1.99078
1.98105
1.97044
1.96005
1.94918
1.93816
1.92907
1.92051
1.9123
1.90835
1.90368
1.90114
1.89961
1.8999
1.90093
1.90349
1.90526
1.90924
1.91086
1.91278
1.9157
1.91726
1.91697
1.91586
1.91312
1.9103
1.90562
1.90117
1.89632
1.89181
1.88844
1.88481
1.88299
1.88148
1.88322
1.88819
1.8955
1.90346
1.91405
1.92069
1.92965
1.93294
1.93702
1.93854
1.93853
1.93877
1.93966
1.94045
1.94019
1.93951
1.93905
1.93791
2.66136
2.65293
2.64245
2.62974
2.61684
2.60394
2.59207
2.57973
2.56773
2.5547
2.54172
2.52928
2.51797
2.50812
2.49867
2.48939
2.47894
2.46696
2.45363
2.43836
2.4225
2.40539
2.38833
2.37107
2.35412
2.33743
2.32098
2.30464
2.28839
2.27214
2.2561
2.24018
2.22472
2.2096
2.19498
2.18083
2.16687
2.15358
2.13999
2.12731
2.11415
2.10153
2.08884
2.07579
2.06345
2.05005
2.03771
2.02402
2.01058
1.9965
1.98232
1.96824
1.95483
1.94133
1.9304
1.91925
1.91
1.90407
1.89837
1.89464
1.89402
1.89427
1.89579
1.89928
1.90657
1.91343
1.91962
1.92545
1.92948
1.93082
1.93073
1.92995
1.92726
1.92261
1.91615
1.91127
1.90588
1.90123
1.89797
1.89509
1.89462
1.89734
1.90346
1.91177
1.92252
1.93393
1.94331
1.95417
1.95952
1.96667
1.9703
1.9727
1.97434
1.97666
1.97765
1.97744
1.9767
1.97435
1.97261
1.96732
2.66143
2.65238
2.64546
2.63659
2.62677
2.61578
2.6038
2.59062
2.57716
2.56415
2.55108
2.53935
2.5298
2.52273
2.51643
2.50917
2.49939
2.48679
2.47198
2.45556
2.43869
2.42177
2.40511
2.38894
2.37289
2.35705
2.3412
2.32517
2.30922
2.29306
2.27713
2.26123
2.24556
2.23025
2.21511
2.2006
2.18635
2.17288
2.15995
2.14741
2.13552
2.12349
2.11205
2.09974
2.08699
2.0729
2.05746
2.0419
2.0252
2.00922
1.99335
1.97798
1.96386
1.95014
1.93749
1.92604
1.91534
1.90768
1.89982
1.89597
1.89626
1.89765
1.90097
1.90618
1.91462
1.92237
1.93012
1.93544
1.93804
1.93744
1.93607
1.93307
1.92873
1.92449
1.91894
1.91288
1.90846
1.90448
1.90261
1.90322
1.90675
1.91328
1.92241
1.93386
1.94562
1.95682
1.96832
1.97577
1.98672
1.9917
1.99946
2.00322
2.00658
2.00761
2.00738
2.00564
2.0032
1.99713
1.99346
1.98423
2.65692
2.64798
2.6429
2.63751
2.62994
2.61915
2.60655
2.59381
2.58222
2.57246
2.56411
2.55718
2.55203
2.54814
2.54248
2.53326
2.5202
2.50457
2.48752
2.47008
2.45277
2.43592
2.41942
2.40348
2.38764
2.37204
2.35639
2.3407
2.32496
2.30921
2.29357
2.27824
2.26306
2.24854
2.23417
2.22077
2.20761
2.19518
2.18308
2.17083
2.15883
2.14547
2.13177
2.11662
2.1004
2.08389
2.06582
2.04891
2.03072
2.01388
1.99731
1.98161
1.96676
1.95285
1.93883
1.92694
1.91466
1.90516
1.89658
1.89181
1.89189
1.89344
1.89717
1.90343
1.90793
1.91548
1.92168
1.9268
1.92907
1.92896
1.92841
1.92636
1.92311
1.91942
1.91629
1.91352
1.91079
1.91079
1.91241
1.91698
1.92451
1.93598
1.94893
1.96316
1.9779
1.99087
2.0027
2.01356
2.02009
2.02932
2.03271
2.03433
2.03439
2.0332
2.03032
2.02351
2.01796
2.0079
2.00305
1.99199
2.66639
2.65711
2.65027
2.64224
2.63151
2.61894
2.60628
2.59474
2.58504
2.57715
2.57077
2.56599
2.56278
2.55974
2.55345
2.54203
2.52704
2.51032
2.49293
2.47579
2.45905
2.44282
2.42651
2.41057
2.39441
2.37867
2.36288
2.34726
2.33161
2.31621
2.30082
2.28606
2.27148
2.25794
2.24503
2.23315
2.22212
2.21113
2.20055
2.18869
2.17645
2.16241
2.14689
2.13007
2.11195
2.09398
2.0753
2.05746
2.03976
2.02249
2.00645
1.98996
1.975
1.96017
1.94552
1.93275
1.92014
1.91044
1.90266
1.89795
1.89522
1.89561
1.89709
1.90026
1.90283
1.90527
1.91028
1.91486
1.91797
1.91975
1.91982
1.91952
1.91876
1.91801
1.91727
1.91747
1.91845
1.92091
1.9262
1.93427
1.94605
1.95951
1.97523
1.9918
2.00701
2.02254
2.03413
2.044
2.05153
2.05648
2.05664
2.05613
2.05413
2.04945
2.0437
2.03478
2.02787
2.0183
2.01342
2.00409
2.66541
2.66058
2.65852
2.65277
2.64084
2.62648
2.61254
2.60145
2.59324
2.58759
2.58362
2.57976
2.57451
2.56638
2.55499
2.54053
2.52389
2.50632
2.48893
2.47199
2.4561
2.44106
2.42668
2.41254
2.39799
2.38291
2.36769
2.35227
2.33723
2.32211
2.30708
2.29217
2.2781
2.265
2.25376
2.24332
2.23435
2.22478
2.21511
2.20304
2.18878
2.17223
2.15401
2.13557
2.11616
2.09729
2.07827
2.05979
2.04209
2.02431
2.00797
1.99095
1.97539
1.95967
1.9452
1.9317
1.92016
1.90974
1.90265
1.89644
1.89279
1.89091
1.89129
1.89251
1.89492
1.89636
1.89889
1.90386
1.90885
1.91299
1.91671
1.91905
1.92077
1.92276
1.92482
1.92843
1.93344
1.94044
1.95024
1.96259
1.97715
1.99374
2.01061
2.02671
2.04206
2.05382
2.06328
2.07094
2.07353
2.07352
2.07204
2.0694
2.06328
2.05732
2.04907
2.04174
2.03399
2.02715
2.02239
2.01587
2.66623
2.66247
2.66005
2.65362
2.64238
2.63058
2.61998
2.61125
2.60456
2.59974
2.5959
2.5907
2.58311
2.57191
2.5577
2.54104
2.52325
2.50495
2.48749
2.47076
2.45552
2.44118
2.42759
2.41379
2.40011
2.38555
2.37164
2.35694
2.34295
2.32839
2.31497
2.30197
2.2912
2.28107
2.27282
2.26391
2.25493
2.24312
2.22913
2.21223
2.19399
2.17452
2.1542
2.1337
2.11321
2.09294
2.07373
2.05452
2.03698
2.01897
2.00238
1.98585
1.9696
1.95512
1.93999
1.92797
1.91602
1.90664
1.89872
1.89256
1.8872
1.8844
1.88253
1.88308
1.8847
1.88751
1.88902
1.89224
1.89807
1.9038
1.90925
1.91445
1.91953
1.92446
1.93089
1.93798
1.94797
1.95938
1.97462
1.99075
2.00945
2.02676
2.04493
2.06004
2.07213
2.08251
2.08745
2.08775
2.08668
2.08344
2.07701
2.07025
2.06081
2.05369
2.04453
2.03915
2.03122
2.0277
2.02254
2.01868
2.67545
2.67125
2.6665
2.65754
2.64596
2.63438
2.62439
2.61596
2.60867
2.60285
2.59841
2.59343
2.58628
2.57569
2.56173
2.54516
2.52709
2.50865
2.49063
2.4736
2.45747
2.44248
2.42756
2.41288
2.39868
2.38507
2.37255
2.3602
2.34857
2.33756
2.32818
2.31988
2.31347
2.30649
2.29907
2.28796
2.27401
2.25607
2.23614
2.21401
2.19086
2.16721
2.14403
2.12142
2.10045
2.08
2.06178
2.04361
2.02734
2.01121
1.99565
1.98074
1.96531
1.95176
1.93772
1.92604
1.91536
1.90564
1.89801
1.89104
1.8853
1.88116
1.87846
1.87638
1.8769
1.87806
1.87968
1.88039
1.88452
1.88967
1.89795
1.90441
1.91363
1.92105
1.93191
1.94238
1.95733
1.97327
1.99239
2.01219
2.03181
2.05176
2.06768
2.08168
2.09305
2.09756
2.09755
2.09595
2.0912
2.08337
2.07283
2.06429
2.0549
2.04686
2.03856
2.03364
2.0275
2.02518
2.02041
2.01916
2.68658
2.68667
2.68132
2.66683
2.65047
2.63673
2.62597
2.61771
2.61122
2.60581
2.60054
2.59377
2.58437
2.57212
2.55723
2.54046
2.52261
2.50468
2.48705
2.46997
2.45316
2.43692
2.42114
2.40661
2.39353
2.38237
2.37292
2.36444
2.3566
2.34973
2.34457
2.33987
2.33522
2.32732
2.31642
2.30059
2.2816
2.25908
2.23489
2.20949
2.18433
2.15985
2.13667
2.11457
2.09453
2.07517
2.05804
2.04108
2.02551
2.01044
1.99547
1.98203
1.96791
1.95572
1.94354
1.93236
1.92346
1.91346
1.90679
1.89862
1.8917
1.88529
1.87951
1.87417
1.87206
1.87062
1.87057
1.86997
1.87129
1.87546
1.88345
1.8914
1.90245
1.91384
1.92766
1.94315
1.96098
1.98108
2.00252
2.02338
2.04505
2.06356
2.07927
2.09316
2.10127
2.10277
2.10199
2.09897
2.09136
2.08164
2.07126
2.0605
2.05262
2.0446
2.038
2.0338
2.0292
2.02724
2.02501
2.02606
2.7005
2.70563
2.70042
2.68259
2.66332
2.64802
2.63762
2.63086
2.62502
2.61783
2.60836
2.5966
2.58299
2.56809
2.55252
2.53674
2.52082
2.50466
2.48771
2.46986
2.45127
2.43247
2.41458
2.39895
2.38636
2.37693
2.37004
2.36476
2.36041
2.35679
2.35432
2.35109
2.34572
2.33493
2.31986
2.3005
2.27859
2.25491
2.23035
2.20578
2.18149
2.158
2.1356
2.11405
2.09429
2.07515
2.05815
2.04194
2.02733
2.01409
2.00144
1.99064
1.97962
1.97014
1.96028
1.95014
1.94073
1.92867
1.91921
1.90734
1.89738
1.88797
1.87921
1.87168
1.86586
1.86264
1.85974
1.85877
1.85672
1.85923
1.86446
1.87447
1.88641
1.90174
1.91869
1.93938
1.96051
1.98402
2.00661
2.02884
2.0504
2.0683
2.08412
2.09758
2.10514
2.1066
2.10589
2.10298
2.09574
2.08601
2.07649
2.06624
2.05955
2.0531
2.04844
2.04569
2.04398
2.04409
2.04422
2.04651
2.73962
2.73981
2.71999
2.68335
2.65804
2.6397
2.62935
2.62306
2.61616
2.60664
2.59462
2.58094
2.56665
2.55279
2.53977
2.52711
2.51375
2.49867
2.48145
2.46251
2.44293
2.42408
2.40736
2.39377
2.38392
2.37795
2.37467
2.37279
2.37136
2.36993
2.36842
2.36604
2.361
2.35009
2.33449
2.31553
2.29404
2.27152
2.24713
2.22339
2.19833
2.17481
2.15067
2.12825
2.10643
2.08649
2.06851
2.05274
2.03917
2.02773
2.01702
2.00767
1.99724
1.98699
1.97528
1.9626
1.94994
1.93501
1.9224
1.90765
1.89534
1.88327
1.87216
1.86239
1.85439
1.84829
1.84495
1.84267
1.83979
1.84171
1.84708
1.85843
1.87315
1.89242
1.91374
1.93865
1.96297
1.98859
2.0125
2.03466
2.05601
2.07394
2.08903
2.10257
2.1118
2.11484
2.11471
2.11319
2.10858
2.10069
2.09227
2.08416
2.07851
2.07279
2.06964
2.06825
2.06724
2.06722
2.06713
2.06714
2.73464
2.7401
2.73013
2.70491
2.68114
2.66032
2.64739
2.63852
2.62816
2.61468
2.59923
2.58317
2.56751
2.55299
2.53987
2.5276
2.515
2.50078
2.48423
2.46549
2.44562
2.42632
2.40939
2.39629
2.38758
2.38308
2.38145
2.38077
2.38014
2.37936
2.37781
2.37367
2.3635
2.34707
2.32782
2.30691
2.28487
2.26205
2.23787
2.21365
2.18825
2.1647
2.14101
2.11999
2.09983
2.08184
2.06578
2.05176
2.03993
2.03039
2.02151
2.01432
2.00594
1.99736
1.98745
1.97531
1.96326
1.9481
1.93454
1.91901
1.90494
1.89158
1.87919
1.86799
1.85932
1.85244
1.84838
1.84711
1.84368
1.84547
1.85128
1.86275
1.87872
1.8989
1.9225
1.94821
1.97465
2.00079
2.02472
2.04759
2.06713
2.08304
2.09682
2.1068
2.11104
2.11121
2.11
2.10608
2.09847
2.08943
2.08085
2.07304
2.0687
2.06439
2.06241
2.0626
2.06403
2.06778
2.06941
2.07289
)
;

boundaryField
{
    inlet
    {
        type            fixedValue;
        value           uniform 1;
    }
    outlet
    {
        type            zeroGradient;
    }
    bottom
    {
        type            symmetryPlane;
    }
    top
    {
        type            symmetryPlane;
    }
    obstacle
    {
        type            zeroGradient;
    }
    defaultFaces
    {
        type            empty;
    }
}


// ************************************************************************* //
