/*--------------------------------*- C++ -*----------------------------------*\
  =========                 |
  \\      /  F ield         | OpenFOAM: The Open Source CFD Toolbox
   \\    /   O peration     | Website:  https://openfoam.org
    \\  /    A nd           | Version:  6
     \\/     M anipulation  |
\*---------------------------------------------------------------------------*/
FoamFile
{
    version     2.0;
    format      ascii;
    class       volScalarField;
    location    "1";
    object      Ma;
}
// * * * * * * * * * * * * * * * * * * * * * * * * * * * * * * * * * * * * * //

dimensions      [0 0 0 0 0 0 0];

internalField   nonuniform List<scalar> 
5250
(
2.99998
2.99994
2.99979
2.99956
2.99876
2.99751
2.99293
2.98559
2.96028
2.91161
2.77981
2.45184
1.81057
0.66413
0.0466889
0.156594
0.0479576
0.220116
0.268039
0.232247
0.164988
0.115412
0.0872636
0.0703276
0.0586713
2.99998
2.99994
2.9998
2.99957
2.99877
2.99754
2.99301
2.98577
2.96077
2.91275
2.78267
2.45812
1.82423
0.678818
0.0721343
0.166209
0.0596352
0.228154
0.273989
0.237909
0.173573
0.12917
0.105324
0.0905021
0.0794472
2.99998
2.99994
2.9998
2.99958
2.9988
2.99759
2.99318
2.98614
2.96179
2.91523
2.7887
2.47235
1.85487
0.715542
0.115611
0.177117
0.0762014
0.24108
0.28521
0.249662
0.190965
0.155285
0.137768
0.126224
0.116807
2.99998
2.99994
2.99981
2.99959
2.99884
2.99768
2.99344
2.9867
2.96332
2.91909
2.79788
2.49555
1.90187
0.779675
0.167867
0.18767
0.0953754
0.259706
0.302823
0.268844
0.217609
0.190885
0.178961
0.170915
0.163881
2.99998
2.99994
2.99981
2.99961
2.99889
2.99779
2.99376
2.98742
2.96531
2.92412
2.80998
2.52732
1.96505
0.873967
0.225185
0.195354
0.119099
0.2848
0.326682
0.294622
0.251004
0.231758
0.22452
0.22001
0.215804
2.99998
2.99994
2.99982
2.99963
2.99895
2.9979
2.99413
2.98823
2.9676
2.92998
2.82439
2.56641
2.04504
1.00333
0.285275
0.198116
0.150226
0.316832
0.356191
0.326029
0.289967
0.27721
0.274794
0.273897
0.272145
2.99998
2.99995
2.99983
2.99964
2.99901
2.99802
2.99448
2.98903
2.9699
2.93598
2.83954
2.60887
2.13607
1.16423
0.342079
0.19589
0.189768
0.354017
0.389739
0.362464
0.334229
0.328282
0.330839
0.335191
0.337634
2.99999
2.99995
2.99984
2.99966
2.99906
2.99812
2.99479
2.9897
2.97179
2.94103
2.85226
2.64679
2.22221
1.33277
0.3892
0.194654
0.236773
0.39323
0.425699
0.402625
0.383476
0.384733
0.394816
0.407178
0.418059
2.99999
2.99995
2.99985
2.99968
2.99911
2.99823
2.99508
2.99031
2.97345
2.94497
2.86165
2.67388
2.27852
1.4513
0.443747
0.203685
0.29072
0.43283
0.462625
0.446026
0.437341
0.447733
0.467654
0.497409
0.532712
2.99999
2.99996
2.99986
2.9997
2.99916
2.99834
2.99539
2.99095
2.97508
2.94891
2.87034
2.69773
2.32653
1.549
0.531612
0.226569
0.343358
0.469236
0.498528
0.491708
0.49558
0.516637
0.554719
0.615647
0.718476
2.99999
2.99996
2.99987
2.99972
2.99923
2.99846
2.99572
2.99162
2.97679
2.95289
2.87891
2.7213
2.3714
1.63013
0.639871
0.269678
0.393853
0.49897
0.531783
0.537707
0.55492
0.590182
0.65307
0.76249
0.921043
2.99999
2.99996
2.99988
2.99975
2.99929
2.9986
2.99609
2.99236
2.97873
2.95717
2.88853
2.7461
2.42019
1.7183
0.76262
0.34225
0.444135
0.521983
0.563047
0.582939
0.612259
0.663614
0.743099
0.87227
1.04267
2.99999
2.99997
2.9999
2.99978
2.99937
2.99875
2.9965
2.99318
2.98092
2.96178
2.89934
2.77321
2.47538
1.81876
0.897816
0.441426
0.487313
0.544713
0.595165
0.626263
0.664828
0.724794
0.808247
0.926579
1.07558
2.99999
2.99997
2.99991
2.99981
2.99946
2.99892
2.99697
2.9941
2.9834
2.96699
2.91206
2.80252
2.54086
1.93398
1.05876
0.552311
0.520623
0.569107
0.622743
0.664583
0.709799
0.771416
0.851167
0.952446
1.07685
3
2.99998
2.99993
2.99984
2.99955
2.9991
2.99747
2.99508
2.98616
2.97246
2.92723
2.83235
2.61407
2.06366
1.24461
0.674736
0.558166
0.595426
0.64799
0.698351
0.74695
0.806773
0.880719
0.967418
1.0686
3
2.99998
2.99994
2.99987
2.99963
2.99927
2.99794
2.996
2.98872
2.97772
2.93968
2.86866
2.68568
2.25015
1.50598
0.813696
0.612895
0.639919
0.685302
0.735935
0.782464
0.836798
0.903378
0.980266
1.06466
3
2.99999
2.99996
2.9999
2.99971
2.99942
2.99838
2.99685
2.99109
2.98259
2.95218
2.90007
2.75008
2.43594
1.77529
0.967819
0.682572
0.693825
0.730439
0.778022
0.821227
0.867346
0.925006
0.991316
1.06385
3
2.99999
2.99997
2.99992
2.99978
2.99956
2.99875
2.99758
2.99313
2.98668
2.963
2.92322
2.80805
2.54685
2.02084
1.13374
0.769209
0.740204
0.769361
0.810324
0.85492
0.897978
0.947703
1.00536
1.06811
3
3
2.99998
2.99995
2.99984
2.99967
2.99907
2.99821
2.99491
2.99017
2.97277
2.94365
2.85538
2.65253
2.24702
1.4071
0.927632
0.798102
0.809094
0.840199
0.883295
0.923929
0.966952
1.0185
1.07327
3
3
2.99999
2.99996
2.99988
2.99976
2.99933
2.99871
2.99632
2.99297
2.9801
2.96073
2.8955
2.77334
2.46371
1.85995
1.14109
0.889544
0.867428
0.882597
0.913838
0.953303
0.992381
1.03481
1.08338
3.00001
3
2.99999
2.99998
2.99992
2.99984
2.99954
2.99912
2.9975
2.99524
2.98661
2.97358
2.92928
2.83839
2.6239
2.10376
1.36786
0.982371
0.919192
0.926822
0.948835
0.982143
1.01841
1.05634
1.09749
3.00001
3
3
2.99999
2.99995
2.99989
2.99969
2.99939
2.99825
2.9967
2.99047
2.98187
2.94938
2.89379
2.7389
2.38825
1.73796
1.14505
0.979312
0.96969
0.985836
1.01333
1.04722
1.07992
1.11549
3.00001
3.00001
3
2.99999
2.99997
2.99993
2.99979
2.9996
2.99884
2.99782
2.99367
2.98809
2.96624
2.93161
2.82488
2.60283
2.10979
1.38357
1.07013
1.01552
1.02144
1.04405
1.07593
1.10809
1.13962
3.00001
3.00001
3
3
2.99998
2.99996
2.99987
2.99975
2.99927
2.99862
2.99598
2.99254
2.97852
2.9578
2.8878
2.74622
2.42342
1.76678
1.25485
1.08584
1.06627
1.07754
1.10201
1.13263
1.16266
3.00001
3.00001
3
3
2.99999
2.99998
2.99993
2.99985
2.99957
2.99919
2.99767
2.99564
2.98772
2.97562
2.93362
2.84732
2.63994
2.15319
1.49899
1.18386
1.12431
1.12043
1.13304
1.15698
1.18605
3.00001
3.00001
3.00001
3
3
2.99999
2.99997
2.99989
2.99979
2.9994
2.99885
2.9967
2.99379
2.98229
2.96475
2.90738
2.79193
2.51672
1.96149
1.40043
1.19088
1.16552
1.1691
1.18805
1.21391
3.00001
3.00001
3.00001
3.00001
3
3
2.99998
2.99994
2.99988
2.99966
2.99936
2.99818
2.99661
2.99063
2.98099
2.94919
2.87855
2.71161
2.29016
1.6887
1.29116
1.20567
1.20019
1.21463
1.23696
3.00001
3.00001
3.00001
3.00001
3
3
2.99999
2.99997
2.99993
2.99979
2.99961
2.99883
2.9979
2.99358
2.98853
2.96576
2.93407
2.82347
2.62391
2.1194
1.55078
1.30069
1.24962
1.24729
1.2595
3.00001
3.00001
3.00001
3.00001
3.00001
3
3
2.99999
2.99997
2.99989
2.99979
2.99938
2.99887
2.99662
2.99397
2.98206
2.96651
2.90695
2.80516
2.52767
2.04042
1.51416
1.32188
1.29405
1.29403
3.00001
3.00001
3.00001
3.00001
3.00001
3.00001
3
3
2.99998
2.99996
2.99987
2.99976
2.99928
2.99867
2.99605
2.9928
2.97878
2.95888
2.88617
2.7603
2.40561
1.899
1.47081
1.34344
1.32968
3.00001
3.00001
3.00001
3.00001
3.00001
3.00001
3.00001
3
3
2.99998
2.99995
2.99985
2.99972
2.99914
2.99846
2.99527
2.99149
2.97428
2.95063
2.8614
2.71393
2.29073
1.78787
1.46662
1.37938
3.00001
3.00001
3.00001
3.00001
3.00001
3.00001
3.00001
3.00001
3
3
2.99999
2.99995
2.99991
2.99973
2.99946
2.99838
2.99684
2.98983
2.98021
2.9387
2.8678
2.66458
2.25964
1.73781
1.47396
3.00001
3.00001
3.00001
3.00001
3.00001
3.00001
3.00001
3.00001
3.00001
3
3
2.99998
2.99995
2.99982
2.99969
2.99896
2.99825
2.99417
2.99002
2.96819
2.94047
2.83431
2.65384
2.19534
1.73889
3.00001
3.00001
3.00001
3.00001
3.00001
3.00001
3.00001
3.00001
3.00001
3.00001
3
3
2.99999
2.99996
2.9999
2.99977
2.99937
2.99812
2.99647
2.98723
2.97743
2.92878
2.8577
2.63579
2.25001
3.00001
3.00001
3.00001
3.00001
3.00001
3.00001
3.00001
3.00001
3.00001
3.00001
3.00001
3
3
2.99998
2.99995
2.99983
2.9997
2.99897
2.99828
2.99428
2.99014
2.96875
2.94057
2.83418
2.65402
3.00001
3.00001
3.00001
3.00001
3.00001
3.00001
3.00001
3.00001
3.00001
3.00001
3.00001
3.00001
3
3
2.99999
2.99997
2.99987
2.99977
2.99923
2.99858
2.99564
2.99113
2.97378
2.94172
2.84538
3.00001
3.00001
3.00001
3.00001
3.00001
3.00001
3.00001
3.00001
3.00001
3.00001
3.00001
3.00001
3.00001
3.00001
3
3
2.99997
2.99992
2.99981
2.9994
2.99879
2.99633
2.99191
2.97571
2.94527
3.00001
3.00001
3.00001
3.00001
3.00001
3.00001
3.00001
3.00001
3.00001
3.00001
3.00001
3.00001
3.00001
3.00001
3.00001
3
2.99999
2.99996
2.99993
2.99974
2.99956
2.99854
2.99735
2.99037
2.98229
3.00001
3.00001
3.00001
3.00001
3.00001
3.00001
3.00001
3.00001
3.00001
3.00001
3.00001
3.00001
3.00001
3.00001
3.00001
3.00001
3
3
2.99999
2.99995
2.99988
2.99957
2.99927
2.99687
2.99632
3.00001
3.00001
3.00001
3.00001
3.00001
3.00001
3.00001
3.00001
3.00001
3.00001
3.00001
3.00001
3.00001
3.00001
3.00001
3.00001
3.00001
3.00001
3
3
2.99996
2.99992
2.99965
2.99944
2.99737
3.00001
3.00001
3.00001
3.00001
3.00001
3.00001
3.00001
3.00001
3.00001
3.00001
3.00001
3.00001
3.00001
3.00001
3.00001
3.00001
3.00001
3.00001
3.00001
3
3
2.99997
2.99994
2.99973
2.99957
3.00001
3.00001
3.00001
3.00001
3.00001
3.00001
3.00001
3.00001
3.00001
3.00001
3.00001
3.00001
3.00001
3.00001
3.00001
3.00001
3.00001
3.00001
3.00001
3.00001
3
2.99999
2.99998
2.99992
2.99983
3.00001
3.00001
3.00001
3.00001
3.00001
3.00001
3.00001
3.00001
3.00001
3.00001
3.00001
3.00001
3.00001
3.00001
3.00001
3.00001
3.00001
3.00001
3.00001
3.00001
3.00001
3
3
2.99999
2.99991
3.00001
3.00001
3.00001
3.00001
3.00001
3.00001
3.00001
3.00001
3.00001
3.00001
3.00001
3.00001
3.00001
3.00001
3.00001
3.00001
3.00001
3.00001
3.00001
3.00001
3.00001
3.00001
3
3
2.99998
3.00001
3.00001
3.00001
3.00001
3.00001
3.00001
3.00001
3.00001
3.00001
3.00001
3.00001
3.00001
3.00001
3.00001
3.00001
3.00001
3.00001
3.00001
3.00001
3.00001
3.00001
3.00001
3.00001
3
3
3.00001
3.00001
3.00001
3.00001
3.00001
3.00001
3.00001
3.00001
3.00001
3.00001
3.00001
3.00001
3.00001
3.00001
3.00001
3.00001
3.00001
3.00001
3.00001
3.00001
3.00001
3.00001
3.00001
3.00001
3.00001
3.00001
3.00001
3.00001
3.00001
3.00001
3.00001
3.00001
3.00001
3.00001
3.00001
3.00001
3.00001
3.00001
3.00001
3.00001
3.00001
3.00001
3.00001
3.00001
3.00001
3.00001
3.00001
3.00001
3.00001
3.00001
3.00001
3.00001
3.00001
3.00001
3.00001
3.00001
3.00001
3.00001
3.00001
3.00001
3.00001
3.00001
3.00001
3.00001
3.00001
3.00001
3.00001
3.00001
3.00001
3.00001
3.00001
3.00001
3.00001
3.00001
3.00001
3.00001
3.00001
3.00001
3.00001
3.00001
3.00001
3.00001
3.00001
3.00001
3.00001
3.00001
3.00001
3.00001
3.00001
3.00001
3.00001
3.00001
3.00001
3.00001
3.00001
3.00001
3.00001
3.00001
3.00001
3.00001
3.00001
3.00001
3.00001
3.00001
3.00001
3.00001
3.00001
3.00001
3.00001
3.00001
3.00001
3.00001
3.00001
3.00001
3.00001
3.00001
3.00001
3.00001
3.00001
3.00001
3.00001
3.00001
3.00001
3.00001
3.00001
1.1407
1.36601
1.52051
1.61721
1.64895
1.62582
1.5556
1.48766
1.37373
1.26304
1.17689
1.14131
1.13573
1.14211
1.14872
1.15634
1.16219
1.16691
1.17139
1.17532
1.17916
1.18403
1.18992
1.19662
1.20358
1.21085
1.21857
1.22676
1.23532
1.24408
1.25293
1.2618
1.27053
1.27919
1.28786
1.29651
1.30504
1.31337
1.3215
1.32946
1.33731
1.34507
1.35277
1.36042
1.36794
1.37541
1.38301
1.39064
1.39822
1.4058
1.41347
1.42131
1.42938
1.43779
1.44658
1.45578
1.46539
1.4753
1.48539
1.49548
1.50531
1.51477
1.52379
1.53227
1.54025
1.54782
1.55498
1.56168
1.56793
1.57374
1.57913
1.5841
1.58865
1.59294
1.5969
1.60039
1.60338
1.60585
1.60826
1.61026
1.61191
1.61419
1.61669
1.61949
1.62228
1.62421
1.6251
1.62509
1.62474
1.62372
1.62102
1.61827
1.61675
1.61798
1.62005
1.62667
1.63726
1.66785
1.69011
1.76383
1.20192
1.3468
1.44731
1.50817
1.52979
1.52861
1.51978
1.52696
1.54841
1.57014
1.57531
1.57182
1.55872
1.5429
1.5262
1.51784
1.51354
1.51552
1.51957
1.52381
1.52835
1.53276
1.53708
1.5415
1.5462
1.55131
1.55687
1.563
1.56973
1.57685
1.58422
1.59172
1.59926
1.60678
1.61429
1.6218
1.62924
1.63648
1.64348
1.65026
1.65679
1.66315
1.66946
1.67578
1.68213
1.68853
1.69494
1.70137
1.70803
1.71494
1.72181
1.72866
1.73549
1.74229
1.7491
1.75595
1.76285
1.76986
1.77695
1.78423
1.79175
1.7994
1.8072
1.81511
1.82283
1.83019
1.83713
1.84342
1.84896
1.85387
1.85819
1.86181
1.86486
1.86741
1.8694
1.87068
1.87166
1.87267
1.87332
1.87393
1.87395
1.87345
1.87283
1.8723
1.87249
1.87336
1.87426
1.87557
1.87699
1.8784
1.87866
1.87805
1.87668
1.87363
1.86934
1.86742
1.86585
1.86705
1.86705
1.88437
1.20005
1.30776
1.39598
1.4701
1.53449
1.59729
1.66023
1.71521
1.76146
1.79471
1.80916
1.80691
1.79978
1.78545
1.76293
1.74553
1.73132
1.72488
1.72094
1.72092
1.72272
1.72516
1.72804
1.73158
1.73573
1.74028
1.74521
1.7504
1.75574
1.76121
1.76686
1.77269
1.77857
1.7844
1.79037
1.7965
1.80272
1.80894
1.81514
1.82138
1.82769
1.83407
1.84051
1.84702
1.85351
1.86005
1.86678
1.87358
1.88035
1.88706
1.89367
1.90011
1.90641
1.91253
1.91848
1.92435
1.93013
1.93573
1.94121
1.94674
1.95237
1.95805
1.9639
1.97018
1.9768
1.98346
1.99002
1.99629
2.0021
2.00732
2.01185
2.01561
2.01871
2.02114
2.02271
2.02363
2.02407
2.02405
2.02342
2.02284
2.022
2.02082
2.01917
2.01758
2.01588
2.0142
2.01251
2.01128
2.01079
2.01091
2.01082
2.0102
2.00883
2.00718
2.00474
2.00177
1.99822
1.99741
1.99548
2.00563
1.192
1.29309
1.38239
1.46284
1.53801
1.60685
1.67041
1.72672
1.77451
1.81113
1.83785
1.85617
1.86817
1.87164
1.87206
1.86878
1.86153
1.85323
1.84568
1.83996
1.83702
1.83616
1.83867
1.8428
1.84747
1.85289
1.85902
1.86478
1.86998
1.87503
1.88011
1.88491
1.88939
1.89394
1.89856
1.90326
1.90809
1.91314
1.91851
1.92428
1.93044
1.93686
1.94341
1.95033
1.95759
1.96473
1.97164
1.9782
1.98446
1.99056
1.99621
2.00118
2.00584
2.01037
2.01481
2.01921
2.0236
2.02802
2.03252
2.03719
2.04209
2.04735
2.05291
2.05856
2.06453
2.07112
2.07775
2.08404
2.08982
2.09506
2.09968
2.10357
2.10683
2.1094
2.11112
2.11209
2.11256
2.11259
2.11205
2.11161
2.111
2.11002
2.10865
2.10716
2.1055
2.10362
2.10144
2.09911
2.09713
2.09542
2.09405
2.09285
2.09143
2.0904
2.08928
2.08867
2.08745
2.08835
2.08833
2.10566
1.1758
1.27355
1.3614
1.44083
1.51406
1.58149
1.64317
1.70038
1.75139
1.79877
1.84002
1.87728
1.90739
1.93051
1.94686
1.95471
1.95646
1.95494
1.95094
1.94604
1.94022
1.93647
1.93416
1.93217
1.93358
1.93569
1.93843
1.94143
1.94518
1.94967
1.95455
1.95974
1.96512
1.97062
1.97622
1.98192
1.98773
1.99363
1.9997
2.0061
2.01293
2.01997
2.02708
2.03415
2.04099
2.04746
2.05363
2.05962
2.06507
2.06962
2.07369
2.07753
2.08117
2.08464
2.08798
2.09123
2.09451
2.09791
2.10156
2.10557
2.11002
2.11496
2.12031
2.1259
2.13151
2.13714
2.1428
2.14803
2.15275
2.15713
2.16103
2.16424
2.1669
2.16895
2.17042
2.17108
2.17088
2.17066
2.16996
2.16935
2.16873
2.16776
2.16644
2.16513
2.16366
2.16193
2.15981
2.15714
2.15439
2.15226
2.15044
2.14896
2.14777
2.14751
2.1468
2.14758
2.14794
2.15341
2.15687
2.18269
1.15586
1.24765
1.33413
1.41288
1.48468
1.55123
1.61224
1.6694
1.72203
1.77102
1.81583
1.85653
1.89328
1.92551
1.95322
1.97474
1.99117
2.00215
2.00804
2.00947
2.00971
2.00809
2.00519
2.00221
1.9994
1.996
1.99642
1.99757
2.00018
2.00282
2.00689
2.01207
2.01766
2.02366
2.03
2.03649
2.04307
2.04979
2.05673
2.0639
2.07117
2.0784
2.08546
2.0922
2.09851
2.10453
2.1104
2.11581
2.12052
2.12493
2.12915
2.13319
2.137
2.14061
2.14403
2.14737
2.15076
2.15437
2.15829
2.16262
2.16739
2.17252
2.17794
2.18338
2.18868
2.19376
2.1986
2.20318
2.20739
2.21116
2.21452
2.2174
2.21972
2.22142
2.22247
2.22264
2.2217
2.22071
2.21995
2.21925
2.21874
2.21782
2.21662
2.21558
2.21445
2.21305
2.21123
2.20879
2.2062
2.20429
2.20265
2.20139
2.20023
2.2
2.19999
2.20275
2.20522
2.21547
2.22164
2.25244
1.14212
1.22186
1.3009
1.37773
1.44965
1.51654
1.57804
1.63515
1.68855
1.73833
1.7849
1.82804
1.86824
1.90478
1.9389
1.96878
1.99591
2.01741
2.03521
2.0474
2.0561
2.06008
2.06086
2.06105
2.06003
2.05761
2.05554
2.05385
2.0532
2.0542
2.05632
2.05895
2.06304
2.06805
2.07388
2.08038
2.08728
2.09434
2.10145
2.10859
2.11569
2.12265
2.12935
2.13565
2.14157
2.14734
2.15293
2.15802
2.16247
2.16668
2.17068
2.1745
2.17815
2.18169
2.1852
2.18882
2.19268
2.1969
2.2015
2.20646
2.21176
2.21726
2.22273
2.22805
2.23317
2.2381
2.24286
2.24728
2.25129
2.25498
2.25835
2.26117
2.2632
2.26433
2.26459
2.26393
2.26225
2.26037
2.25946
2.25881
2.25776
2.2574
2.25648
2.25541
2.25451
2.25331
2.25166
2.24935
2.24672
2.24488
2.24323
2.24227
2.24147
2.24223
2.2435
2.24902
2.25353
2.26774
2.27593
2.31101
1.13453
1.20408
1.27373
1.34333
1.41127
1.47628
1.53815
1.59607
1.65032
1.70114
1.74892
1.79362
1.83577
1.87519
1.91202
1.94605
1.97744
2.00578
2.03122
2.05265
2.07018
2.08281
2.0924
2.09742
2.09956
2.10014
2.10022
2.09942
2.09777
2.09677
2.09658
2.09787
2.10084
2.10434
2.10862
2.1143
2.12133
2.12886
2.13665
2.14439
2.15193
2.15912
2.16572
2.17165
2.17723
2.18266
2.18764
2.19201
2.19611
2.20003
2.20376
2.20734
2.21083
2.21435
2.21808
2.22215
2.22668
2.23167
2.23707
2.24278
2.24868
2.25459
2.2604
2.26608
2.27151
2.27658
2.28129
2.28567
2.28972
2.29334
2.29639
2.29852
2.29954
2.29948
2.29871
2.29717
2.29499
2.29295
2.29187
2.29155
2.29108
2.29033
2.28986
2.28897
2.28764
2.2863
2.28418
2.2818
2.2789
2.27696
2.27516
2.2747
2.27476
2.27764
2.28099
2.29034
2.29735
2.3158
2.32551
2.36533
1.13225
1.19308
1.25454
1.31606
1.37769
1.43865
1.49793
1.55508
1.60928
1.66081
1.70931
1.75529
1.79856
1.83954
1.87832
1.91488
1.94927
1.98116
2.01047
2.03677
2.06021
2.08006
2.09603
2.10841
2.11738
2.12319
2.12669
2.12848
2.12962
2.13117
2.13238
2.13371
2.13564
2.13846
2.14249
2.14723
2.15262
2.15912
2.16675
2.17464
2.18241
2.18966
2.196
2.20162
2.20694
2.21164
2.21559
2.21933
2.22295
2.22651
2.23005
2.23361
2.23732
2.24134
2.24579
2.25072
2.25617
2.26203
2.26805
2.27432
2.2809
2.28722
2.29317
2.29895
2.30445
2.30945
2.31408
2.31844
2.32238
2.32571
2.32813
2.32943
2.32953
2.32861
2.32719
2.32523
2.3229
2.32089
2.31999
2.31954
2.31899
2.3179
2.31581
2.31357
2.31003
2.30636
2.30163
2.29741
2.29259
2.28962
2.28715
2.28763
2.28908
2.29475
2.30092
2.31487
2.32498
2.34862
2.36003
2.4101
1.13359
1.187
1.24224
1.29695
1.3516
1.40673
1.46168
1.51587
1.56855
1.61927
1.66799
1.71446
1.75877
1.80093
1.84075
1.8786
1.91398
1.94723
1.97826
2.00671
2.03291
2.05652
2.07751
2.09597
2.11152
2.12445
2.13478
2.14302
2.14945
2.15386
2.15749
2.16102
2.1646
2.16779
2.17137
2.17573
2.18069
2.18551
2.19058
2.19651
2.20312
2.20951
2.21524
2.22061
2.22538
2.22943
2.23332
2.23705
2.24067
2.24429
2.24803
2.252
2.25629
2.26109
2.26645
2.27212
2.27818
2.28496
2.29222
2.29953
2.30674
2.31352
2.31972
2.3256
2.33127
2.33653
2.34131
2.34564
2.34925
2.35191
2.35356
2.35408
2.35356
2.35218
2.35081
2.34887
2.34658
2.34423
2.34295
2.34135
2.33802
2.33281
2.32505
2.31708
2.30736
2.29828
2.28776
2.28071
2.27317
2.26981
2.26892
2.27225
2.27699
2.28803
2.29901
2.31985
2.33402
2.36493
2.37805
2.44322
1.14331
1.18822
1.23578
1.28493
1.33408
1.38299
1.43265
1.48266
1.53268
1.58172
1.62957
1.67572
1.72003
1.76239
1.80265
1.84091
1.87692
1.91099
1.94276
1.97273
2.00059
2.02656
2.05093
2.07321
2.09398
2.11286
2.12947
2.14407
2.15657
2.16689
2.17552
2.18253
2.1884
2.19361
2.19851
2.20337
2.20758
2.21099
2.21437
2.21764
2.22111
2.22496
2.22906
2.23318
2.23747
2.2418
2.24603
2.25024
2.25455
2.25902
2.26374
2.26872
2.27385
2.27933
2.2855
2.29266
2.30031
2.30833
2.31643
2.32437
2.33196
2.33891
2.34519
2.35111
2.35687
2.36219
2.36681
2.37063
2.37354
2.37541
2.37635
2.3763
2.37536
2.37377
2.37184
2.36903
2.36573
2.36092
2.35464
2.34484
2.33078
2.31509
2.29536
2.27645
2.25615
2.23982
2.22612
2.2202
2.21847
2.22386
2.23166
2.24315
2.25517
2.27414
2.28821
2.3147
2.33119
2.36822
2.37729
2.45803
1.15483
1.19746
1.2387
1.28075
1.32456
1.3692
1.41379
1.45878
1.50465
1.55076
1.59657
1.64146
1.68503
1.72693
1.76703
1.80526
1.84157
1.87609
1.90874
1.9398
1.96914
1.99703
2.0235
2.04845
2.07231
2.0944
2.1154
2.13456
2.15188
2.1675
2.18084
2.19245
2.20253
2.21063
2.21728
2.22328
2.22833
2.23173
2.23452
2.23681
2.23858
2.24031
2.24224
2.24514
2.24884
2.25275
2.25714
2.26192
2.2668
2.27187
2.27727
2.283
2.28919
2.29599
2.30347
2.31158
2.32012
2.32887
2.33746
2.34554
2.35298
2.35968
2.36582
2.37176
2.37728
2.38196
2.38581
2.38898
2.39129
2.39264
2.39322
2.39267
2.39055
2.38756
2.38344
2.3754
2.36323
2.34484
2.32262
2.29599
2.26376
2.23185
2.20834
2.19786
2.19497
2.20125
2.2103
2.22208
2.23466
2.25044
2.2628
2.28243
2.29564
2.31829
2.33369
2.36306
2.37844
2.41284
2.42105
2.49074
1.17358
1.20995
1.24867
1.28603
1.32394
1.36275
1.40329
1.44449
1.48608
1.52852
1.57138
1.61406
1.65617
1.69721
1.73697
1.77521
1.81192
1.84697
1.88044
1.91227
1.94258
1.97135
1.99882
2.02487
2.04979
2.07344
2.09594
2.11724
2.13721
2.15604
2.17317
2.18904
2.20303
2.21545
2.22624
2.23491
2.24191
2.24779
2.25195
2.25511
2.25746
2.25898
2.26019
2.26199
2.26431
2.26688
2.27053
2.27474
2.27944
2.28481
2.29073
2.2973
2.30463
2.31271
2.32144
2.33062
2.33996
2.34908
2.35761
2.36529
2.37207
2.37822
2.38416
2.38956
2.39403
2.39792
2.40128
2.40404
2.40579
2.40587
2.40465
2.40139
2.39472
2.38314
2.36252
2.33555
2.30106
2.25957
2.21908
2.19652
2.18934
2.19464
2.20374
2.21396
2.22407
2.23548
2.24645
2.26173
2.27417
2.29358
2.30731
2.32925
2.34366
2.36885
2.38495
2.41523
2.43191
2.46531
2.47914
2.52903
1.19343
1.22587
1.26016
1.29663
1.33067
1.36487
1.40006
1.43669
1.47467
1.51334
1.55286
1.59286
1.63286
1.67253
1.71145
1.74939
1.78611
1.82144
1.8553
1.88759
1.91836
1.94755
1.97531
2.00168
2.02673
2.05062
2.07344
2.09529
2.11631
2.13665
2.15613
2.17491
2.19263
2.20897
2.22393
2.23692
2.2482
2.25746
2.26453
2.27034
2.27474
2.27775
2.28006
2.28168
2.28335
2.28484
2.28704
2.2902
2.294
2.29868
2.30444
2.31132
2.31928
2.32811
2.33751
2.34711
2.35653
2.36538
2.37331
2.38016
2.3863
2.39222
2.39757
2.40198
2.40595
2.4094
2.41207
2.41251
2.41143
2.40754
2.39804
2.37948
2.35006
2.31153
2.26325
2.216
2.18959
2.18774
2.19693
2.20764
2.21778
2.22873
2.23908
2.25153
2.26313
2.27873
2.2911
2.31004
2.32388
2.3453
2.35971
2.38337
2.39831
2.42421
2.4405
2.47037
2.48731
2.51862
2.53317
2.57321
1.21407
1.24263
1.27284
1.30499
1.339
1.37081
1.40186
1.4342
1.46831
1.50352
1.53958
1.5766
1.61413
1.65185
1.6893
1.72626
1.76242
1.79761
1.83154
1.86417
1.89522
1.92474
1.95262
1.97897
2.00391
2.02761
2.05031
2.07229
2.09364
2.1147
2.13537
2.15572
2.17562
2.19483
2.21305
2.22997
2.24527
2.25877
2.27034
2.28008
2.28782
2.29376
2.29865
2.30212
2.3044
2.30633
2.30794
2.31002
2.31276
2.31628
2.32096
2.32724
2.33485
2.34346
2.35259
2.36183
2.37082
2.3792
2.38653
2.39287
2.3989
2.40446
2.40916
2.41301
2.41577
2.4164
2.41485
2.40904
2.39591
2.36698
2.32743
2.27541
2.21884
2.18215
2.17776
2.18926
2.20158
2.21409
2.22642
2.23999
2.25284
2.26784
2.27991
2.29604
2.30866
2.32685
2.34083
2.36186
2.37628
2.3989
2.41364
2.43746
2.45229
2.47776
2.49378
2.52234
2.53885
2.56854
2.58244
2.61681
1.23996
1.26438
1.28985
1.3172
1.34666
1.37691
1.40692
1.4365
1.46711
1.49913
1.53206
1.56594
1.60069
1.63605
1.67169
1.70713
1.7421
1.77635
1.80962
1.84178
1.87259
1.902
1.92987
1.95621
1.98115
2.00484
2.02765
2.04973
2.07152
2.09306
2.11455
2.13602
2.15726
2.17831
2.19877
2.21849
2.23716
2.25457
2.27024
2.28418
2.29621
2.30611
2.3141
2.32015
2.32462
2.32796
2.33026
2.33223
2.3344
2.33704
2.34056
2.34548
2.35184
2.35912
2.36696
2.37506
2.38314
2.39088
2.39781
2.40401
2.40988
2.41484
2.41769
2.41825
2.41603
2.40745
2.38818
2.34992
2.29873
2.23205
2.17942
2.16062
2.17186
2.18575
2.19966
2.21584
2.23152
2.24793
2.26265
2.27901
2.29238
2.30978
2.32351
2.34253
2.35728
2.37805
2.39347
2.41579
2.4304
2.4531
2.46765
2.4911
2.50561
2.52995
2.54512
2.57168
2.58735
2.6154
2.62858
2.65798
1.26414
1.2897
1.31338
1.33668
1.36037
1.38668
1.41413
1.44157
1.46907
1.49811
1.52858
1.55972
1.59182
1.62473
1.65829
1.69213
1.72589
1.75913
1.79153
1.82292
1.85309
1.88195
1.90945
1.93557
1.96043
1.98412
2.00696
2.02914
2.05106
2.0728
2.09471
2.11661
2.13872
2.16074
2.18261
2.2042
2.22514
2.24539
2.26457
2.28234
2.29848
2.31263
2.32448
2.33424
2.34171
2.34708
2.35105
2.35405
2.35656
2.35902
2.36184
2.36544
2.37021
2.3758
2.38204
2.3888
2.39572
2.40256
2.40866
2.41411
2.4175
2.41851
2.41542
2.40518
2.3789
2.33155
2.26546
2.19075
2.14723
2.14667
2.16102
2.17494
2.1928
2.21099
2.23003
2.24882
2.26597
2.28324
2.29894
2.3167
2.33324
2.35213
2.36955
2.39015
2.40728
2.42914
2.44519
2.46772
2.48242
2.50534
2.5198
2.54282
2.55682
2.58003
2.59445
2.61932
2.63405
2.66032
2.67299
2.6977
1.281
1.30695
1.33146
1.35538
1.37943
1.40323
1.42764
1.45277
1.47814
1.50339
1.52981
1.55847
1.58814
1.61858
1.64978
1.68153
1.71361
1.74564
1.77715
1.80774
1.83716
1.86534
1.89228
1.918
1.94264
1.96628
1.98913
2.01133
2.0332
2.05492
2.07678
2.09887
2.12129
2.14404
2.16697
2.19001
2.21278
2.23522
2.25676
2.27736
2.29643
2.31376
2.32908
2.34195
2.35256
2.361
2.36729
2.37213
2.37601
2.37932
2.38256
2.38599
2.38987
2.3941
2.39877
2.40388
2.40889
2.41354
2.4164
2.41722
2.41367
2.40122
2.36946
2.31395
2.23182
2.15559
2.12247
2.13421
2.14741
2.16334
2.18273
2.20385
2.22479
2.24547
2.26486
2.28381
2.3021
2.32066
2.33893
2.35882
2.37796
2.39909
2.41787
2.44013
2.45782
2.48025
2.4967
2.51936
2.53384
2.55644
2.57057
2.59285
2.6064
2.62843
2.64195
2.66497
2.67866
2.70304
2.71515
2.73616
1.30661
1.32642
1.3491
1.37147
1.39391
1.41706
1.44033
1.46354
1.48704
1.51111
1.53532
1.56075
1.58783
1.61613
1.64528
1.67507
1.70529
1.73577
1.7662
1.79616
1.8253
1.85321
1.87977
1.90508
1.92923
1.95251
1.97501
1.99701
2.01863
2.04014
2.06178
2.08372
2.10617
2.12915
2.15265
2.17656
2.20059
2.22449
2.24789
2.27032
2.29152
2.31107
2.32875
2.34425
2.35767
2.36873
2.378
2.38544
2.39154
2.39682
2.40131
2.40547
2.40971
2.41333
2.41653
2.4194
2.42125
2.42066
2.41511
2.39991
2.36277
2.30132
2.20623
2.12861
2.10376
2.11999
2.13291
2.15126
2.17196
2.1945
2.21692
2.23951
2.2603
2.28125
2.30109
2.32159
2.34179
2.36255
2.38318
2.40524
2.42552
2.44815
2.46756
2.4903
2.50813
2.53077
2.5467
2.5688
2.58303
2.60491
2.61853
2.63971
2.65268
2.67352
2.68626
2.70771
2.72048
2.74288
2.75498
2.77313
1.33296
1.34778
1.36941
1.3924
1.41349
1.43415
1.45543
1.47729
1.49909
1.52131
1.54472
1.56824
1.59268
1.61808
1.64513
1.67324
1.70187
1.73066
1.75955
1.78832
1.81663
1.84425
1.87086
1.89617
1.92018
1.94307
1.96511
1.98661
2.00779
2.02892
2.05016
2.07178
2.09392
2.11677
2.1403
2.16445
2.18901
2.21364
2.23798
2.26166
2.28417
2.30519
2.3245
2.34191
2.35739
2.37097
2.3828
2.39305
2.402
2.40974
2.41663
2.42246
2.42697
2.42957
2.43098
2.42987
2.42377
2.40609
2.36434
2.29712
2.20046
2.11442
2.08867
2.10648
2.12017
2.14016
2.16161
2.18474
2.20817
2.23094
2.25314
2.27523
2.29677
2.31858
2.34004
2.36234
2.38413
2.40669
2.4284
2.45137
2.47216
2.4953
2.51443
2.53754
2.55459
2.57734
2.59248
2.61441
2.62833
2.64934
2.66256
2.68306
2.69566
2.71561
2.72764
2.74762
2.75963
2.77995
2.79234
2.8082
1.36577
1.37099
1.38716
1.40958
1.4329
1.45376
1.47328
1.49298
1.5134
1.5338
1.55474
1.57667
1.59995
1.62469
1.64972
1.67554
1.70215
1.72933
1.75687
1.78423
1.81135
1.83799
1.86403
1.88921
1.91337
1.9364
1.95838
1.97955
2.00033
2.02096
2.04179
2.063
2.08474
2.10719
2.13038
2.15429
2.17869
2.20336
2.22789
2.25193
2.27506
2.29699
2.31736
2.3361
2.35314
2.36859
2.38263
2.39535
2.40694
2.41737
2.42647
2.43359
2.43588
2.43592
2.4308
2.41472
2.37469
2.30298
2.21182
2.11433
2.07799
2.09466
2.10853
2.1289
2.1512
2.17394
2.19673
2.21981
2.2426
2.26582
2.28861
2.31153
2.33392
2.35666
2.37924
2.40216
2.42468
2.44756
2.46968
2.49262
2.51339
2.53651
2.55538
2.57803
2.59514
2.61724
2.63259
2.65419
2.66805
2.68854
2.70169
2.72187
2.73423
2.75347
2.765
2.7838
2.79566
2.81399
2.82625
2.84096
1.41144
1.40168
1.40833
1.42447
1.44665
1.46927
1.48987
1.50932
1.52863
1.54823
1.56809
1.58783
1.60826
1.63054
1.65454
1.67964
1.70519
1.73112
1.75717
1.7831
1.8091
1.83472
1.85979
1.88424
1.90796
1.93085
1.95296
1.9743
1.99504
2.01544
2.03588
2.0566
2.0779
2.09985
2.12259
2.14598
2.16993
2.19418
2.2184
2.24229
2.26547
2.28767
2.30866
2.3283
2.34659
2.36357
2.37927
2.39388
2.40733
2.41921
2.42827
2.42946
2.4267
2.41571
2.37893
2.31127
2.22204
2.11755
2.07055
2.08332
2.09534
2.11618
2.13839
2.16102
2.18407
2.20729
2.2311
2.25519
2.27879
2.30238
2.32554
2.34879
2.37122
2.3944
2.41686
2.43996
2.46222
2.48527
2.50687
2.52965
2.55008
2.57294
2.59107
2.61385
2.63045
2.65225
2.66782
2.68855
2.70267
2.72254
2.73589
2.75539
2.76762
2.78609
2.79722
2.81502
2.82664
2.84384
2.85509
2.86948
1.50625
1.45011
1.43848
1.44491
1.4596
1.48054
1.50259
1.52298
1.54229
1.56142
1.58052
1.60015
1.61966
1.63911
1.66018
1.68325
1.70767
1.73287
1.75831
1.78389
1.80906
1.8339
1.85816
1.88176
1.90474
1.92703
1.94867
1.96974
1.99038
2.01073
2.03096
2.05132
2.07207
2.09351
2.11572
2.13857
2.16199
2.18567
2.2095
2.23304
2.25616
2.27847
2.29985
2.32011
2.33922
2.35715
2.37395
2.38944
2.40255
2.40964
2.41008
2.40137
2.3746
2.31223
2.22111
2.11199
2.05542
2.06541
2.07745
2.09906
2.12174
2.14615
2.17019
2.19493
2.22012
2.24513
2.26974
2.2941
2.31776
2.3415
2.36473
2.38784
2.41054
2.4336
2.45583
2.47873
2.50071
2.52361
2.54432
2.56685
2.58657
2.60866
2.62677
2.64845
2.66513
2.68622
2.70166
2.72151
2.73571
2.7548
2.76821
2.78659
2.79821
2.81545
2.82589
2.84277
2.85274
2.86914
2.87886
2.89247
1.75427
1.53318
1.4857
1.47423
1.47966
1.49271
1.51262
1.53389
1.55326
1.57177
1.59033
1.60945
1.62904
1.64922
1.66954
1.68998
1.71205
1.73557
1.75999
1.78474
1.80937
1.83375
1.85774
1.88108
1.90362
1.92521
1.94608
1.96652
1.98661
2.00653
2.02636
2.04636
2.06674
2.0876
2.10908
2.13127
2.15413
2.17746
2.20101
2.22443
2.24748
2.26988
2.29143
2.31199
2.33148
2.34952
2.36571
2.3785
2.37989
2.37679
2.35829
2.29717
2.21524
2.0981
2.03101
2.03342
2.04834
2.07167
2.09594
2.12226
2.15018
2.17773
2.20504
2.23236
2.25877
2.28447
2.30952
2.33412
2.35813
2.38222
2.40546
2.42907
2.45178
2.47462
2.49662
2.5193
2.54111
2.56322
2.58362
2.60567
2.62489
2.64666
2.66447
2.68544
2.70252
2.72273
2.73847
2.75742
2.77188
2.79013
2.80357
2.82045
2.83164
2.84718
2.85691
2.87202
2.88061
2.89492
2.90323
2.914
2.20611
1.78448
1.56848
1.51985
1.50863
1.51431
1.52626
1.54423
1.56515
1.58356
1.60078
1.61854
1.63711
1.65667
1.67689
1.69785
1.71885
1.74035
1.76306
1.78657
1.81046
1.83419
1.85755
1.88052
1.90286
1.92455
1.9454
1.96532
1.98461
2.00378
2.02303
2.0425
2.0622
2.08237
2.10318
2.12473
2.147
2.16987
2.19309
2.2164
2.2394
2.26182
2.28333
2.30361
2.3226
2.33749
2.34505
2.34252
2.3302
2.28869
2.19111
2.07985
2.00081
1.99146
2.00852
2.03253
2.05854
2.08722
2.11762
2.14807
2.17828
2.20802
2.23694
2.26526
2.29265
2.31961
2.3456
2.37132
2.39625
2.42107
2.44495
2.46902
2.49154
2.51442
2.53625
2.5593
2.58036
2.60239
2.62253
2.64424
2.66356
2.68453
2.70274
2.72315
2.74094
2.76047
2.77677
2.79521
2.81032
2.82776
2.84178
2.857
2.86884
2.8822
2.89241
2.90517
2.91317
2.9249
2.9327
2.94008
2.66131
2.22214
1.81331
1.60419
1.55677
1.54582
1.55054
1.56059
1.57663
1.59673
1.61505
1.63156
1.64817
1.6661
1.6853
1.70555
1.72657
1.74789
1.76915
1.79086
1.81334
1.83618
1.859
1.88145
1.90339
1.9248
1.94546
1.96544
1.98468
2.00334
2.02177
2.04039
2.05942
2.07895
2.09902
2.11979
2.14122
2.16334
2.1859
2.20873
2.23134
2.25359
2.27432
2.29227
2.30464
2.30545
2.29475
2.26579
2.18497
2.05707
1.96083
1.94159
1.96281
1.98834
2.01306
2.04293
2.07479
2.10747
2.14011
2.17237
2.20393
2.2346
2.26423
2.2931
2.32118
2.34885
2.376
2.40286
2.42913
2.45552
2.48062
2.50557
2.52861
2.55204
2.57447
2.59714
2.61822
2.63999
2.66035
2.68174
2.70118
2.72156
2.74027
2.76023
2.77843
2.79746
2.81424
2.8323
2.84808
2.86464
2.87927
2.89298
2.90596
2.91707
2.92905
2.93865
2.94779
2.95712
2.9649
2.97034
2.85236
2.67638
2.25445
1.84425
1.64222
1.59399
1.58319
1.58602
1.59412
1.60841
1.62766
1.64612
1.6633
1.67985
1.6973
1.71608
1.73587
1.75622
1.77692
1.79788
1.81899
1.84049
1.8622
1.88384
1.90504
1.92564
1.94573
1.96532
1.98436
2.00296
2.02124
2.03945
2.05777
2.07654
2.09593
2.11589
2.13654
2.15766
2.17938
2.20112
2.22271
2.24208
2.25903
2.26072
2.25688
2.23599
2.16532
2.05128
1.92754
1.88798
1.90924
1.93522
1.96386
1.99569
2.02772
2.06051
2.09383
2.12794
2.16178
2.19507
2.22738
2.25829
2.28803
2.3173
2.34545
2.37407
2.40174
2.42981
2.45711
2.4847
2.51099
2.53727
2.56182
2.58701
2.60992
2.63288
2.65406
2.676
2.69678
2.71785
2.73762
2.75772
2.7769
2.7967
2.81507
2.83357
2.85062
2.86785
2.88373
2.89945
2.91398
2.92678
2.94016
2.95023
2.9628
2.97032
2.98063
2.98819
2.99627
3.00084
2.94514
2.88124
2.68897
2.33703
1.87451
1.67083
1.62606
1.61643
1.61787
1.62545
1.63861
1.65652
1.67444
1.69145
1.70827
1.72559
1.74413
1.7636
1.78342
1.80341
1.8236
1.84406
1.86481
1.88561
1.90623
1.92647
1.94612
1.9652
1.98385
2.00215
2.02014
2.03803
2.05603
2.07437
2.09297
2.11227
2.13186
2.15227
2.17206
2.19212
2.20781
2.21478
2.21265
2.19283
2.14744
2.028
1.8994
1.83866
1.85709
1.88095
1.90948
1.94353
1.97792
2.01198
2.04587
2.08002
2.11425
2.14885
2.18272
2.21612
2.24809
2.27931
2.30932
2.33912
2.36806
2.39732
2.42548
2.45437
2.48171
2.51005
2.53665
2.56358
2.58903
2.61528
2.63947
2.66405
2.68673
2.70972
2.7312
2.75239
2.77262
2.79287
2.81243
2.8321
2.85028
2.86835
2.88521
2.90178
2.91755
2.93253
2.94704
2.95886
2.9725
2.98203
2.99349
3.00089
3.01099
3.01705
3.0252
3.02966
2.98326
2.9572
2.8935
2.71787
2.36672
1.91979
1.70565
1.65622
1.64585
1.64572
1.65302
1.66521
1.68179
1.69894
1.71563
1.73257
1.75024
1.7689
1.78844
1.80818
1.82763
1.84725
1.86724
1.88743
1.90758
1.92743
1.94678
1.96557
1.98382
2.0016
2.01915
2.03667
2.05413
2.07197
2.08996
2.10846
2.12664
2.145
2.15967
2.1679
2.16624
2.15192
2.10848
2.01908
1.86374
1.78546
1.80109
1.82618
1.85564
1.89144
1.92716
1.96176
1.99648
2.03117
2.06604
2.10068
2.13537
2.16976
2.20323
2.23605
2.26745
2.29862
2.32868
2.35908
2.38844
2.41828
2.4471
2.47648
2.5041
2.53259
2.55902
2.58627
2.61206
2.63876
2.66335
2.68887
2.71277
2.73711
2.75996
2.78258
2.80407
2.82564
2.84567
2.86584
2.88391
2.90207
2.91893
2.93551
2.95103
2.96591
2.98002
2.99168
3.00482
3.01378
3.02469
3.03172
3.0409
3.04588
3.05373
3.05743
2.99764
2.98543
2.96167
2.90685
2.74495
2.41481
1.98281
1.74902
1.68744
1.67377
1.67143
1.67818
1.68966
1.70542
1.72159
1.73817
1.7554
1.77358
1.79272
1.81235
1.83227
1.85172
1.87087
1.89027
1.9098
1.92918
1.94821
1.96673
1.98473
2.00221
2.01931
2.03607
2.05296
2.06934
2.08623
2.10207
2.11625
2.12308
2.12231
2.10871
2.06733
1.99501
1.84162
1.73635
1.74238
1.77208
1.80198
1.83753
1.87585
1.91281
1.94867
1.98345
2.01814
2.05281
2.08758
2.12224
2.15657
2.19015
2.22278
2.25472
2.28559
2.3166
2.34665
2.37733
2.40679
2.43742
2.46618
2.496
2.52388
2.55253
2.5792
2.60689
2.63256
2.65891
2.68396
2.70989
2.73473
2.75977
2.78356
2.8072
2.82952
2.85218
2.87289
2.89399
2.91306
2.93229
2.95006
2.96765
2.98337
2.99869
3.01298
3.0246
3.03773
3.04663
3.05696
3.06394
3.07219
3.07635
3.08342
3.08562
2.99786
2.99793
2.98802
2.97095
2.9159
2.77872
2.47284
2.05589
1.79783
1.71997
1.70319
1.69863
1.70545
1.7156
1.72998
1.74528
1.76155
1.77896
1.7975
1.81701
1.83694
1.85687
1.87649
1.89551
1.91421
1.93274
1.95105
1.96919
1.9868
2.00398
2.02054
2.03652
2.05147
2.0657
2.07671
2.08284
2.07971
2.06631
2.03437
1.96162
1.83386
1.69707
1.67901
1.71239
1.74652
1.78722
1.82586
1.86307
1.90057
1.93659
1.97184
2.00676
2.04112
2.07539
2.10944
2.14329
2.17643
2.20892
2.24051
2.27167
2.30223
2.33288
2.36292
2.39353
2.42327
2.4537
2.4826
2.51228
2.54023
2.56919
2.59632
2.62451
2.65081
2.67784
2.70339
2.72921
2.75406
2.77926
2.80334
2.82794
2.85092
2.87422
2.89598
2.91725
2.93766
2.95735
2.97594
2.99433
3.0109
3.02668
3.04194
3.05415
3.0675
3.07701
3.08758
3.09455
3.10279
3.10679
3.11368
3.11515
2.99961
2.99843
2.99801
2.98965
2.97718
2.9265
2.808
2.53812
2.1488
1.85591
1.7583
1.73563
1.7305
1.73786
1.7466
1.75813
1.77109
1.78626
1.80349
1.82232
1.84205
1.86196
1.88148
1.90067
1.9194
1.93787
1.95577
1.97307
1.98977
2.00555
2.02022
2.03274
2.04297
2.04566
2.04363
2.0277
1.98991
1.93193
1.81271
1.67479
1.6209
1.65534
1.69072
1.73288
1.77473
1.81435
1.85402
1.89128
1.92667
1.96112
1.99522
2.02923
2.06312
2.09672
2.12977
2.16231
2.19411
2.22555
2.25638
2.28705
2.31722
2.34775
2.37771
2.40835
2.43805
2.46832
2.4972
2.52695
2.55506
2.58415
2.61155
2.63981
2.6665
2.69373
2.71948
2.74577
2.77074
2.79646
2.82098
2.84597
2.86948
2.89284
2.91544
2.93711
2.9584
2.97896
2.99834
3.01715
3.03514
3.05068
3.06705
3.07982
3.09337
3.10365
3.11488
3.12181
3.13079
3.13522
3.14285
3.14393
2.99984
2.99955
2.9989
2.99583
2.99228
2.97716
2.93642
2.84606
2.61659
2.26256
1.92093
1.80015
1.77054
1.76754
1.77151
1.77615
1.7844
1.79588
1.8111
1.82878
1.84764
1.8669
1.88594
1.90458
1.92283
1.94062
1.95799
1.97421
1.98909
2.00153
2.00988
2.0116
2.0054
1.9877
1.95757
1.89201
1.79657
1.64416
1.56506
1.60114
1.63861
1.67723
1.72216
1.76336
1.80487
1.84421
1.88115
1.91675
1.95144
1.98543
2.01863
2.05135
2.08387
2.1162
2.14825
2.17971
2.21077
2.24142
2.27167
2.30186
2.33195
2.3623
2.39237
2.42288
2.45248
2.48261
2.51147
2.54115
2.56929
2.59835
2.6258
2.65408
2.6808
2.70815
2.73422
2.76086
2.78621
2.81192
2.8363
2.86114
2.88518
2.90882
2.93202
2.95434
2.97601
2.99708
3.01703
3.03584
3.05454
3.07025
3.08714
3.10026
3.11457
3.12512
3.13716
3.14459
3.15423
3.15902
3.16675
3.16807
2.99997
2.9998
2.99979
2.99894
2.99714
2.99258
2.97777
2.95011
2.86987
2.70974
2.35245
2.01341
1.85232
1.81439
1.80313
1.79811
1.80104
1.80753
1.81946
1.83591
1.85333
1.87118
1.88935
1.90728
1.9247
1.94129
1.95671
1.9692
1.97683
1.9764
1.97065
1.95184
1.9117
1.85523
1.76391
1.62466
1.52111
1.54776
1.58296
1.62285
1.67024
1.71343
1.75623
1.79664
1.83449
1.87058
1.90599
1.94025
1.97379
2.00648
2.03883
2.07093
2.10279
2.13432
2.16544
2.19623
2.22668
2.25687
2.28683
2.31691
2.3469
2.37721
2.4072
2.43742
2.46684
2.49668
2.52541
2.55479
2.58276
2.61146
2.63879
2.66682
2.69356
2.72091
2.74702
2.77379
2.79922
2.82512
2.85
2.87464
2.89902
2.92244
2.94578
2.96826
2.99005
3.01133
3.03182
3.05065
3.06992
3.08596
3.10316
3.11678
3.1317
3.14271
3.15585
3.16371
3.17441
3.18002
3.18919
3.19096
2.99998
2.99996
2.99984
2.9997
2.99898
2.99794
2.99347
2.98585
2.95535
2.90809
2.75976
2.49452
2.11651
1.90408
1.84426
1.8254
1.81917
1.82249
1.8306
1.8436
1.85869
1.87422
1.89019
1.90601
1.92123
1.93291
1.93974
1.9387
1.92987
1.90921
1.87508
1.81059
1.72196
1.5982
1.49065
1.49905
1.5335
1.57191
1.61985
1.66516
1.70834
1.74926
1.78771
1.8244
1.85977
1.89455
1.92844
1.96159
1.99384
2.02556
2.057
2.08841
2.11976
2.1509
2.18169
2.2122
2.24238
2.27236
2.30219
2.33209
2.36188
2.39183
2.42136
2.45108
2.4801
2.50957
2.53801
2.56708
2.59477
2.62332
2.65044
2.67831
2.7049
2.732
2.75811
2.78453
2.81021
2.83586
2.86103
2.88569
2.91004
2.93373
2.95692
2.97961
3.00149
3.02244
3.0431
3.06153
3.0809
3.09708
3.11473
3.12879
3.14469
3.15601
3.16995
3.17843
3.18978
3.19611
3.20572
3.20825
3
2.99999
2.99995
2.9999
2.99962
2.99932
2.99759
2.99557
2.98544
2.97143
2.9165
2.82741
2.54738
2.26677
1.97748
1.87841
1.84753
1.84236
1.84795
1.85415
1.86438
1.87577
1.88761
1.89555
1.89971
1.89492
1.88219
1.85947
1.82081
1.75919
1.67442
1.56659
1.46189
1.4543
1.48786
1.52653
1.57443
1.62085
1.66409
1.70403
1.74187
1.77817
1.81347
1.84847
1.88285
1.9162
1.94856
1.98014
2.01133
2.0425
2.07374
2.10496
2.13601
2.16676
2.1972
2.22726
2.25697
2.28655
2.31602
2.34555
2.37494
2.40447
2.43362
2.46303
2.49182
2.52104
2.54922
2.578
2.60549
2.63369
2.66055
2.68804
2.71447
2.74135
2.76744
2.79378
2.81941
2.84505
2.87009
2.89466
2.91887
2.94231
2.96542
2.98772
3.00952
3.02997
3.05063
3.06885
3.08837
3.10455
3.12257
3.13663
3.15296
3.16442
3.17893
3.18775
3.19975
3.207
3.21722
3.22074
3
3
2.99999
2.99997
2.99988
2.99978
2.99923
2.99864
2.99542
2.99157
2.97412
2.94695
2.86589
2.69564
2.37221
2.05124
1.91471
1.87877
1.87363
1.87246
1.87294
1.87312
1.86878
1.85322
1.83276
1.80172
1.75291
1.68595
1.60978
1.51427
1.42244
1.41579
1.44807
1.48574
1.53324
1.57832
1.62022
1.65995
1.69754
1.73324
1.76786
1.80195
1.83568
1.86888
1.90147
1.93342
1.96484
1.99593
2.02694
2.05795
2.08899
2.11997
2.15069
2.18106
2.21103
2.24067
2.27009
2.29942
2.32863
2.35788
2.38696
2.41613
2.4449
2.47387
2.50216
2.53085
2.55853
2.58685
2.61391
2.64176
2.66838
2.6957
2.72198
2.74865
2.77452
2.80057
2.82596
2.85129
2.87607
2.90042
2.92442
2.94767
2.97063
2.99268
3.01445
3.03468
3.05547
3.07362
3.09337
3.10952
3.1279
3.14195
3.15869
3.17027
3.1852
3.19439
3.20672
3.21478
3.22523
3.22931
3.00001
3.00001
3
3
2.99997
2.99994
2.99978
2.9996
2.99867
2.99751
2.99202
2.98469
2.95418
2.90595
2.75828
2.51273
2.15874
1.96419
1.91599
1.89076
1.874
1.84567
1.80412
1.74761
1.68183
1.60543
1.52811
1.43803
1.37171
1.37267
1.40353
1.4409
1.49046
1.53687
1.57865
1.61791
1.65473
1.68926
1.72225
1.75468
1.78712
1.81948
1.85167
1.88362
1.91529
1.94672
1.97798
2.00916
2.04025
2.07118
2.10186
2.13219
2.16215
2.19178
2.22114
2.25033
2.27939
2.30841
2.33734
2.36629
2.39506
2.42389
2.45232
2.48096
2.50893
2.53733
2.56476
2.59285
2.61975
2.64744
2.67396
2.70114
2.72731
2.75386
2.77962
2.80555
2.83084
2.85605
2.88075
2.90496
2.92895
2.95207
2.97506
2.99694
3.01874
3.03886
3.05963
3.07771
3.0975
3.11349
3.132
3.14591
3.16272
3.17431
3.18931
3.19877
3.21111
3.21987
3.23041
3.2349
3.00001
3.00001
3.00001
3
3
2.99998
2.99996
2.99986
2.99971
2.99911
2.99817
2.99486
2.98836
2.96984
2.92714
2.82845
2.61202
2.29521
2.01936
1.91102
1.84351
1.74996
1.63537
1.51935
1.42532
1.34953
1.31789
1.33486
1.36276
1.4004
1.44984
1.49356
1.53502
1.57428
1.61106
1.64585
1.6791
1.71108
1.74211
1.77252
1.80279
1.83313
1.86366
1.89436
1.9252
1.95614
1.98711
2.01806
2.04887
2.0794
2.10959
2.13941
2.16888
2.19809
2.22713
2.25606
2.28492
2.31378
2.34255
2.37134
2.39994
2.42859
2.45686
2.48534
2.51318
2.54148
2.56882
2.59683
2.62368
2.65132
2.67782
2.70496
2.73112
2.75762
2.78338
2.80928
2.83457
2.85972
2.88444
2.90853
2.93255
2.95553
2.97857
3.0003
3.02208
3.04211
3.06278
3.0808
3.10053
3.11637
3.13487
3.1486
3.16535
3.17685
3.19184
3.20142
3.21381
3.22296
3.23355
3.23841
3.00001
3.00001
3.00001
3.00001
3
3
2.99998
2.99996
2.99987
2.99974
2.99919
2.99842
2.99539
2.99019
2.9736
2.93923
2.84893
2.66806
2.32676
2.02576
1.72829
1.52954
1.36933
1.26446
1.23373
1.24784
1.27429
1.3185
1.36926
1.41618
1.46293
1.50695
1.54714
1.58426
1.61931
1.65299
1.68577
1.71791
1.74957
1.78097
1.8123
1.84369
1.87512
1.90654
1.93793
1.96929
2.00063
2.03192
2.06311
2.09411
2.12484
2.15525
2.18535
2.21517
2.24479
2.27428
2.3037
2.33307
2.36234
2.39158
2.42061
2.44965
2.4783
2.5071
2.53528
2.56383
2.59145
2.61966
2.64671
2.67446
2.70107
2.72821
2.75444
2.78093
2.80675
2.83264
2.85792
2.88301
2.90764
2.93163
2.95548
2.97837
3.00111
3.02274
3.04422
3.06411
3.08445
3.10228
3.12143
3.13709
3.15481
3.1683
3.1843
3.19553
3.20992
3.2191
3.23126
3.23933
3.25008
3.25338
)
;

boundaryField
{
    inlet
    {
        type            calculated;
        value           uniform 3.00001;
    }
    outlet
    {
        type            calculated;
        value           nonuniform List<scalar> 
40
(
1.76383
1.88437
2.00563
2.10566
2.18269
2.25244
2.31101
2.36533
2.4101
2.44322
2.45803
2.49074
2.52903
2.57321
2.61681
2.65798
2.6977
2.73616
2.77313
2.8082
2.84096
2.86948
2.89247
2.914
2.94008
2.97034
3.00084
3.02966
3.05743
3.08562
3.11515
3.14393
3.16807
3.19096
3.20825
3.22074
3.22931
3.2349
3.23841
3.25338
)
;
    }
    bottom
    {
        type            symmetryPlane;
    }
    top
    {
        type            symmetryPlane;
    }
    obstacle
    {
        type            calculated;
        value           uniform 0;
    }
    defaultFaces
    {
        type            empty;
    }
}


// ************************************************************************* //
