/*--------------------------------*- C++ -*----------------------------------*\
  =========                 |
  \\      /  F ield         | OpenFOAM: The Open Source CFD Toolbox
   \\    /   O peration     | Website:  https://openfoam.org
    \\  /    A nd           | Version:  6
     \\/     M anipulation  |
\*---------------------------------------------------------------------------*/
FoamFile
{
    version     2.0;
    format      ascii;
    class       volScalarField;
    location    "1";
    object      p;
}
// * * * * * * * * * * * * * * * * * * * * * * * * * * * * * * * * * * * * * //

dimensions      [1 -1 -2 0 0 0 0];

internalField   nonuniform List<scalar> 
5250
(
1.00001
1.00006
1.00016
1.00044
1.00096
1.00253
1.00534
1.01479
1.02987
1.09198
1.17463
1.61485
2.40006
5.6069
13.7596
14.2035
13.0592
12.0817
11.8979
12.078
12.466
12.7593
12.9314
13.0386
13.0925
1.00001
1.00006
1.00016
1.00043
1.00095
1.0025
1.00527
1.0146
1.02949
1.09073
1.17203
1.60668
2.376
5.5442
13.6283
14.1972
13.0474
12.0655
11.8887
12.074
12.4677
12.7549
12.9224
13.0312
13.0917
1.00001
1.00006
1.00016
1.00042
1.00093
1.00244
1.00514
1.01419
1.0287
1.08804
1.16672
1.58831
2.32442
5.39686
13.3039
14.2069
13.0462
12.0346
11.859
12.0493
12.4463
12.7209
12.8803
12.9902
13.0579
1.00001
1.00006
1.00015
1.00041
1.00089
1.00235
1.00494
1.01357
1.02751
1.08382
1.1588
1.55845
2.24985
5.14886
12.7353
14.2618
13.0759
11.9974
11.8054
11.997
12.392
12.6473
12.7947
12.9032
12.9751
1.00001
1.00006
1.00015
1.00039
1.00085
1.00223
1.00468
1.01278
1.02595
1.0783
1.14842
1.518
2.15354
4.80532
11.9049
14.3962
13.1574
11.9573
11.728
11.9156
12.2995
12.5337
12.6678
12.7691
12.8369
1.00001
1.00005
1.00014
1.00037
1.00081
1.00209
1.00439
1.01188
1.02411
1.07181
1.13606
1.46876
2.0344
4.38102
10.7816
14.6225
13.2979
11.9104
11.6235
11.8019
12.1663
12.3734
12.4892
12.5819
12.6463
1.00001
1.00005
1.00013
1.00035
1.00076
1.00196
1.00412
1.01097
1.02225
1.06502
1.12304
1.41544
1.90183
3.90466
9.36989
14.9005
13.46
11.8402
11.4851
11.647
11.9783
12.1506
12.2404
12.3155
12.3716
1.00001
1.00005
1.00013
1.00033
1.00072
1.00185
1.00388
1.01023
1.02077
1.0593
1.11219
1.36686
1.77612
3.43809
7.82953
14.9639
13.4691
11.7127
11.3067
11.4448
11.7273
11.8498
11.8989
11.9385
11.973
1.00001
1.00005
1.00012
1.00031
1.00068
1.00175
1.00366
1.0096
1.01951
1.05504
1.1047
1.33455
1.69966
3.15653
6.88671
14.7352
13.3279
11.5395
11.0907
11.1933
11.4003
11.4517
11.4332
11.3839
11.3358
1.00001
1.00004
1.00011
1.00029
1.00064
1.00163
1.00343
1.00896
1.01824
1.05109
1.09722
1.3089
1.63322
2.96822
6.28605
13.9662
12.9085
11.2739
10.8233
10.8826
10.9849
10.9499
10.8155
10.5467
10.17
1.00001
1.00004
1.0001
1.00027
1.00059
1.00151
1.00318
1.0083
1.01692
1.04716
1.08985
1.28505
1.57026
2.82554
5.71561
13.0285
12.3319
10.9863
10.527
10.5251
10.5007
10.3574
9.9894
9.2364
7.47833
1.00001
1.00004
1.00009
1.00025
1.00054
1.00138
1.00291
1.00758
1.01546
1.04296
1.08192
1.26009
1.50785
2.67653
5.17444
12.0349
11.6757
10.7793
10.2613
10.1448
10.0116
9.71922
9.1316
8.17054
6.43637
1.00001
1.00003
1.00008
1.00022
1.00048
1.00123
1.0026
1.00678
1.01385
1.03836
1.07367
1.2323
1.44634
2.50545
4.64946
10.9573
11.0164
10.5957
10.012
9.76882
9.54807
9.14835
8.48682
7.55624
6.27576
1.00001
1.00003
1.00007
1.00019
1.00042
1.00107
1.00225
1.00588
1.01203
1.03324
1.06384
1.20259
1.3772
2.31643
4.09144
9.6697
10.627
10.3476
9.77958
9.42868
9.13242
8.70301
8.07673
7.26037
6.2852
1
1.00002
1.00006
1.00016
1.00035
1.0009
1.00189
1.00491
1.01002
1.02783
1.05203
1.1724
1.30272
2.11581
3.51303
8.21486
10.3659
10.1446
9.60449
9.13848
8.78453
8.36193
7.79997
7.10536
6.30675
1
1.00002
1.00005
1.00013
1.00029
1.00073
1.00154
1.004
1.0082
1.02243
1.04396
1.13423
1.24795
1.85503
2.92044
6.52267
10.1866
10.0025
9.47783
8.90181
8.49888
8.0922
7.59179
6.99735
6.33166
1
1.00002
1.00004
1.0001
1.00023
1.00058
1.00122
1.00316
1.00648
1.01751
1.03482
1.10112
1.19682
1.61725
2.37916
4.89116
9.72002
9.70075
9.34954
8.71335
8.2649
7.86909
7.42122
6.90303
6.33074
1
1.00001
1.00003
1.00008
1.00018
1.00045
1.00094
1.00243
1.00499
1.01343
1.02666
1.07798
1.14545
1.47829
2.03275
4.06158
8.53373
9.25824
9.06753
8.59466
8.08971
7.68761
7.28017
6.82432
6.32683
1
1.00001
1.00002
1.00006
1.00013
1.00033
1.0007
1.0018
1.0037
1.00994
1.0195
1.0582
1.10271
1.36446
1.70392
3.28717
6.65208
8.89689
8.81277
8.49882
7.97434
7.55533
7.1698
6.76089
6.31926
1
1.00001
1.00002
1.00004
1.0001
1.00024
1.00051
1.0013
1.00268
1.00709
1.01423
1.03961
1.07796
1.23079
1.48169
2.40724
4.35794
8.40709
8.63473
8.43297
7.97434
7.4973
7.09983
6.71578
6.3146
1
1
1.00001
1.00003
1.00007
1.00017
1.00035
1.00089
1.00184
1.00484
1.00958
1.02741
1.04908
1.16925
1.28632
2.05932
3.29633
7.11276
8.36608
8.26907
7.96229
7.48311
7.05505
6.68015
6.31175
1
1
1.00001
1.00002
1.00005
1.00012
1.00024
1.00062
1.00128
1.00335
1.00675
1.01858
1.03575
1.10973
1.19874
1.67797
2.45551
4.94989
7.8888
8.04814
7.8951
7.51261
7.05528
6.66891
6.31344
1
1
1.00001
1.00001
1.00003
1.00008
1.00016
1.00041
1.00086
1.00223
1.0045
1.01222
1.02376
1.07024
1.13052
1.42097
1.8867
3.50236
6.76096
7.8091
7.74646
7.50863
7.07044
6.67633
6.32219
1
1
1
1.00001
1.00002
1.00005
1.0001
1.00026
1.00055
1.00142
1.00287
1.00771
1.01495
1.044
1.07852
1.26646
1.50115
2.58568
4.67851
7.2754
7.55551
7.44261
7.13442
6.71138
6.3463
1
1
1
1.00001
1.00001
1.00003
1.00006
1.00016
1.00033
1.00084
1.0017
1.00454
1.00864
1.0261
1.04383
1.16279
1.26285
1.98078
3.02745
6.10092
7.28673
7.26894
7.12559
6.79749
6.39989
1
1
1
1
1.00001
1.00002
1.00004
1.00009
1.00022
1.00045
1.00118
1.00236
1.0064
1.01233
1.03618
1.06571
1.21353
1.41122
2.22927
3.75895
6.61505
7.11111
7.05481
6.85801
6.477
1
1
1
1
1
1.00001
1.00002
1.00005
1.00013
1.00026
1.00066
1.00131
1.00355
1.00643
1.0206
1.03125
1.13125
1.18859
1.79811
2.54687
5.07993
6.69688
6.88134
6.79923
6.5752
1
1
1
1
1
1.00001
1.00001
1.00003
1.00008
1.00016
1.00041
1.00083
1.00221
1.00433
1.01208
1.02277
1.06865
1.1279
1.39893
1.81783
3.15823
5.64687
6.58724
6.63274
6.547
1
1
1
1
1
1
1.00001
1.00002
1.00004
1.00009
1.00022
1.00045
1.00119
1.00234
1.00639
1.01205
1.03555
1.06366
1.20247
1.39259
2.11734
3.47374
5.87367
6.45632
6.44796
1
1
1
1
1
1
1
1.00001
1.00002
1.00005
1.0001
1.00027
1.00053
1.00142
1.00275
1.00775
1.01422
1.04411
1.07719
1.25675
1.48816
2.4086
4.1274
5.91827
6.29353
1
1
1
1
1
1
1
1
1.00001
1.00002
1.00006
1.00012
1.00031
1.00061
1.00167
1.00319
1.00925
1.0167
1.05329
1.09268
1.30984
1.58896
2.64246
4.57509
5.8263
1
1
1
1
1
1
1
1
1
1.00001
1.00002
1.00004
1.00012
1.00021
1.00066
1.00111
1.0039
1.00623
1.02372
1.03528
1.14843
1.22167
1.82635
2.55752
4.7159
1
1
1
1
1
1
1
1
1
1
1.00001
1.00002
1.00006
1.00013
1.00035
1.00068
1.00197
1.00363
1.01124
1.0193
1.06549
1.1088
1.372
1.68278
2.78729
1
1
1
1
1
1
1
1
1
1
1
1.00001
1.00002
1.00003
1.00011
1.00016
1.00075
1.00111
1.0046
1.00728
1.02693
1.0419
1.15792
1.25579
1.82785
1
1
1
1
1
1
1
1
1
1
1
1
1.00001
1.00002
1.00006
1.00012
1.00035
1.00065
1.00198
1.00343
1.01146
1.0178
1.06746
1.10062
1.37485
1
1
1
1
1
1
1
1
1
1
1
1
1
1.00001
1.00001
1.00005
1.00009
1.00029
1.0005
1.0017
1.00247
1.01041
1.01289
1.06586
1.08584
1
1
1
1
1
1
1
1
1
1
1
1
1
1
1.00001
1.00001
1.00004
1.00005
1.00025
1.00033
1.00147
1.00177
1.00956
1.01058
1.06201
1
1
1
1
1
1
1
1
1
1
1
1
1
1
1
1.00001
1.00002
1.00003
1.00009
1.00016
1.00054
1.00083
1.0032
1.0054
1.01994
1
1
1
1
1
1
1
1
1
1
1
1
1
1
1
1
1
1.00001
1.00001
1.00006
1.00007
1.0004
1.00077
1.00198
1.0035
1
1
1
1
1
1
1
1
1
1
1
1
1
1
1
1
1
1
1.00001
1.00001
1.00005
1.00005
1.00033
1.00055
1.00171
1
1
1
1
1
1
1
1
1
1
1
1
1
1
1
1
1
1
1
1.00001
1.00001
1.00003
1.00004
1.00025
1.00044
1
1
1
1
1
1
1
1
1
1
1
1
1
1
1
1
1
1
1
1
1.00001
1.00001
1.00003
1.00005
1.0002
1
1
1
1
1
1
1
1
1
1
1
1
1
1
1
1
1
1
1
1
1
1
1.00001
1.00003
1.00004
1
1
1
1
1
1
1
1
1
1
1
1
1
1
1
1
1
1
1
1
1
1
1
1
1.00002
1
1
1
1
1
1
1
1
1
1
1
1
1
1
1
1
1
1
1
1
1
1
1
1
1.00001
1
1
1
1
1
1
1
1
1
1
1
1
1
1
1
1
1
1
1
1
1
1
1
1
1
1
1
1
1
1
1
1
1
1
1
1
1
1
1
1
1
1
1
1
1
1
1
1
1
1
1
1
1
1
1
1
1
1
1
1
1
1
1
1
1
1
1
1
1
1
1
1
1
1
1
1
1
1
1
1
1
1
1
1
1
1
1
1
1
1
1
1
1
1
1
1
1
1
1
1
1
1
1
1
1
1
1
1
1
1
1
1
1
1
1
1
1
1
1
1
1
1
1
1
1
3.63027
1.94151
1.22561
0.885986
0.713682
0.636631
0.639711
0.659778
0.71314
0.838467
1.00162
1.10625
1.14556
1.14518
1.14183
1.1341
1.12912
1.12951
1.13117
1.13503
1.14097
1.14545
1.1478
1.14803
1.14782
1.14716
1.14572
1.14324
1.14018
1.13675
1.13303
1.12892
1.12455
1.11995
1.11495
1.1095
1.1036
1.09724
1.09041
1.08312
1.07537
1.06723
1.05875
1.04989
1.04076
1.03157
1.02223
1.01278
1.00335
0.993972
0.984713
0.975623
0.966741
0.958102
0.949727
0.941629
0.933831
0.92636
0.919227
0.91243
0.905977
0.899885
0.894168
0.888821
0.883822
0.879145
0.874766
0.870659
0.866801
0.863161
0.859724
0.856483
0.853423
0.850562
0.847932
0.845486
0.843359
0.841524
0.840031
0.838884
0.838371
0.838331
0.838384
0.838608
0.839201
0.84054
0.842404
0.844931
0.847677
0.850136
0.852848
0.856102
0.859809
0.862592
0.865259
0.869973
0.872252
0.877854
0.881583
0.891988
4.08256
2.53725
1.72686
1.31565
1.12147
1.04971
1.04645
1.0459
1.0405
1.01993
1.02014
1.02617
1.04186
1.07341
1.10518
1.1301
1.14626
1.15299
1.15298
1.15248
1.15125
1.14965
1.14879
1.14822
1.1476
1.14675
1.14556
1.14369
1.14105
1.13782
1.13408
1.12991
1.12542
1.1206
1.11545
1.10987
1.10382
1.09735
1.09048
1.08315
1.07539
1.06726
1.05876
1.04992
1.0409
1.03165
1.02219
1.0128
1.00342
0.993983
0.984697
0.975596
0.966701
0.958051
0.949679
0.941579
0.933763
0.926284
0.919157
0.912357
0.905882
0.89978
0.894063
0.888703
0.88369
0.878998
0.874603
0.870478
0.866604
0.862956
0.859508
0.856264
0.853205
0.85034
0.847714
0.845282
0.843147
0.841297
0.839878
0.838772
0.83827
0.838249
0.838304
0.83851
0.839143
0.840492
0.842453
0.844878
0.847578
0.85001
0.852819
0.85646
0.859615
0.862617
0.865643
0.86954
0.873095
0.877334
0.881335
0.890126
4.79725
3.59127
2.74163
2.1785
1.79417
1.51841
1.32061
1.17717
1.08035
1.00827
0.967585
0.968219
0.974642
0.992623
1.02871
1.06884
1.10021
1.12241
1.13573
1.14165
1.14365
1.14384
1.14367
1.14315
1.14212
1.141
1.1395
1.1376
1.13539
1.13284
1.12985
1.12629
1.12222
1.1178
1.11287
1.10743
1.1015
1.09513
1.08834
1.08111
1.07345
1.06545
1.05711
1.04839
1.03942
1.03032
1.02104
1.01166
1.00228
0.992913
0.983669
0.974629
0.96579
0.957171
0.948849
0.940817
0.933036
0.925565
0.918487
0.91177
0.905305
0.899144
0.893472
0.888187
0.883152
0.878436
0.874028
0.869892
0.866008
0.862358
0.858903
0.855656
0.852602
0.849741
0.847113
0.8447
0.842612
0.840708
0.839355
0.838279
0.837902
0.837822
0.83789
0.838124
0.83874
0.840116
0.842173
0.844621
0.847195
0.849912
0.852847
0.856059
0.859301
0.862823
0.865681
0.86929
0.872855
0.877266
0.880914
0.888461
5.20481
4.21067
3.39591
2.76404
2.28347
1.91952
1.64804
1.4492
1.30026
1.20064
1.13435
1.09348
1.06855
1.05992
1.0614
1.06656
1.07825
1.09674
1.11442
1.12968
1.14271
1.15209
1.15588
1.15567
1.15475
1.15257
1.14838
1.14413
1.14057
1.13709
1.13323
1.12912
1.12489
1.12024
1.11514
1.10958
1.10355
1.09707
1.0902
1.08295
1.07522
1.06703
1.05865
1.05002
1.04097
1.03178
1.02239
1.01292
1.00356
0.99416
0.984754
0.975662
0.966794
0.958141
0.949756
0.94165
0.933842
0.926364
0.91921
0.912394
0.905989
0.899893
0.893971
0.888531
0.883637
0.878887
0.874377
0.870176
0.866244
0.862552
0.859061
0.855782
0.852688
0.849816
0.847156
0.84476
0.842693
0.840757
0.839397
0.838405
0.838002
0.837998
0.838047
0.838286
0.838922
0.840349
0.842361
0.844868
0.84736
0.85025
0.853159
0.856425
0.859607
0.863001
0.866118
0.86992
0.872784
0.877678
0.880835
0.887891
5.44675
4.61517
3.87678
3.25636
2.75229
2.35195
2.03614
1.79054
1.59745
1.44728
1.32938
1.2379
1.16909
1.11905
1.08599
1.06426
1.06284
1.06502
1.07125
1.08425
1.09825
1.11079
1.1215
1.13006
1.13452
1.13688
1.13669
1.13592
1.13422
1.13083
1.12687
1.12243
1.11766
1.11274
1.10764
1.10232
1.0967
1.09076
1.08446
1.07774
1.07045
1.06273
1.05462
1.04617
1.03737
1.02836
1.01929
1.01001
1.00057
0.991326
0.982239
0.973287
0.964522
0.955988
0.947711
0.93972
0.932026
0.924636
0.917562
0.910836
0.904469
0.898416
0.892651
0.8872
0.882176
0.877536
0.873058
0.868856
0.864924
0.861234
0.857738
0.854478
0.851365
0.848482
0.845898
0.843453
0.841441
0.83961
0.838192
0.837248
0.83695
0.836935
0.837019
0.837298
0.838016
0.839615
0.841629
0.844109
0.846847
0.849891
0.852692
0.856263
0.859345
0.863101
0.866114
0.870306
0.872877
0.878066
0.880945
0.887656
5.61725
4.90691
4.24918
3.66966
3.17279
2.75721
2.41412
2.13329
1.90399
1.71689
1.56453
1.44082
1.34058
1.26036
1.19833
1.15139
1.11859
1.09754
1.08485
1.08494
1.08653
1.09045
1.09875
1.10877
1.11809
1.12788
1.13371
1.13734
1.13716
1.13624
1.13391
1.12914
1.1235
1.1176
1.11134
1.10509
1.09891
1.09267
1.08625
1.07953
1.07242
1.06489
1.05691
1.04849
1.03983
1.03099
1.02174
1.01225
1.00292
0.993662
0.984477
0.975439
0.966602
0.958
0.949661
0.94161
0.933859
0.926411
0.919284
0.912507
0.906072
0.899941
0.89411
0.888639
0.883532
0.878719
0.874181
0.869912
0.8659
0.862119
0.858561
0.855203
0.852036
0.849129
0.846441
0.843974
0.841871
0.840135
0.83863
0.837637
0.837388
0.837409
0.837503
0.837827
0.83861
0.840365
0.842455
0.845087
0.847957
0.851223
0.854174
0.858011
0.861044
0.865457
0.868073
0.872878
0.875352
0.880505
0.883211
0.88965
5.72366
5.11712
4.53739
4.00436
3.53075
3.11812
2.76462
2.46379
2.20963
1.99568
1.81595
1.66521
1.53895
1.43295
1.34452
1.2711
1.21176
1.1655
1.13045
1.10619
1.09031
1.08295
1.08336
1.08497
1.08896
1.09578
1.10275
1.10959
1.11447
1.11797
1.11794
1.11737
1.11566
1.11203
1.10655
1.1005
1.09388
1.08704
1.08013
1.07314
1.06605
1.05872
1.05108
1.04313
1.03498
1.02649
1.01757
1.00843
0.999397
0.990328
0.981312
0.972426
0.963726
0.955252
0.947033
0.939096
0.931454
0.924109
0.917085
0.910392
0.904017
0.897948
0.892193
0.88677
0.881673
0.876873
0.872352
0.8681
0.864086
0.860301
0.856737
0.853361
0.850203
0.847311
0.844637
0.84219
0.840129
0.838474
0.83702
0.836112
0.83598
0.836025
0.836237
0.836785
0.837986
0.84027
0.842743
0.846018
0.849464
0.853562
0.857107
0.861919
0.865314
0.870813
0.87358
0.87895
0.881403
0.886535
0.889124
0.895529
5.80292
5.26939
4.75497
4.27188
3.82935
3.43156
3.07861
2.76968
2.50115
2.26922
2.06941
1.89758
1.75007
1.62346
1.51508
1.42239
1.34344
1.2767
1.22146
1.17695
1.14251
1.11697
1.09951
1.08871
1.08373
1.08398
1.08504
1.08751
1.09253
1.0987
1.10353
1.10748
1.10804
1.10766
1.10633
1.10336
1.09736
1.09057
1.08312
1.0754
1.06767
1.0599
1.05204
1.04415
1.03613
1.02771
1.01898
1.01026
1.00141
0.992476
0.983555
0.974726
0.966037
0.95755
0.949317
0.941354
0.933674
0.926308
0.919287
0.91257
0.906135
0.900023
0.89424
0.888758
0.883571
0.878677
0.874069
0.869728
0.865615
0.861727
0.858054
0.854564
0.851295
0.848303
0.845542
0.843027
0.840958
0.839312
0.837957
0.837309
0.837345
0.837569
0.83819
0.839553
0.842267
0.846031
0.850338
0.855881
0.861607
0.868444
0.874143
0.881658
0.886577
0.893988
0.89717
0.9029
0.904811
0.908834
0.910645
0.916197
5.85489
5.38531
4.9222
4.48136
4.06995
3.69225
3.34966
3.04237
2.76875
2.52687
2.31391
2.1271
1.96351
1.82044
1.69544
1.58628
1.49117
1.40853
1.33707
1.27561
1.2237
1.18077
1.1464
1.11996
1.10043
1.08748
1.07966
1.07673
1.07697
1.07785
1.07965
1.08353
1.08708
1.08998
1.09034
1.08998
1.08873
1.08578
1.07985
1.07289
1.06519
1.05697
1.04867
1.04047
1.03198
1.02333
1.01487
1.00634
0.997755
0.989143
0.980519
0.971958
0.963522
0.955204
0.947066
0.93923
0.931651
0.924254
0.917258
0.910676
0.904254
0.898154
0.89245
0.887014
0.881798
0.876878
0.872294
0.86795
0.863819
0.859906
0.856209
0.8527
0.849426
0.846456
0.843747
0.841345
0.839502
0.838212
0.837604
0.83781
0.838561
0.840288
0.843781
0.849405
0.85699
0.866578
0.877618
0.89054
0.903571
0.9178
0.929575
0.942806
0.951255
0.961583
0.965129
0.969927
0.969973
0.9702
0.969019
0.971861
5.89815
5.47316
5.05345
4.64916
4.26668
3.90994
3.58096
3.28053
3.00817
2.76274
2.54272
2.34621
2.1712
2.01571
1.87771
1.75547
1.64722
1.5515
1.46698
1.39258
1.3274
1.27068
1.22198
1.18107
1.14754
1.1209
1.10052
1.08587
1.07607
1.07072
1.06871
1.06882
1.0694
1.07074
1.07325
1.07588
1.07617
1.07585
1.07467
1.07189
1.06622
1.05896
1.05096
1.04218
1.03307
1.02423
1.01542
1.0067
0.9981
0.989621
0.981226
0.972893
0.964727
0.956743
0.948765
0.94098
0.933575
0.926387
0.919384
0.912727
0.906332
0.900234
0.894514
0.889073
0.883799
0.878793
0.874141
0.869719
0.865494
0.861475
0.857678
0.854089
0.850791
0.847896
0.845415
0.843611
0.842831
0.843337
0.844917
0.848175
0.854419
0.86498
0.880039
0.899252
0.922742
0.949871
0.979555
1.01027
1.03989
1.06867
1.09143
1.11317
1.12645
1.13673
1.13755
1.13558
1.12948
1.1204
1.10184
1.10741
5.93183
5.54605
5.15926
4.78423
4.42814
4.09223
3.77819
3.48721
3.21966
2.97498
2.75241
2.55067
2.36842
2.20421
2.05649
1.92389
1.80491
1.69837
1.603
1.51782
1.44186
1.37436
1.31463
1.26205
1.21638
1.17741
1.14485
1.11842
1.09754
1.08186
1.07054
1.06348
1.05962
1.05759
1.05719
1.0574
1.05799
1.05914
1.05909
1.05865
1.05725
1.05409
1.04794
1.04049
1.03212
1.02327
1.01422
1.00516
0.996242
0.98754
0.979034
0.970678
0.962554
0.954698
0.94709
0.93951
0.932181
0.925055
0.918184
0.91159
0.905235
0.89917
0.893434
0.887971
0.882691
0.877647
0.87294
0.8685
0.864261
0.860251
0.85653
0.853155
0.850369
0.848385
0.848069
0.849128
0.852362
0.859087
0.871153
0.890637
0.918525
0.954727
1.00073
1.05374
1.1151
1.18215
1.2469
1.30327
1.34804
1.38113
1.40303
1.41682
1.42173
1.42052
1.41613
1.40905
1.39262
1.37786
1.3455
1.36027
5.95892
5.60417
5.25277
4.90421
4.56548
4.24573
3.94616
3.66639
3.40613
3.16522
2.94334
2.73971
2.55344
2.3835
2.2288
2.08828
1.9608
1.84538
1.74096
1.6467
1.56169
1.4852
1.41653
1.35504
1.30025
1.25162
1.20892
1.17198
1.14056
1.11451
1.09337
1.07682
1.06441
1.05568
1.04995
1.04668
1.04432
1.04324
1.04328
1.04325
1.04305
1.0423
1.04046
1.03658
1.03041
1.0231
1.01494
1.00622
0.997337
0.98849
0.979753
0.971239
0.963051
0.955186
0.94759
0.940249
0.933167
0.926297
0.919651
0.913239
0.907007
0.901031
0.895363
0.889851
0.884495
0.879418
0.874709
0.87024
0.866089
0.862378
0.859458
0.857609
0.858395
0.86117
0.867193
0.879939
0.901997
0.9368
0.98563
1.04961
1.13348
1.2359
1.33579
1.41933
1.4786
1.51089
1.52669
1.53292
1.53286
1.53099
1.52652
1.52269
1.51562
1.51089
1.5016
1.49602
1.48443
1.48064
1.47277
1.47772
5.98662
5.65426
5.32679
5.00414
4.6894
4.38481
4.09581
3.82445
3.57192
3.33614
3.11683
2.9135
2.72554
2.55221
2.39275
2.24639
2.11233
1.98978
1.87796
1.77611
1.68349
1.59939
1.52318
1.45418
1.39188
1.33571
1.28525
1.2401
1.19997
1.16477
1.1343
1.10849
1.08704
1.06965
1.05611
1.04592
1.03879
1.03399
1.0307
1.02829
1.02709
1.02668
1.02598
1.02451
1.02155
1.0172
1.01131
1.00436
0.996652
0.988345
0.979762
0.971186
0.962792
0.954679
0.946905
0.939481
0.932391
0.925593
0.919061
0.912737
0.906669
0.900933
0.895226
0.889592
0.88437
0.879474
0.874917
0.870918
0.86785
0.866995
0.86864
0.873795
0.88466
0.905477
0.942633
0.997993
1.07485
1.18481
1.31905
1.44083
1.52472
1.56647
1.5822
1.58719
1.58726
1.58581
1.58139
1.57709
1.56882
1.56323
1.5538
1.54778
1.53759
1.53256
1.52244
1.51698
1.50602
1.50064
1.49008
1.49146
6.0195
5.70563
5.39569
5.09208
4.79572
4.50754
4.23198
3.97073
3.72337
3.4924
3.27623
3.07429
2.88605
2.71098
2.5485
2.39807
2.2591
2.13101
2.01319
1.90503
1.80592
1.71526
1.63244
1.55688
1.48804
1.42537
1.36838
1.31665
1.26978
1.22748
1.18944
1.15562
1.12593
1.10028
1.07856
1.06052
1.04606
1.03475
1.02643
1.02051
1.01607
1.01296
1.01091
1.00972
1.00841
1.0064
1.00333
0.999016
0.993658
0.987228
0.979969
0.972174
0.964136
0.956114
0.948243
0.94067
0.93347
0.926589
0.919993
0.913814
0.908035
0.90227
0.896584
0.891398
0.886604
0.88256
0.879487
0.880055
0.883208
0.891081
0.908482
0.94186
0.998643
1.08127
1.20385
1.36201
1.50615
1.59258
1.62677
1.63919
1.64341
1.6417
1.63695
1.62835
1.61721
1.60728
1.59534
1.58655
1.57547
1.56782
1.55707
1.55104
1.54003
1.53485
1.52476
1.51963
1.5094
1.50422
1.49408
1.49546
6.06031
5.75454
5.46179
5.17405
4.89219
4.6205
4.35593
4.10307
3.8632
3.63634
3.42343
3.22339
3.03576
2.86012
2.696
2.54293
2.40047
2.26817
2.14555
2.03219
1.92756
1.8312
1.74259
1.66122
1.58658
1.51815
1.45544
1.39801
1.34541
1.29729
1.25333
1.21328
1.17694
1.14424
1.11517
1.0897
1.06781
1.04934
1.03419
1.02208
1.0128
1.00603
1.00094
0.99708
0.994489
0.992628
0.990806
0.988562
0.985582
0.981652
0.976726
0.970775
0.96406
0.956835
0.949357
0.941899
0.934601
0.927452
0.920692
0.914528
0.908557
0.902792
0.897679
0.893673
0.891234
0.892742
0.897979
0.909613
0.934206
0.983907
1.06356
1.18298
1.3565
1.53105
1.63935
1.68074
1.6975
1.70336
1.69997
1.69068
1.67698
1.66199
1.64666
1.6339
1.62003
1.60929
1.59644
1.58696
1.57526
1.56709
1.55594
1.54934
1.53797
1.53257
1.5227
1.5175
1.5075
1.50238
1.49197
1.49292
6.12536
5.81566
5.52687
5.24954
4.9807
4.72012
4.46875
4.22519
3.99179
3.77005
3.56006
3.36213
3.17565
3.00017
2.83534
2.68074
2.53598
2.40068
2.27443
2.15692
2.04772
1.9465
1.85282
1.76627
1.68641
1.61277
1.54492
1.48237
1.42472
1.37156
1.32253
1.27734
1.23574
1.19754
1.16261
1.13089
1.10242
1.07723
1.05533
1.03666
1.0211
1.0085
0.998639
0.991235
0.98577
0.981505
0.978457
0.976252
0.974281
0.972138
0.969526
0.966068
0.96152
0.956104
0.949995
0.943426
0.936586
0.92964
0.922991
0.916849
0.911062
0.906396
0.904596
0.90668
0.913893
0.929985
0.964431
1.03132
1.13595
1.3073
1.5113
1.66807
1.73019
1.75482
1.767
1.76303
1.75176
1.73434
1.71553
1.69757
1.68038
1.66436
1.64769
1.63323
1.61789
1.60425
1.59025
1.57827
1.56538
1.55561
1.54355
1.53594
1.52463
1.51845
1.50884
1.50376
1.49448
1.48991
1.48058
1.48083
6.20902
5.88183
5.59717
5.33238
5.07487
4.81905
4.57241
4.33557
4.10872
3.89144
3.68552
3.4908
3.30641
3.13192
2.96719
2.8119
2.66573
2.52833
2.39936
2.27855
2.16558
2.06021
1.96213
1.871
1.78647
1.70814
1.63563
1.56847
1.50629
1.44865
1.3952
1.34557
1.2995
1.25674
1.21711
1.1805
1.14681
1.11603
1.0882
1.0634
1.04168
1.02302
1.00736
0.994544
0.984436
0.976724
0.971076
0.966761
0.963507
0.961154
0.959367
0.957529
0.95505
0.951799
0.947739
0.942905
0.937492
0.931713
0.926197
0.921392
0.919424
0.921926
0.930439
0.950346
0.99323
1.07716
1.21549
1.43615
1.65339
1.769
1.80867
1.83239
1.83181
1.82277
1.80311
1.78068
1.75867
1.73761
1.71705
1.69691
1.67666
1.65695
1.63723
1.61878
1.60057
1.58423
1.56802
1.55426
1.53994
1.52879
1.51624
1.50744
1.49619
1.48946
1.48032
1.47522
1.46686
1.46289
1.45559
1.45415
6.32901
5.98264
5.67625
5.40693
5.1553
4.91282
4.67517
4.4444
4.22258
4.01111
3.80848
3.61422
3.43051
3.25706
3.09297
2.93769
2.79078
2.65194
2.52089
2.39741
2.28129
2.17236
2.07041
1.97519
1.88644
1.80384
1.72704
1.65565
1.58931
1.52759
1.47012
1.41654
1.36653
1.31982
1.27619
1.23548
1.19755
1.16236
1.12986
1.10007
1.07303
1.04883
1.02754
1.00917
0.9937
0.981012
0.970912
0.963199
0.957508
0.953283
0.950147
0.947945
0.94618
0.944384
0.942258
0.939773
0.93716
0.934384
0.934707
0.937854
0.947441
0.971117
1.02186
1.11925
1.29812
1.55944
1.77549
1.85378
1.88936
1.90693
1.8999
1.88223
1.85869
1.83281
1.80742
1.78246
1.7576
1.73244
1.7069
1.68182
1.6569
1.6333
1.6103
1.58932
1.56907
1.55118
1.53374
1.51903
1.50394
1.49222
1.47959
1.47005
1.45936
1.45219
1.44341
1.43816
1.43089
1.4264
1.42271
1.41776
6.34645
6.11394
5.79247
5.50123
5.24274
5.0031
4.77184
4.54726
4.33016
4.12079
3.92073
3.72987
3.54771
3.37542
3.21244
3.05786
2.91095
2.7714
2.63897
2.51345
2.39474
2.28273
2.17737
2.07851
1.98596
1.89948
1.81877
1.74352
1.67334
1.60785
1.54668
1.48947
1.43589
1.38565
1.33851
1.29426
1.25274
1.21387
1.17754
1.14377
1.11252
1.08383
1.05775
1.03436
1.01374
0.995932
0.980884
0.96854
0.958689
0.951124
0.945495
0.941523
0.938583
0.936808
0.936527
0.93715
0.93936
0.94492
0.957686
0.986234
1.04427
1.15176
1.3673
1.66005
1.87217
1.933
1.97149
1.97785
1.96815
1.9459
1.91887
1.89051
1.86179
1.83296
1.80321
1.7726
1.74139
1.71054
1.68022
1.65138
1.62359
1.59801
1.57358
1.55172
1.53086
1.51265
1.49511
1.48023
1.46545
1.4535
1.44121
1.43154
1.4214
1.41398
1.40567
1.39993
1.39379
1.38843
1.38585
1.38031
6.28023
6.17453
5.94215
5.63517
5.35494
5.10365
4.87101
4.64935
4.43583
4.23013
4.03254
3.8444
3.66578
3.49462
3.33024
3.17398
3.0263
2.88616
2.75295
2.62611
2.50554
2.39115
2.28291
2.18083
2.08487
1.99485
1.91054
1.83166
1.75791
1.68892
1.62432
1.56376
1.50691
1.45346
1.40313
1.35573
1.31106
1.269
1.22945
1.19231
1.15761
1.12531
1.09541
1.06795
1.043
1.02063
1.0009
0.983836
0.969408
0.957555
0.948076
0.941001
0.935942
0.936222
0.938261
0.943731
0.957689
0.98834
1.05122
1.1696
1.38618
1.71101
1.94539
2.00436
2.04655
2.04405
2.03163
2.00943
1.98025
1.95139
1.92076
1.88814
1.85334
1.81719
1.7804
1.74408
1.70866
1.67493
1.64276
1.61295
1.58475
1.5592
1.53501
1.51356
1.49319
1.47542
1.45838
1.44377
1.42951
1.41757
1.40572
1.39599
1.38633
1.37854
1.37064
1.36438
1.35901
1.3533
1.35052
1.34457
6.13005
6.11138
5.99943
5.76776
5.47911
5.21288
4.97304
4.75094
4.54014
4.3378
4.1431
3.95638
3.77724
3.60617
3.44423
3.28939
3.14091
2.99891
2.86361
2.73523
2.61315
2.49694
2.38648
2.28176
2.18281
2.08958
2.00196
1.91968
1.84254
1.77025
1.70247
1.63882
1.57897
1.5226
1.46939
1.41915
1.37166
1.32678
1.28439
1.2444
1.20672
1.17135
1.13828
1.10753
1.0791
1.05303
1.02937
1.00816
0.989505
0.973395
0.96022
0.94989
0.948802
0.951914
0.963051
0.98993
1.04918
1.16817
1.3625
1.70341
1.98585
2.06044
2.11025
2.10467
2.08821
2.06624
2.03914
2.00998
1.97736
1.94041
1.90055
1.85948
1.81819
1.77785
1.7388
1.70174
1.66656
1.63373
1.60277
1.57429
1.54739
1.52307
1.49993
1.47939
1.45975
1.44249
1.42589
1.41143
1.39745
1.38536
1.37373
1.36369
1.35421
1.34605
1.33843
1.33175
1.32661
1.32073
1.31786
1.31181
5.75187
5.96442
5.93773
5.8302
5.59694
5.32725
5.07778
4.85142
4.64122
4.44159
4.24988
4.06522
3.88751
3.71708
3.55377
3.39803
3.24985
3.10829
2.97262
2.84276
2.71853
2.60015
2.48763
2.38076
2.27938
2.18347
2.093
2.00782
1.9277
1.85237
1.78155
1.7149
1.65212
1.5929
1.53697
1.48408
1.43401
1.38659
1.34166
1.29912
1.25888
1.22088
1.18511
1.15153
1.12017
1.09105
1.06423
1.03975
1.01785
0.998879
0.983827
0.983737
0.989281
1.01201
1.05822
1.1689
1.34791
1.68693
2.00707
2.10393
2.17109
2.16395
2.14454
2.11868
2.08985
2.05728
2.01967
1.97831
1.93494
1.89121
1.848
1.80622
1.76605
1.72795
1.6917
1.65764
1.62533
1.59515
1.56646
1.5399
1.51456
1.49146
1.46926
1.44932
1.43012
1.413
1.39648
1.38185
1.36774
1.35535
1.34351
1.33316
1.3235
1.31503
1.30749
1.30058
1.29539
1.28951
1.2866
1.28043
4.74011
5.59089
5.79596
5.77224
5.66214
5.44388
5.19216
4.95718
4.74291
4.54354
4.35378
4.17132
3.99499
3.82538
3.66215
3.50558
3.35628
3.21375
3.07784
2.94729
2.82217
2.70249
2.58811
2.47898
2.37505
2.27656
2.18342
2.09555
2.01265
1.93451
1.86086
1.79145
1.72602
1.66422
1.60574
1.55036
1.49789
1.44809
1.40084
1.35598
1.31342
1.27309
1.23495
1.19896
1.16514
1.13357
1.10427
1.0776
1.0554
1.03916
1.04264
1.05949
1.09575
1.1892
1.36116
1.69698
2.05442
2.171
2.24699
2.2421
2.21792
2.17915
2.1405
2.09894
2.05401
2.00762
1.96134
1.9162
1.87236
1.83034
1.79015
1.75208
1.71577
1.6814
1.64854
1.6175
1.58777
1.55978
1.53287
1.50778
1.48359
1.46132
1.43977
1.42017
1.4012
1.38406
1.36749
1.35261
1.33828
1.32555
1.31345
1.30279
1.29291
1.28426
1.27658
1.26967
1.26439
1.25863
1.2557
1.24938
2.598
4.69706
5.4705
5.6401
5.61456
5.51607
5.31282
5.07629
4.85259
4.64783
4.45689
4.2753
4.10044
3.93151
3.76879
3.61267
3.46247
3.31833
3.18078
3.04949
2.92403
2.8033
2.68736
2.57649
2.47073
2.36999
2.2742
2.1834
2.09769
2.01686
1.9406
1.86864
1.80063
1.73633
1.67551
1.61785
1.56312
1.51112
1.46169
1.41468
1.37
1.32756
1.28733
1.2493
1.21349
1.18048
1.1504
1.12626
1.11961
1.12771
1.16488
1.23596
1.4096
1.73279
2.12904
2.28406
2.36579
2.36047
2.33091
2.28032
2.2195
2.16447
2.10794
2.0523
1.99933
1.94982
1.90328
1.85937
1.81727
1.77751
1.73987
1.70442
1.67048
1.63827
1.60741
1.57822
1.55015
1.52362
1.49803
1.47407
1.45088
1.42937
1.40852
1.38933
1.37077
1.35375
1.33733
1.32238
1.30803
1.29515
1.28298
1.27212
1.26219
1.25345
1.24574
1.23887
1.23353
1.22799
1.22502
1.21861
1.65166
2.72079
4.55269
5.31138
5.49185
5.47139
5.38156
5.20481
4.9807
4.76438
4.56493
4.37886
4.20339
4.0354
3.87317
3.71675
3.56624
3.42222
3.28333
3.15053
3.02357
2.9022
2.78547
2.67327
2.56575
2.46287
2.36485
2.27178
2.18351
2.09989
2.02093
1.94641
1.87604
1.80949
1.7464
1.68654
1.62966
1.57559
1.52412
1.47514
1.42853
1.38424
1.34231
1.30304
1.26641
1.2364
1.21623
1.22188
1.24611
1.32148
1.46713
1.78784
2.235
2.44769
2.53382
2.52684
2.49247
2.42965
2.35629
2.28316
2.21226
2.14537
2.0822
2.0227
1.96638
1.91361
1.8637
1.81713
1.77345
1.73328
1.69605
1.66119
1.62775
1.59638
1.56657
1.53847
1.51148
1.48603
1.46152
1.43852
1.4163
1.39553
1.37543
1.35675
1.33873
1.322
1.3059
1.29109
1.27692
1.26407
1.25203
1.24113
1.23135
1.2226
1.21507
1.20825
1.20317
1.19777
1.1948
1.18843
1.36751
1.62283
2.68165
4.44493
5.17384
5.3518
5.33674
5.25955
5.1072
4.89492
4.68541
4.49159
4.31084
4.13905
3.97594
3.81951
3.66897
3.52457
3.38646
3.2537
3.12552
3.00236
2.88419
2.77064
2.66128
2.55633
2.45602
2.36048
2.26972
2.18382
2.10249
2.02555
1.95272
1.88377
1.81845
1.75649
1.6976
1.64158
1.58827
1.53752
1.48938
1.44387
1.40136
1.36532
1.33336
1.33565
1.35782
1.40085
1.56181
1.85011
2.35898
2.6597
2.75186
2.74311
2.70247
2.625
2.53803
2.45111
2.36589
2.28383
2.20906
2.13803
2.07168
2.00992
1.9516
1.89653
1.84429
1.79512
1.74872
1.70553
1.6647
1.62643
1.59134
1.55951
1.52955
1.50148
1.47477
1.44971
1.42573
1.40318
1.3815
1.36113
1.34154
1.32317
1.30555
1.28902
1.27323
1.25857
1.24464
1.23191
1.22012
1.20933
1.19984
1.19127
1.18399
1.17747
1.17266
1.16764
1.16479
1.15867
1.08083
1.34628
1.59911
2.60162
4.32529
5.01626
5.21156
5.20425
5.14079
5.01359
4.81324
4.61024
4.42066
4.24483
4.07899
3.9213
3.77064
3.62618
3.48758
3.35424
3.22607
3.1023
2.98277
2.86739
2.75651
2.6501
2.5479
2.45015
2.35706
2.26867
2.18488
2.10554
2.03047
1.95942
1.89198
1.82799
1.76721
1.70945
1.65466
1.60267
1.55456
1.5108
1.47399
1.46519
1.47612
1.53466
1.64665
1.94072
2.47357
2.91517
3.01577
3.00665
2.95909
2.86693
2.76336
2.65983
2.55948
2.46371
2.37317
2.28877
2.20935
2.1367
2.06917
2.00637
1.94719
1.8905
1.83668
1.78593
1.73795
1.69269
1.64937
1.60873
1.57069
1.53514
1.50205
1.47209
1.44406
1.41801
1.39335
1.37024
1.34826
1.32761
1.30791
1.2894
1.27176
1.25518
1.23944
1.22481
1.21102
1.19839
1.18684
1.1762
1.16704
1.15875
1.1518
1.14576
1.14129
1.13683
1.13425
1.12862
1.02676
1.13369
1.1933
1.72039
2.33401
4.18504
4.87081
5.07062
5.07514
5.02668
4.9153
4.72728
4.53434
4.35283
4.18333
4.02389
3.87262
3.72807
3.58929
3.45568
3.32677
3.20218
3.08171
2.9653
2.85279
2.74428
2.64021
2.54065
2.44545
2.35485
2.26886
2.18731
2.11005
2.03677
1.96735
1.90164
1.83933
1.78044
1.72579
1.67533
1.63311
1.6139
1.62398
1.6609
1.79154
2.03751
2.589
3.20751
3.32113
3.31492
3.26336
3.15226
3.03056
2.90984
2.79267
2.68147
2.57677
2.47892
2.38733
2.30172
2.22133
2.14615
2.07562
2.00965
1.94742
1.8896
1.83499
1.78355
1.73487
1.6882
1.64324
1.60121
1.56106
1.52311
1.48728
1.45374
1.4226
1.39405
1.36731
1.34244
1.31905
1.29721
1.27658
1.25729
1.23902
1.22195
1.20585
1.19094
1.17702
1.16425
1.15274
1.14212
1.13315
1.12504
1.11842
1.11276
1.10869
1.10485
1.10259
1.09762
1.01676
1.02012
1.12069
1.15585
1.6745
2.21148
3.95393
4.68871
4.92586
4.95781
4.9156
4.81693
4.64601
4.46536
4.29253
4.13015
3.977
3.83147
3.69218
3.55797
3.4285
3.30292
3.18102
3.06309
2.94912
2.8391
2.73314
2.63145
2.53438
2.44192
2.35387
2.27039
2.19119
2.1163
2.04554
1.97875
1.91693
1.85943
1.81216
1.78151
1.78931
1.82266
1.93434
2.16961
2.70725
3.51304
3.66099
3.67198
3.61728
3.48318
3.33664
3.19908
3.06429
2.9363
2.81616
2.70367
2.59854
2.50021
2.40784
2.32126
2.23964
2.16306
2.09069
2.02283
1.95856
1.89833
1.84089
1.78704
1.7354
1.68741
1.64165
1.59904
1.55732
1.51796
1.4803
1.4446
1.41077
1.37912
1.34965
1.32225
1.29654
1.27265
1.2502
1.22937
1.20976
1.1916
1.17459
1.15891
1.14442
1.13113
1.11928
1.1084
1.09927
1.09105
1.08455
1.07893
1.07518
1.0717
1.06975
1.06545
1.0019
1.01449
1.01697
1.10757
1.13125
1.61393
2.10076
3.69992
4.50022
4.78948
4.84607
4.81202
4.72931
4.57427
4.40569
4.24101
4.08498
3.93741
3.79676
3.66159
3.53079
3.40416
3.28123
3.16146
3.04552
2.93373
2.82631
2.72318
2.62438
2.52999
2.44028
2.35505
2.27487
2.19932
2.12948
2.06442
2.01171
1.97068
1.97446
2.01561
2.09024
2.34387
2.81881
3.7843
4.07173
4.06919
4.0083
3.86141
3.68526
3.52455
3.37014
3.2251
3.08856
2.96044
2.84076
2.72875
2.62365
2.52496
2.43206
2.3447
2.2621
2.18437
2.11057
2.0411
1.97484
1.91249
1.85283
1.79675
1.74305
1.69267
1.64453
1.59927
1.55632
1.51637
1.47742
1.44046
1.40496
1.37133
1.33932
1.30959
1.2815
1.2553
1.23063
1.20772
1.18624
1.16639
1.14788
1.13089
1.11529
1.101
1.08835
1.07676
1.06704
1.05827
1.05152
1.04546
1.04173
1.03811
1.03633
1.03256
1.00136
1.00204
1.01157
1.01215
1.09477
1.11114
1.55031
1.97004
3.41181
4.30603
4.65373
4.74048
4.71658
4.65014
4.51705
4.35823
4.19942
4.04781
3.90389
3.76647
3.6341
3.50589
3.38161
3.26124
3.14441
3.03137
2.92203
2.81719
2.71677
2.62109
2.53013
2.44488
2.36559
2.29416
2.23304
2.18541
2.18624
2.20517
2.31326
2.49521
2.99543
3.94204
4.54245
4.53059
4.45491
4.27747
4.07355
3.88851
3.7075
3.54318
3.38965
3.24524
3.11009
2.98387
2.8656
2.75455
2.64999
2.55151
2.45844
2.37054
2.28712
2.20826
2.1331
2.06201
1.994
1.92972
1.86805
1.80989
1.7541
1.70163
1.65138
1.6042
1.55916
1.51682
1.47657
1.43906
1.40239
1.36757
1.33401
1.30233
1.27233
1.24413
1.21747
1.19252
1.16911
1.14736
1.12712
1.10845
1.09139
1.07565
1.06182
1.04902
1.03836
1.02856
1.02108
1.01417
1.00995
1.00568
1.00377
0.999726
1.00024
1.00119
1.00159
1.00913
1.00812
1.0828
1.09403
1.47926
1.83505
3.10766
4.10233
4.52344
4.64132
4.62686
4.57467
4.46562
4.31924
4.16733
4.01841
3.8761
3.74005
3.60929
3.48301
3.36083
3.24262
3.12835
3.01847
2.9126
2.81206
2.71662
2.62841
2.5484
2.48125
2.42777
2.42701
2.46338
2.51328
2.75097
3.15269
4.07294
5.10193
5.06821
4.95909
4.74596
4.50546
4.29679
4.08386
3.89188
3.71624
3.55381
3.40267
3.26179
3.13011
3.00669
2.89056
2.78102
2.67731
2.57909
2.48574
2.39713
2.31268
2.23249
2.15581
2.08307
2.01333
1.94726
1.88382
1.82389
1.76638
1.7122
1.6603
1.61147
1.56478
1.5208
1.47884
1.43921
1.4016
1.36608
1.33153
1.29857
1.26709
1.23737
1.2092
1.18258
1.15752
1.13403
1.11215
1.09174
1.07318
1.05582
1.04062
1.02637
1.01449
1.00337
0.994825
0.986693
0.981552
0.976166
0.973712
0.968514
1.00018
1.00021
1.00137
1.00172
1.00865
1.00892
1.06962
1.08289
1.40319
1.68731
2.74564
3.89146
4.39958
4.53576
4.53073
4.49277
4.41617
4.28722
4.14322
3.99609
3.85393
3.71857
3.58918
3.46481
3.3453
3.23051
3.1206
3.01657
2.91789
2.83067
2.75639
2.70058
2.69819
2.71499
2.81756
2.99199
3.43248
4.26651
5.69619
5.62945
5.50938
5.31629
5.00441
4.75704
4.50435
4.27557
4.07536
3.89136
3.72096
3.56342
3.41718
3.28074
3.1527
3.03188
2.91738
2.80855
2.70491
2.60616
2.51192
2.42211
2.33631
2.25461
2.17644
2.10213
2.03088
1.9633
1.89844
1.83712
1.77829
1.7228
1.66964
1.61952
1.57156
1.52629
1.48298
1.44202
1.40289
1.36581
1.33068
1.29684
1.26436
1.23349
1.20414
1.17627
1.14995
1.1251
1.10192
1.08005
1.06016
1.04134
1.02481
1.00914
0.995976
0.983426
0.973695
0.96416
0.957849
0.951114
0.947779
0.940743
1.00004
1.00013
1.00017
1.00111
1.00105
1.00864
1.01082
1.05409
1.08832
1.29689
1.57235
2.35328
3.71287
4.22447
4.39963
4.44055
4.41691
4.35984
4.25478
4.11829
3.97434
3.83376
3.69976
3.5734
3.45328
3.33994
3.23387
3.13932
3.06454
3.0095
3.00775
3.0532
3.11141
3.35341
3.76879
4.57256
6.15922
6.22799
6.1494
5.92851
5.5637
5.26398
4.9637
4.69718
4.46996
4.26552
4.07463
3.89795
3.73474
3.58311
3.44126
3.30762
3.18104
3.06063
2.94576
2.83603
2.73113
2.63092
2.53514
2.44378
2.35648
2.27335
2.19384
2.11823
2.04579
1.97707
1.91116
1.84881
1.78901
1.73256
1.67847
1.62739
1.57847
1.5322
1.48786
1.44586
1.40559
1.36739
1.33079
1.29625
1.26305
1.23125
1.20103
1.17224
1.14502
1.11916
1.09504
1.07206
1.05117
1.03121
1.01357
0.996717
0.982414
0.968568
0.957681
0.946738
0.939291
0.930947
0.926625
0.917509
1.00001
1.00006
1.00008
1.00038
1.00048
1.00252
1.00316
1.01719
1.0244
1.10218
1.17448
1.52322
2.04483
3.3469
3.99779
4.27188
4.36156
4.34837
4.30636
4.21966
4.09178
3.95336
3.81868
3.69047
3.57417
3.47295
3.40066
3.35876
3.36397
3.40163
3.52181
3.74372
4.23796
4.99636
6.58172
6.95493
6.84946
6.59955
6.19531
5.81396
5.45932
5.15698
4.90143
4.67237
4.46269
4.26754
4.08715
3.91919
3.76187
3.61358
3.47307
3.33937
3.21174
3.08968
2.97284
2.86107
2.75416
2.65206
2.55457
2.46168
2.37303
2.28867
2.20808
2.13147
2.05812
1.98854
1.92183
1.85871
1.79817
1.74099
1.68617
1.63436
1.58471
1.53766
1.49258
1.44974
1.40869
1.36956
1.33216
1.29647
1.26253
1.22999
1.19904
1.16954
1.14165
1.11506
1.09032
1.06663
1.04506
1.02433
1.00592
0.988162
0.972975
0.95807
0.946189
0.93404
0.925531
0.915751
0.910466
0.899281
1
1.00002
1.00003
1.00014
1.0002
1.00086
1.00128
1.00539
1.00828
1.0332
1.05531
1.18822
1.35141
1.89419
2.88859
3.7398
4.15662
4.27864
4.27491
4.24776
4.1881
4.07505
3.95048
3.84031
3.76973
3.74373
3.76652
3.81055
3.98799
4.27154
4.81827
5.57931
7.14853
7.76142
7.63273
7.32889
6.87459
6.41649
6.00334
5.6639
5.37362
5.11612
4.88488
4.67052
4.47137
4.28624
4.11253
3.94851
3.79284
3.64457
3.50298
3.36754
3.23786
3.11366
2.99477
2.88106
2.77241
2.66875
2.56988
2.47577
2.38602
2.30067
2.21916
2.1417
2.06758
1.99728
1.92991
1.86616
1.80506
1.74731
1.69198
1.63962
1.58945
1.54185
1.49622
1.45278
1.41116
1.3714
1.33341
1.297
1.26235
1.22917
1.19763
1.1675
1.13908
1.1119
1.08673
1.06255
1.04056
1.01932
1.00041
0.982035
0.966243
0.950591
0.937972
0.924934
0.915595
0.904639
0.898538
0.885652
1
1.00001
1.00001
1.00005
1.00007
1.00028
1.00042
1.00167
1.00262
1.00999
1.01621
1.05777
1.10458
1.30358
1.61789
2.40278
3.54644
4.01863
4.16223
4.21312
4.20657
4.18359
4.14152
4.15378
4.19102
4.3149
4.54197
4.91162
5.53853
6.35507
8.01253
8.61656
8.47407
8.13925
7.59399
7.06498
6.61478
6.2343
5.90548
5.61374
5.35172
5.11295
4.89298
4.68872
4.49663
4.31484
4.1421
3.97752
3.82045
3.67037
3.52682
3.38943
3.25792
3.13204
3.01163
2.89654
2.78664
2.68184
2.58194
2.48685
2.39622
2.31004
2.22777
2.1496
2.07482
2.00389
1.93595
1.87166
1.81006
1.75184
1.69606
1.64327
1.59269
1.54466
1.49862
1.45475
1.4127
1.3725
1.33404
1.29719
1.26209
1.22856
1.19673
1.1663
1.13763
1.11012
1.08455
1.05988
1.03744
1.0157
0.996326
0.977423
0.96111
0.944876
0.931641
0.917913
0.907937
0.896119
0.889411
0.875268
1
1
1
1.00001
1.00002
1.00008
1.00013
1.0005
1.00076
1.00304
1.00472
1.01813
1.03004
1.10281
1.19112
1.51493
2.04629
3.29205
3.798
4.08285
4.22137
4.36655
4.55124
4.83647
5.19251
5.69545
6.42008
7.46301
8.99543
9.48207
9.34908
9.00593
8.38732
7.78992
7.29044
6.86416
6.50041
6.18328
5.90006
5.63928
5.39405
5.16349
4.9461
4.74062
4.54577
4.36056
4.18426
4.01629
3.85612
3.70321
3.55712
3.41742
3.28379
3.15596
3.03374
2.91698
2.80552
2.69928
2.59802
2.50168
2.40988
2.3226
2.23931
2.1602
2.08456
2.01284
1.94417
1.87923
1.81702
1.75824
1.70195
1.64866
1.59763
1.54915
1.5027
1.45842
1.41597
1.37538
1.33654
1.29933
1.26385
1.22988
1.19765
1.16681
1.13777
1.10989
1.08401
1.05902
1.03628
1.01421
0.994539
0.975308
0.958678
0.94209
0.928486
0.91432
0.903922
0.891453
0.884245
0.869073
1
1
1
1
1.00001
1.00001
1.00006
1.00008
1.00036
1.0005
1.00218
1.00291
1.01355
1.01771
1.08257
1.12225
1.40579
1.77524
2.78974
3.66717
4.24603
4.84259
5.60587
6.5704
7.61418
8.91053
10.1088
10.1783
10.0271
9.63652
8.93262
8.3681
7.86867
7.41795
7.02409
6.6783
6.36841
6.08488
5.82168
5.57587
5.34383
5.1234
4.91315
4.71224
4.5204
4.33742
4.16294
3.99655
3.83777
3.68612
3.54118
3.40256
3.26995
3.14308
3.02176
2.90583
2.79514
2.68959
2.58896
2.49318
2.40188
2.31506
2.2322
2.15348
2.07821
2.00685
1.93853
1.8739
1.812
1.75349
1.69746
1.6444
1.59358
1.54528
1.49899
1.45484
1.4125
1.372
1.33324
1.29608
1.26065
1.22667
1.19444
1.16355
1.1345
1.1066
1.08073
1.05573
1.03297
1.01089
0.991193
0.971921
0.95525
0.938571
0.924887
0.91055
0.900001
0.887247
0.879786
0.864085
1
1
1
1
1
1.00001
1.00001
1.00005
1.00008
1.00032
1.00049
1.00188
1.00277
1.01149
1.01619
1.0708
1.10697
1.37869
1.67541
2.62881
4.31588
6.28616
8.65427
10.8538
11.9086
11.8252
11.53
10.8955
10.0811
9.41555
8.81092
8.28331
7.83624
7.44721
7.09665
6.77381
6.47069
6.18349
5.91191
5.65656
5.41656
5.18973
4.97407
4.76836
4.57204
4.38481
4.2063
4.03609
3.87374
3.71881
3.57087
3.42956
3.29451
3.16545
3.04215
2.92443
2.81211
2.70508
2.6031
2.50607
2.41363
2.32576
2.24193
2.16232
2.08624
2.01413
1.94514
1.87989
1.81743
1.7584
1.70191
1.6484
1.59719
1.54851
1.50188
1.45739
1.41475
1.37396
1.33493
1.2975
1.26183
1.22762
1.19516
1.16405
1.13478
1.10668
1.08062
1.05549
1.0326
1.01042
0.990622
0.971255
0.954483
0.937694
0.923898
0.90943
0.898732
0.885817
0.878206
0.862225
)
;

boundaryField
{
    inlet
    {
        type            fixedValue;
        value           uniform 1;
    }
    outlet
    {
        type            waveTransmissive;
        gamma           1.4;
        fieldInf        1;
        lInf            3;
        value           nonuniform List<scalar> 
40
(
0.894192
0.892344
0.890664
0.889925
0.889503
0.890892
0.895026
0.910343
0.95198
1.05887
1.27177
1.4442
1.48087
1.4906
1.49016
1.48157
1.45922
1.42531
1.38794
1.35155
1.31789
1.28609
1.25495
1.22413
1.19384
1.164
1.13389
1.10278
1.07051
1.03748
1.00456
0.973308
0.945588
0.922467
0.904379
0.890888
0.880637
0.874571
0.869658
0.867822
)
;
    }
    bottom
    {
        type            symmetryPlane;
    }
    top
    {
        type            symmetryPlane;
    }
    obstacle
    {
        type            zeroGradient;
    }
    defaultFaces
    {
        type            empty;
    }
}


// ************************************************************************* //
