/*--------------------------------*- C++ -*----------------------------------*\
  =========                 |
  \\      /  F ield         | OpenFOAM: The Open Source CFD Toolbox
   \\    /   O peration     | Website:  https://openfoam.org
    \\  /    A nd           | Version:  6
     \\/     M anipulation  |
\*---------------------------------------------------------------------------*/
FoamFile
{
    version     2.0;
    format      ascii;
    class       volScalarField;
    location    "5";
    object      p;
}
// * * * * * * * * * * * * * * * * * * * * * * * * * * * * * * * * * * * * * //

dimensions      [1 -1 -2 0 0 0 0];

internalField   nonuniform List<scalar> 
5250
(
1.00005
1.00027
1.00069
1.0018
1.0039
1.00999
1.02065
1.05588
1.11028
1.32661
1.70306
3.05209
6.63913
14.8005
13.7329
12.0683
11.4648
11.5314
11.7685
12.051
12.2029
12.2923
12.3664
12.4261
12.4645
1.00005
1.00027
1.00068
1.0018
1.00388
1.00995
1.02056
1.05565
1.10984
1.32524
1.70014
3.04326
6.61408
14.7463
13.6821
12.0295
11.4454
11.5191
11.7637
12.0413
12.1895
12.2798
12.3563
12.417
12.4573
1.00005
1.00026
1.00068
1.00178
1.00385
1.00986
1.02039
1.05515
1.10893
1.32222
1.69362
3.02305
6.55542
14.6232
13.5795
11.9507
11.3974
11.4797
11.733
11.9997
12.1406
12.2313
12.3105
12.3724
12.4153
1.00005
1.00026
1.00067
1.00176
1.0038
1.00973
1.02011
1.05437
1.10747
1.31736
1.68307
2.99015
6.45992
14.4305
13.4351
11.8441
11.3229
11.4111
11.6679
11.9186
12.0504
12.1391
12.2183
12.2795
12.323
1.00005
1.00025
1.00066
1.00172
1.00372
1.00954
1.01972
1.05327
1.10546
1.31059
1.66835
2.94416
6.32703
14.1676
13.2481
11.7118
11.2267
11.3178
11.5714
11.8049
11.9255
12.01
12.0869
12.1454
12.1884
1.00004
1.00025
1.00064
1.00168
1.00363
1.0093
1.01922
1.05187
1.10291
1.30192
1.64911
2.88689
6.15215
13.8302
13.0175
11.5564
11.1104
11.2002
11.4418
11.654
11.761
11.8375
11.908
11.9616
12.0051
1.00004
1.00024
1.00062
1.00163
1.00352
1.009
1.01862
1.0502
1.09933
1.29293
1.62042
2.8362
5.92076
13.4133
12.7327
11.3964
10.9778
11.0591
11.2767
11.4625
11.5506
11.6119
11.6688
11.7113
11.7532
1.00004
1.00023
1.0006
1.00156
1.00338
1.00865
1.0179
1.04821
1.09517
1.28182
1.58783
2.77145
5.65125
12.912
12.3834
11.2469
10.8315
10.8948
11.0734
11.2273
11.2887
11.3218
11.3469
11.3582
11.3859
1.00004
1.00022
1.00057
1.00149
1.00322
1.00823
1.01705
1.04587
1.09039
1.26848
1.55267
2.6891
5.35643
12.3229
11.9744
11.101
10.6732
10.7098
10.8332
10.9462
10.9683
10.9565
10.9177
10.8466
10.8103
1.00004
1.00021
1.00053
1.0014
1.00303
1.00775
1.01606
1.04317
1.08513
1.25239
1.51692
2.58401
5.04193
11.6446
11.5168
10.9625
10.5065
10.5067
10.5623
10.6194
10.5959
10.5104
10.3348
10.0708
9.74194
1.00003
1.00019
1.0005
1.0013
1.00281
1.00719
1.01491
1.04003
1.07895
1.23387
1.47535
2.46344
4.68406
10.8491
11.1288
10.7981
10.3385
10.2669
10.2824
10.2682
10.1837
9.97227
9.5775
8.87861
7.25902
1.00003
1.00017
1.00045
1.00118
1.00256
1.00654
1.01357
1.03635
1.0717
1.21218
1.42619
2.32432
4.26785
9.89801
10.8629
10.6302
10.1791
10.0349
9.99955
9.919
9.73671
9.3784
8.80678
7.91608
6.31759
1.00003
1.00015
1.0004
1.00105
1.00227
1.00579
1.01202
1.03205
1.06318
1.18764
1.3638
2.17782
3.78052
8.77778
10.6798
10.4935
10.0618
9.81622
9.7118
9.56529
9.29638
8.86841
8.24557
7.39744
6.25129
1.00002
1.00013
1.00034
1.0009
1.00195
1.00497
1.01031
1.02737
1.05399
1.16014
1.30145
2.00026
3.28326
7.48051
10.6107
10.4267
9.94987
9.59232
9.41854
9.22764
8.92305
8.48247
7.89488
7.15931
6.27656
1.00002
1.00011
1.00029
1.00076
1.00164
1.00415
1.00866
1.02265
1.04569
1.12926
1.25201
1.78699
2.78414
5.98843
10.5282
10.3479
9.84567
9.37904
9.14152
8.92588
8.61814
8.19767
7.66656
7.03882
6.33068
1.00002
1.00009
1.00024
1.00063
1.00136
1.00342
1.00715
1.01858
1.03773
1.10425
1.20829
1.62037
2.40463
4.94163
10.123
10.0977
9.72989
9.18152
8.88724
8.65797
8.36251
7.97253
7.4979
6.9554
6.36147
1.00001
1.00008
1.0002
1.00051
1.00111
1.0028
1.00585
1.0152
1.03069
1.08607
1.16482
1.51451
2.12935
4.29178
9.10947
9.66498
9.46573
9.01654
8.67115
8.42415
8.14285
7.78548
7.36018
6.88416
6.37257
1.00001
1.00006
1.00016
1.00041
1.0009
1.00226
1.00472
1.01224
1.02471
1.06947
1.12915
1.42021
1.85886
3.642
7.55039
9.30051
9.19947
8.89467
8.50847
8.23228
7.95726
7.62896
7.2446
6.82069
6.37115
1.00001
1.00005
1.00012
1.00032
1.0007
1.00177
1.0037
1.00955
1.01936
1.05361
1.10062
1.31897
1.64372
2.95593
5.84967
9.08193
9.06058
8.84719
8.42064
8.08966
7.80597
7.49793
7.14891
6.76701
6.3665
1.00001
1.00004
1.0001
1.00025
1.00054
1.00134
1.00282
1.0072
1.01465
1.03944
1.07711
1.22673
1.4552
2.36496
4.22207
8.55112
8.94264
8.77312
8.38549
7.98718
7.68082
7.38603
7.06614
6.72153
6.35964
1
1.00003
1.00007
1.00019
1.0004
1.00101
1.00212
1.00539
1.01099
1.02941
1.05689
1.17195
1.31529
2.05942
3.36146
7.24203
8.68498
8.59842
8.32589
7.89723
7.56899
7.28395
6.99054
6.67775
6.35054
1
1.00002
1.00005
1.00014
1.0003
1.00075
1.00156
1.00397
1.00811
1.02153
1.04238
1.1234
1.22991
1.74719
2.6308
5.3937
8.32937
8.3736
8.22319
7.87374
7.4963
7.20118
6.92609
6.6401
6.34167
1
1.00001
1.00004
1.0001
1.00021
1.00054
1.00112
1.00284
1.00582
1.01524
1.03047
1.08414
1.16883
1.48709
2.0747
3.88659
7.50944
8.20437
8.10739
7.84461
7.4697
7.15478
6.88345
6.61744
6.34236
1
1.00001
1.00003
1.00007
1.00015
1.00037
1.00078
1.00197
1.00403
1.01051
1.02073
1.05879
1.10641
1.34886
1.6759
3.07026
5.88024
7.91314
7.9141
7.78651
7.4883
7.15582
6.86868
6.60516
6.34424
1
1.00001
1.00002
1.00005
1.0001
1.00025
1.00053
1.00133
1.00272
1.00702
1.01401
1.038
1.07397
1.21431
1.43355
2.25531
3.80159
7.33538
7.82711
7.74378
7.52694
7.17741
6.87347
6.60626
6.3498
1
1
1.00001
1.00003
1.00007
1.00016
1.00038
1.0008
1.00201
1.00406
1.01068
1.02036
1.061
1.10348
1.36179
1.68155
3.0793
5.82896
7.56708
7.62533
7.51483
7.24347
6.89358
6.61259
6.35994
1
1
1.00001
1.00002
1.00005
1.0001
1.00025
1.00052
1.00131
1.00266
1.0069
1.01361
1.03735
1.07165
1.21023
1.42207
2.20647
3.70575
6.98638
7.5206
7.4631
7.28173
6.93612
6.63127
6.37352
1
1
1.00001
1.00001
1.00003
1.00006
1.00016
1.00033
1.00082
1.00166
1.00429
1.00829
1.02371
1.04029
1.14322
1.22509
1.85152
2.72233
5.51048
7.21356
7.32976
7.24087
7.01095
6.67118
6.38957
1
1
1
1.00001
1.00002
1.00004
1.0001
1.00021
1.00053
1.00107
1.00276
1.0055
1.0148
1.0284
1.08254
1.1566
1.47456
1.99356
3.56997
6.45242
7.14887
7.1246
6.99461
6.72277
6.41944
1
1
1
1.00001
1.00001
1.00003
1.00006
1.00014
1.00028
1.0007
1.00139
1.00365
1.00676
1.02061
1.03259
1.12705
1.18808
1.76113
2.45896
4.89273
6.71841
6.97184
6.91782
6.75107
6.45922
1
1
1
1
1.00001
1.00002
1.00004
1.00008
1.00019
1.00039
1.00098
1.00195
1.00516
1.0098
1.02872
1.04976
1.17069
1.28893
1.97548
3.01444
5.75326
6.73873
6.785
6.72046
6.54916
1
1
1
1
1
1.00001
1.00002
1.00005
1.00011
1.00023
1.00059
1.00118
1.00308
1.00595
1.01657
1.02983
1.09515
1.15836
1.54733
2.06302
3.69374
6.14036
6.65098
6.63991
6.5571
1
1
1
1
1
1.00001
1.00001
1.00003
1.00007
1.00014
1.00035
1.0007
1.00182
1.00356
1.0096
1.01801
1.05276
1.09483
1.29885
1.58244
2.64331
4.68646
6.23143
6.5365
6.52014
1
1
1
1
1
1
1.00001
1.00002
1.00004
1.00008
1.0002
1.00039
1.001
1.00197
1.00522
1.00979
1.02823
1.0493
1.161
1.27439
1.89804
2.81099
5.26269
6.27008
6.44861
1
1
1
1
1
1
1
1.00001
1.00002
1.00004
1.0001
1.00021
1.00052
1.00103
1.00271
1.00509
1.01455
1.02536
1.08249
1.13635
1.46519
1.86987
3.21708
5.51578
6.2623
1
1
1
1
1
1
1
1
1.00001
1.00002
1.00004
1.00009
1.00017
1.00047
1.00071
1.00255
1.00312
1.01575
1.01761
1.10635
1.12929
1.63937
2.05731
3.90464
5.72275
1
1
1
1
1
1
1
1
1
1.00001
1.00002
1.00003
1.00008
1.00013
1.00041
1.00054
1.00226
1.00246
1.01657
1.01688
1.12774
1.14887
1.761
2.32877
4.40125
1
1
1
1
1
1
1
1
1
1
1.00001
1.00002
1.00006
1.00012
1.00033
1.00062
1.00181
1.00329
1.01058
1.01772
1.06421
1.10185
1.38154
1.68117
2.96532
1
1
1
1
1
1
1
1
1
1
1
1.00001
1.00002
1.00006
1.00009
1.00034
1.00049
1.00199
1.0027
1.0139
1.01647
1.09678
1.11187
1.72809
2.27218
1
1
1
1
1
1
1
1
1
1
1
1
1.00001
1.00002
1.00009
1.00013
1.00066
1.00103
1.00404
1.01068
1.01333
1.01086
1.21436
1.23752
2.72001
1
1
1
1
1
1
1
1
1
1
1
1
1
1.00002
1.00002
1.00017
1.00024
1.00142
1.00243
1.00887
1.00865
1.07903
1.07698
1.66286
2.21666
1
1
1
1
1
1
1
1
1
1
1
1
1.00001
1.00001
1.00005
1.00008
1.00039
1.00054
1.00565
1.00781
1.04399
1.10963
1.15549
1.18346
2.66516
1
1
1
1
1
1
1
1
1
1
1
1
1
1.00001
1.00002
1.00012
1.00014
1.00109
1.00223
1.00688
1.01202
1.07147
1.08178
1.63031
2.16699
1
1
1
1
1
1
1
1
1
1
1
1
1
1
1.00003
1.00004
1.0004
1.00065
1.00283
1.00714
1.01475
1.01295
1.18849
1.20545
2.65271
1
1
1
1
1
1
1
1
1
1
1
1
1
1
1.00002
1.00003
1.00036
1.00062
1.00262
1.00799
1.00867
1.00658
1.17634
1.19045
2.59159
1
1
1
1
1
1
1
1
1
1
1
1
1
1
1.00002
1.00002
1.00029
1.00041
1.00256
1.00541
1.01384
1.00912
1.17293
1.1814
2.53961
1
1
1
1
1
1
1
1
1
1
1
1
1
1
1.00001
1.00002
1.0002
1.00027
1.00233
1.00472
1.01397
1.00806
1.16217
1.16282
2.47382
1
1
1
1
1
1
1
1
1
1
1
1
1
1
1.00002
1.00002
1.00019
1.00021
1.0022
1.00337
1.01535
1.01976
1.14134
1.14931
2.40648
1
1
1
1
1
1
1
1
1
1
1
1
1
1.00001
1.00001
1.00012
1.00015
1.00133
1.00241
1.00875
1.02488
1.03862
1.03658
1.44861
1.80884
1
1
1
1
1
1
1
1
1
1
1
1
1
1
1.00002
1.00003
1.0002
1.00023
1.00208
1.00298
1.01403
1.02574
1.1171
1.14743
2.23604
3.7302
2.24316
2.13809
2.38067
3.16625
3.58565
3.5217
3.43355
3.31828
3.22007
3.15121
3.09233
3.02679
2.95921
2.89831
2.84871
2.80949
2.7756
2.74309
2.71157
2.68128
2.65123
2.62077
2.59872
2.58875
2.58564
2.58553
2.60182
2.64074
2.70629
2.79736
2.90865
3.03349
3.16529
3.29879
3.43068
3.55774
3.67591
3.78446
3.88337
3.97265
4.05474
4.13072
4.19903
4.25857
4.30952
4.3525
4.39006
4.42472
4.45164
4.46914
4.47927
4.48279
4.48195
4.4774
4.46646
4.44749
4.42549
4.39988
4.3714
4.33916
4.30429
4.26625
4.22624
4.18364
4.13955
4.09353
4.04643
3.99798
3.94891
3.89902
3.84895
3.79858
3.74845
3.69856
3.6494
3.6011
3.55413
3.50879
3.46558
3.42497
3.38753
3.35379
3.32435
3.2998
3.28075
3.26777
3.26182
3.26244
3.26406
3.26677
3.27206
3.28014
3.28752
3.28913
3.28711
3.28148
3.27244
3.25854
3.25059
4.19779
2.87553
2.72719
2.90974
3.46004
3.61399
3.53514
3.42194
3.31355
3.22879
3.1566
3.09565
3.02365
2.94936
2.88504
2.83677
2.80213
2.77244
2.74096
2.70916
2.67889
2.65073
2.62471
2.60207
2.58996
2.58551
2.585
2.5987
2.63505
2.69901
2.78901
2.89959
3.024
3.1555
3.2876
3.41781
3.54465
3.66223
3.77038
3.86916
3.95799
4.04001
4.11847
4.18848
4.24893
4.30079
4.34503
4.3832
4.4168
4.44346
4.46134
4.47191
4.47569
4.47504
4.47135
4.46172
4.44262
4.42004
4.39442
4.36616
4.33441
4.29981
4.26214
4.22227
4.17999
4.13603
4.09027
4.0433
3.99507
3.94612
3.89642
3.84644
3.79623
3.7462
3.69647
3.64744
3.59933
3.55256
3.50748
3.46461
3.42441
3.38739
3.35413
3.32521
3.30116
3.28249
3.26968
3.26338
3.26388
3.26514
3.26734
3.27168
3.27783
3.28339
3.28306
3.28107
3.27559
3.26529
3.25059
3.24348
4.96176
3.98084
3.50067
3.49911
3.57263
3.61951
3.55984
3.4152
3.28438
3.20078
3.13449
3.08044
3.01442
2.94648
2.8883
2.84397
2.80911
2.77702
2.74178
2.70665
2.67414
2.64557
2.62073
2.59959
2.58401
2.57671
2.5753
2.58678
2.61924
2.67859
2.76554
2.87472
2.99914
3.13111
3.26276
3.39313
3.52527
3.64493
3.75475
3.855
3.94581
4.02921
4.1066
4.17624
4.23691
4.28925
4.33408
4.3726
4.40548
4.43181
4.45026
4.46136
4.46556
4.46506
4.46217
4.45412
4.43685
4.41306
4.38709
4.35904
4.3279
4.29375
4.2566
4.21703
4.17516
4.13146
4.08605
4.03932
3.99141
3.94267
3.89325
3.84347
3.79352
3.7437
3.69424
3.64549
3.59775
3.5514
3.50687
3.46468
3.42524
3.3891
3.35679
3.32882
3.30564
3.28759
3.27492
3.26785
3.26715
3.26757
3.26861
3.2705
3.27296
3.27412
3.27278
3.26911
3.26255
3.25138
3.23663
3.23126
5.35569
4.55534
3.99617
3.73615
3.66367
3.64237
3.58507
3.45467
3.3112
3.21134
3.14001
3.07573
3.00619
2.93919
2.88336
2.83927
2.80435
2.77246
2.73755
2.70265
2.67109
2.64328
2.61972
2.60041
2.58584
2.57641
2.5737
2.58158
2.60857
2.66354
2.75031
2.85821
2.97946
3.11105
3.24474
3.37685
3.50625
3.62594
3.73549
3.83561
3.92679
4.01034
4.08716
4.15676
4.21802
4.2712
4.31675
4.35565
4.38828
4.41443
4.43328
4.44491
4.44956
4.44917
4.44689
4.44038
4.42591
4.40185
4.37539
4.34727
4.31661
4.28311
4.24669
4.20772
4.16643
4.12324
4.07834
4.03208
3.98466
3.93635
3.8874
3.83805
3.78856
3.73921
3.69031
3.64216
3.59515
3.54967
3.50626
3.46526
3.42723
3.39265
3.36201
3.33568
3.31395
3.29693
3.28456
3.27666
3.27329
3.27209
3.27089
3.26887
3.26595
3.26223
3.25686
3.24964
3.24028
3.22897
3.21495
3.21126
5.59033
4.90524
4.35711
3.98963
3.79758
3.70211
3.63711
3.53142
3.38827
3.2639
3.17493
3.09842
3.02535
2.95808
2.90028
2.85324
2.81487
2.77892
2.74184
2.70617
2.67415
2.64666
2.62412
2.60654
2.59389
2.58702
2.58859
2.59921
2.62744
2.6815
2.7588
2.856
2.96848
3.08537
3.21217
3.34186
3.47003
3.59169
3.70374
3.80587
3.89869
3.98341
4.06063
4.13063
4.19266
4.24683
4.29326
4.33278
4.3656
4.39193
4.41129
4.42369
4.42906
4.4288
4.42706
4.42196
4.41035
4.38768
4.36113
4.33275
4.30238
4.26956
4.234
4.19584
4.15534
4.11283
4.06863
4.02302
3.97626
3.9286
3.88031
3.83162
3.78286
3.73427
3.68623
3.63908
3.5932
3.54919
3.50739
3.46827
3.43235
3.40004
3.37173
3.34759
3.32769
3.3118
3.29952
3.29031
3.28374
3.27861
3.27316
3.26603
3.25693
3.24657
3.23556
3.22385
3.21132
3.199
3.18542
3.18353
5.74358
5.1514
4.6384
4.24526
3.98052
3.81792
3.71641
3.61468
3.49222
3.36782
3.25459
3.15841
3.07676
3.00545
2.94203
2.88748
2.84024
2.79726
2.75823
2.72211
2.68998
2.66379
2.64452
2.63267
2.62759
2.63013
2.64187
2.67089
2.71281
2.7587
2.8158
2.88728
2.97224
3.0688
3.16578
3.28013
3.40708
3.53566
3.65589
3.76446
3.86134
3.94774
4.02537
4.09544
4.15797
4.21307
4.26071
4.30132
4.335
4.36203
4.38226
4.39569
4.40224
4.40216
4.40094
4.39703
4.38778
4.36866
4.34266
4.31424
4.28408
4.25184
4.21717
4.18
4.14051
4.09897
4.0557
4.01098
3.96511
3.91834
3.87098
3.82327
3.77555
3.72812
3.6814
3.63572
3.5917
3.54969
3.51024
3.47376
3.44074
3.41145
3.3861
3.36462
3.34675
3.3319
3.3193
3.30807
3.2975
3.28685
3.27527
3.26154
3.24557
3.22813
3.21042
3.1932
3.17682
3.1627
3.14873
3.14815
5.8431
5.3279
4.86106
4.46952
4.17196
3.96176
3.81578
3.69953
3.58282
3.46229
3.34508
3.23981
3.14779
3.06758
2.99655
2.93434
2.87989
2.83198
2.78932
2.75161
2.72012
2.6978
2.68599
2.68625
2.69124
2.70885
2.75121
2.82109
2.87791
2.91244
2.94166
2.97525
3.01434
3.06697
3.13301
3.19969
3.30721
3.43911
3.57154
3.69661
3.80665
3.90104
3.98254
4.05391
4.11665
4.17204
4.22054
4.26225
4.29716
4.32543
4.34702
4.36188
4.36999
4.37076
4.36989
4.36684
4.35948
4.34404
4.32002
4.29246
4.26274
4.231
4.19711
4.16096
4.12264
4.08229
4.04022
3.99668
3.952
3.90643
3.86032
3.81393
3.76766
3.72185
3.67696
3.6334
3.59189
3.5527
3.5164
3.48337
3.45398
3.4283
3.40629
3.38754
3.37143
3.35701
3.34323
3.32897
3.3135
3.29628
3.27746
3.25584
3.23233
3.20765
3.1832
3.16005
3.13905
3.1219
3.1066
3.10651
5.90957
5.4546
5.03226
4.65884
4.34904
4.10959
3.92985
3.79
3.66727
3.54787
3.43097
3.32204
3.22229
3.13336
3.0553
2.98646
2.92638
2.87393
2.82875
2.79089
2.76266
2.74912
2.75026
2.75804
2.78172
2.83727
2.95097
3.06591
3.12996
3.14434
3.14203
3.13287
3.11256
3.11347
3.12586
3.162
3.22957
3.32005
3.4427
3.58247
3.71217
3.82574
3.92144
4.00142
4.06807
4.12493
4.17423
4.21634
4.25208
4.28141
4.30445
4.321
4.33102
4.33369
4.33308
4.33081
4.32518
4.31321
4.29214
4.26638
4.23761
4.20656
4.17351
4.13844
4.10141
4.06247
4.02186
3.97979
3.93661
3.89259
3.84811
3.80349
3.75918
3.71557
3.67313
3.6326
3.59429
3.55872
3.5264
3.49756
3.47236
3.4506
3.4319
3.41549
3.4004
3.38538
3.36921
3.35081
3.32949
3.3054
3.27814
3.24851
3.21751
3.18594
3.15519
3.12625
3.10026
3.0793
3.06108
3.06105
5.95682
5.55039
5.16355
4.81331
4.50874
4.25375
4.05022
3.88832
3.75289
3.63037
3.51421
3.40396
3.30046
3.20486
3.12214
3.04656
2.9811
2.92452
2.87745
2.84074
2.82104
2.82211
2.83037
2.85622
2.91857
3.05179
3.25687
3.40423
3.44508
3.43766
3.40994
3.34504
3.2504
3.18436
3.16606
3.17345
3.20092
3.26094
3.33765
3.44112
3.5675
3.69721
3.81643
3.91732
3.99949
4.0659
4.11989
4.16434
4.20057
4.2307
4.25494
4.2731
4.28533
4.29072
4.29051
4.28916
4.28533
4.27677
4.2594
4.23598
4.20878
4.17889
4.14689
4.11303
4.0774
4.04006
4.00117
3.9609
3.91958
3.87752
3.83514
3.79282
3.75107
3.71027
3.6713
3.63439
3.60019
3.56912
3.54151
3.51741
3.49662
3.47866
3.46273
3.44774
3.43242
3.41538
3.39544
3.37172
3.34409
3.31257
3.27691
3.23966
3.20188
3.16411
3.12771
3.09346
3.06255
3.03739
3.01525
3.01408
5.98958
5.62269
5.26953
4.93978
4.64375
4.38732
4.17108
3.99204
3.84278
3.71291
3.59443
3.48332
3.37866
3.28095
3.19259
3.11192
3.04245
2.98316
2.936
2.90385
2.90388
2.91072
2.93506
2.99633
3.12946
3.39864
3.67089
3.80008
3.79729
3.77227
3.70438
3.56414
3.42101
3.31351
3.2483
3.22629
3.23065
3.24971
3.29603
3.3567
3.43648
3.53757
3.66251
3.78228
3.88885
3.97698
4.04665
4.1007
4.14239
4.17504
4.20044
4.21968
4.23338
4.24134
4.24281
4.24216
4.23979
4.23399
4.22168
4.20107
4.17603
4.14787
4.11735
4.08494
4.05088
4.0153
3.97834
3.94019
3.90114
3.86152
3.82179
3.78242
3.74389
3.70695
3.67209
3.63981
3.61061
3.58475
3.56231
3.54302
3.52634
3.51143
3.49716
3.48215
3.46497
3.44431
3.41926
3.38951
3.355
3.31494
3.273
3.22954
3.18595
3.14279
3.10146
3.06255
3.0272
2.99791
2.97176
2.96776
6.01608
5.68162
5.35553
5.04659
4.76217
4.50768
4.28593
4.09613
3.9346
3.79578
3.67241
3.5593
3.45381
3.35517
3.2642
3.18184
3.10947
3.05078
3.00697
2.9965
3.00258
3.02574
3.08583
3.21938
3.49555
3.88152
4.13928
4.18738
4.16759
4.10399
3.96441
3.77674
3.61207
3.48281
3.38906
3.32885
3.2956
3.29592
3.30308
3.32662
3.37579
3.42994
3.50654
3.61184
3.72897
3.8391
3.93324
4.00863
4.06595
4.10832
4.13905
4.16139
4.17649
4.18626
4.1905
4.19028
4.18902
4.18548
4.17753
4.16136
4.13925
4.11347
4.08501
4.05447
4.02228
3.9887
3.95395
3.91826
3.88192
3.84531
3.80891
3.77323
3.7389
3.70669
3.67694
3.65017
3.62667
3.60645
3.58918
3.57426
3.56079
3.54761
3.53335
3.51648
3.49563
3.46983
3.43881
3.40184
3.35915
3.31377
3.26656
3.21812
3.16993
3.12241
3.07701
3.03426
2.99518
2.96229
2.93255
2.92475
6.03583
5.72852
5.42693
5.13689
4.86493
4.61563
4.39241
4.19645
4.02652
3.87817
3.74819
3.63167
3.52483
3.42612
3.33529
3.25377
3.18418
3.13059
3.1084
3.11326
3.13478
3.19352
3.3271
3.60593
4.05393
4.4243
4.55631
4.545
4.49669
4.38159
4.17875
3.98304
3.81548
3.67742
3.56642
3.47986
3.4155
3.37331
3.35015
3.35154
3.36126
3.38733
3.42392
3.47836
3.56237
3.66646
3.77382
3.87166
3.95305
4.01583
4.06129
4.0927
4.11367
4.1264
4.13331
4.13442
4.13386
4.13187
4.12696
4.11645
4.09809
4.07545
4.04976
4.0217
3.99184
3.96064
3.92847
3.89566
3.86257
3.82964
3.79734
3.76625
3.73729
3.71069
3.68695
3.66638
3.64892
3.63419
3.62147
3.60983
3.5981
3.58486
3.56859
3.54789
3.52164
3.48961
3.45068
3.40618
3.35881
3.30884
3.25752
3.20524
3.15356
3.10276
3.05433
3.00871
2.96678
2.93108
2.89856
2.88689
6.05868
5.77157
5.48819
5.21456
4.95442
4.71172
4.48971
4.29039
4.11387
3.95921
3.8226
3.7015
3.59285
3.49487
3.40692
3.33131
3.27131
3.24082
3.24515
3.26666
3.32712
3.46558
3.75445
4.23188
4.66584
4.87492
4.87293
4.84174
4.756
4.57772
4.37395
4.18838
4.0267
3.88627
3.76409
3.65847
3.56901
3.49597
3.44057
3.4029
3.38328
3.38506
3.39475
3.41626
3.45481
3.51117
3.60129
3.69908
3.79618
3.88202
3.95064
4.00119
4.03581
4.05782
4.06989
4.07488
4.07482
4.07395
4.0713
4.06513
4.05237
4.03364
4.01145
3.98661
3.95977
3.93158
3.90258
3.87324
3.84407
3.81559
3.78824
3.76313
3.74026
3.7202
3.70315
3.68903
3.67732
3.66722
3.65771
3.64767
3.63571
3.62024
3.59981
3.57357
3.54034
3.49983
3.45423
3.40547
3.35388
3.30023
3.24575
3.19076
3.13678
3.08389
3.03353
2.98606
2.94231
2.90466
2.87035
2.85543
6.07812
5.80948
5.54332
5.28357
5.03291
4.79641
4.5771
4.37695
4.19685
4.03679
3.89561
3.77106
3.6616
3.56585
3.48604
3.42425
3.39329
3.39809
3.42197
3.48878
3.64075
3.95538
4.44776
4.89531
5.13289
5.15897
5.13561
5.06558
4.9182
4.73476
4.55654
4.39183
4.23987
4.0991
3.96867
3.84891
3.74072
3.64518
3.56333
3.49618
3.4453
3.41094
3.39628
3.39881
3.40716
3.42733
3.46839
3.5311
3.61806
3.71035
3.79756
3.87173
3.92893
3.96873
3.9939
4.00697
4.01217
4.01206
4.01105
4.00808
4.00139
3.98781
3.96992
3.94901
3.92604
3.90178
3.87684
3.85184
3.82752
3.80433
3.78343
3.76491
3.74907
3.73616
3.72595
3.71777
3.71065
3.70363
3.69549
3.68497
3.67051
3.65052
3.62401
3.58959
3.54818
3.50203
3.45223
3.39922
3.34421
3.28776
3.23116
3.17455
3.11939
3.06553
3.01438
2.96614
2.9216
2.88303
2.84794
2.83089
6.09702
5.84282
5.58946
5.3404
5.10033
4.87071
4.65498
4.45588
4.27478
4.11222
3.96821
3.84311
3.73604
3.64968
3.58611
3.56019
3.56725
3.5976
3.67803
3.85541
4.21683
4.71241
5.13839
5.36237
5.39648
5.37761
5.31952
5.19674
5.04059
4.88517
4.73551
4.58933
4.44562
4.30494
4.16876
4.039
3.9175
3.80577
3.70512
3.61654
3.54111
3.47967
3.43377
3.40253
3.3936
3.39466
3.40142
3.42203
3.46643
3.53451
3.61703
3.70351
3.78199
3.84558
3.89203
3.92222
3.93889
3.94597
3.94651
3.94585
3.94342
3.93754
3.92541
3.90936
3.89102
3.87165
3.85184
3.83237
3.81396
3.79765
3.78392
3.77288
3.76447
3.75872
3.75456
3.75081
3.74649
3.74053
3.73172
3.71827
3.69892
3.67192
3.63654
3.59479
3.54845
3.49779
3.44387
3.3876
3.33012
3.27193
3.21428
3.15709
3.10176
3.04795
2.99697
2.94894
2.90462
2.8662
2.83132
2.81348
6.11566
5.87211
5.62988
5.39106
5.1591
4.93693
4.72722
4.53085
4.35019
4.18796
4.04552
3.92391
3.82859
3.76138
3.74451
3.75538
3.79539
3.8972
4.11348
4.53
5.0198
5.4012
5.58635
5.60475
5.58639
5.53245
5.42151
5.29331
5.16499
5.03791
4.9086
4.77472
4.63678
4.49673
4.35757
4.2218
4.09172
3.969
3.85506
3.75083
3.65729
3.57496
3.50518
3.44858
3.40647
3.38401
3.37317
3.3735
3.38009
3.40184
3.44908
3.5223
3.60319
3.68357
3.75348
3.80755
3.84424
3.86656
3.8767
3.88096
3.8808
3.87959
3.87591
3.8678
3.85549
3.84233
3.82863
3.81584
3.80465
3.79663
3.79091
3.78738
3.78657
3.78666
3.78631
3.78501
3.78181
3.775
3.76335
3.7441
3.71605
3.68041
3.63897
3.59232
3.54104
3.48641
3.42942
3.37098
3.31216
3.25328
3.19555
3.13868
3.08403
3.03111
2.98117
2.93429
2.89117
2.85404
2.82043
2.80342
6.13325
5.8975
5.66382
5.43447
5.21136
4.99652
4.79234
4.60175
4.42731
4.27134
4.13701
4.03144
3.9589
3.95469
3.97103
4.02424
4.1567
4.42982
4.87781
5.34849
5.67289
5.80977
5.80643
5.78075
5.71837
5.61195
5.50415
5.40013
5.29645
5.18766
5.07017
4.94381
4.81007
4.67196
4.53227
4.3939
4.2589
4.12926
4.00623
3.89095
3.78411
3.68651
3.59877
3.522
3.45687
3.40521
3.36849
3.35195
3.33645
3.33757
3.34688
3.37275
3.42694
3.50098
3.58123
3.65555
3.71652
3.7616
3.7906
3.80777
3.8156
3.82012
3.82068
3.82024
3.81857
3.81464
3.80842
3.80346
3.80172
3.80235
3.80422
3.80793
3.81377
3.81824
3.81783
3.81616
3.81194
3.80297
3.78482
3.75635
3.72101
3.6798
3.63283
3.58133
3.52622
3.46872
3.40986
3.35036
3.29126
3.23265
3.17566
3.1199
3.06662
3.01531
2.96719
2.92234
2.88138
2.84665
2.81528
2.80061
6.14552
5.91611
5.69271
5.4731
5.25868
5.05212
4.85744
4.67653
4.51229
4.37157
4.2616
4.1925
4.19508
4.22002
4.29501
4.46412
4.80928
5.26786
5.6861
5.93946
6.01859
6.00776
5.96765
5.88267
5.78479
5.69047
5.6035
5.51868
5.4289
5.32952
5.21878
5.09758
4.96784
4.83243
4.69381
4.55486
4.41754
4.28387
4.15488
4.03189
3.91534
3.80637
3.70529
3.613
3.53027
3.45812
3.3978
3.35102
3.32219
3.30099
3.28949
3.29247
3.30634
3.33902
3.40433
3.47806
3.55448
3.62295
3.6769
3.71518
3.7398
3.75554
3.76565
3.77348
3.78015
3.78584
3.79085
3.79646
3.80371
3.81318
3.82369
3.83483
3.84423
3.84642
3.84537
3.84207
3.83439
3.81821
3.79126
3.75703
3.71601
3.66922
3.61769
3.56253
3.50486
3.44574
3.38615
3.32662
3.26811
3.21054
3.15503
3.10107
3.04988
3.00096
2.95544
2.91345
2.87557
2.84426
2.81611
2.80534
6.16323
5.93546
5.71993
5.51096
5.30889
5.11576
4.9335
4.76663
4.62468
4.51664
4.46402
4.47241
4.51301
4.61987
4.8495
5.25349
5.69398
6.02841
6.20292
6.21618
6.19591
6.1393
6.03422
5.93893
5.85679
5.78426
5.71413
5.6398
5.55633
5.46138
5.35468
5.23743
5.11154
4.97948
4.84346
4.70568
4.56797
4.43196
4.29909
4.17052
4.04694
3.92925
3.8178
3.71369
3.61753
3.53007
3.45208
3.38501
3.33032
3.29151
3.26405
3.24292
3.24068
3.24668
3.26629
3.30946
3.37952
3.45696
3.53105
3.59409
3.64313
3.67907
3.70537
3.72585
3.74366
3.76063
3.7773
3.79445
3.8116
3.82922
3.8457
3.86252
3.86896
3.86814
3.86519
3.85821
3.84394
3.81891
3.78602
3.74597
3.6999
3.64896
3.59431
3.53705
3.47818
3.41863
3.35931
3.30065
3.24356
3.18791
3.13463
3.08319
3.03463
2.9886
2.94621
2.90779
2.87388
2.84683
2.82308
2.81769
6.19345
5.96195
5.75325
5.55624
5.36833
5.19163
5.0309
4.9002
4.80099
4.77717
4.79497
4.85958
5.01468
5.33355
5.7584
6.14245
6.38028
6.44906
6.43358
6.38209
6.27488
6.16901
6.07652
6.00274
5.94204
5.88543
5.82514
5.75616
5.67597
5.58391
5.48044
5.36684
5.24475
5.11612
4.98283
4.84671
4.70942
4.57244
4.43721
4.30454
4.17581
4.05142
3.93253
3.81948
3.71307
3.61379
3.52255
3.44008
3.36768
3.30684
3.25931
3.22702
3.20057
3.18653
3.18905
3.20136
3.23115
3.2917
3.36556
3.44452
3.51883
3.58215
3.63332
3.67423
3.70838
3.73899
3.76779
3.79571
3.82231
3.84632
3.86733
3.88125
3.88156
3.87971
3.8742
3.8622
3.83955
3.80745
3.7684
3.72339
3.67364
3.62021
3.56404
3.50611
3.44727
3.38844
3.33048
3.27375
3.21887
3.16566
3.11488
3.06622
3.02061
2.97801
2.93946
2.90554
2.87647
2.85473
2.8377
2.83748
6.25875
6.011
5.80225
5.61756
5.44854
5.29869
5.18148
5.11231
5.11846
5.15707
5.26628
5.5033
5.90991
6.32299
6.61138
6.73024
6.71793
6.66607
6.55046
6.40811
6.2869
6.19459
6.1273
6.0758
6.03069
5.98377
5.92931
5.86424
5.78738
5.69867
5.59884
5.48908
5.3708
5.2456
5.11505
4.98073
4.84408
4.70653
4.56941
4.43392
4.30105
4.17173
4.04667
3.92658
3.81211
3.70382
3.60243
3.50845
3.42295
3.34652
3.28114
3.22694
3.18872
3.15946
3.14006
3.1405
3.14741
3.16743
3.21064
3.28489
3.37201
3.46066
3.54136
3.61043
3.66827
3.71729
3.76006
3.79767
3.83123
3.85829
3.87949
3.88597
3.88484
3.88097
3.87177
3.85243
3.82156
3.78332
3.73938
3.6909
3.63899
3.58448
3.52812
3.47083
3.41347
3.3567
3.30102
3.24669
3.19422
3.14365
3.0956
3.05014
3.00805
2.96967
2.93598
2.90738
2.88444
2.86931
2.86196
2.86294
6.36651
6.10946
5.89139
5.71248
5.56991
5.47281
5.46055
5.48274
5.5625
5.74865
6.12635
6.56534
6.91685
7.09549
7.08765
7.03686
6.91201
6.71504
6.54657
6.41022
6.30811
6.23773
6.18907
6.15093
6.11448
6.07342
6.02372
5.96327
5.89117
5.80733
5.7122
5.60674
5.49223
5.37007
5.24178
5.1088
4.97266
4.83472
4.69623
4.55846
4.42239
4.28908
4.15924
4.03366
3.91289
3.79763
3.68829
3.5856
3.48989
3.40237
3.32345
3.25469
3.1974
3.15348
3.12419
3.10353
3.10028
3.10567
3.12239
3.15928
3.22636
3.32263
3.42426
3.52246
3.61024
3.68461
3.74587
3.79512
3.83335
3.86128
3.87962
3.8792
3.87654
3.86952
3.85382
3.82538
3.78925
3.74716
3.70055
3.65048
3.59785
3.54352
3.48836
3.43312
3.37821
3.32401
3.27094
3.21926
3.16949
3.12191
3.0771
3.03546
2.99772
2.96456
2.93676
2.91427
2.89933
2.89208
2.89247
2.89502
6.43175
6.24068
6.02221
5.86676
5.80082
5.81412
5.87448
6.0308
6.36033
6.84063
7.27266
7.53354
7.54857
7.50632
7.38293
7.13471
6.90878
6.712
6.55454
6.43623
6.35474
6.29883
6.25793
6.22392
6.19055
6.15311
6.10823
6.05361
5.98795
5.91049
5.82122
5.72069
5.61007
5.49073
5.36427
5.2322
5.09608
4.95737
4.81748
4.67756
4.53876
4.40206
4.26825
4.1382
4.01241
3.8916
3.77622
3.66676
3.56379
3.46781
3.37958
3.30005
3.23011
3.17163
3.12499
3.09416
3.07862
3.07935
3.08491
3.10076
3.13555
3.2031
3.29774
3.40882
3.52064
3.62225
3.70727
3.77326
3.8197
3.85051
3.86101
3.85928
3.85371
3.84144
3.81704
3.78397
3.74502
3.7014
3.65407
3.60393
3.55199
3.49931
3.44641
3.39374
3.34157
3.29024
3.24009
3.19147
3.14491
3.10087
3.06001
3.02299
2.99062
2.96394
2.94234
2.92839
2.92258
2.92328
2.92638
2.93516
6.42702
6.35492
6.20427
6.1692
6.20199
6.31844
6.58222
7.09987
7.63366
8.00265
8.10158
8.06447
7.93896
7.67554
7.3925
7.13163
6.91278
6.73501
6.59791
6.49933
6.42798
6.37373
6.33069
6.29411
6.25981
6.22397
6.18321
6.13459
6.07591
6.00564
5.92306
5.82813
5.72179
5.60539
5.48071
5.34936
5.21324
5.07372
4.93256
4.79075
4.64966
4.51016
4.37317
4.23955
4.10979
3.9847
3.86461
3.75013
3.64169
3.53964
3.44479
3.35779
3.27939
3.21106
3.1534
3.10946
3.07778
3.07108
3.07378
3.08272
3.10304
3.14382
3.21013
3.30072
3.41076
3.52376
3.62729
3.71204
3.77267
3.81145
3.82218
3.81983
3.81261
3.7969
3.76812
3.73245
3.69217
3.64829
3.60148
3.55276
3.50304
3.45288
3.40268
3.35288
3.30371
3.25557
3.20874
3.16368
3.12094
3.08116
3.04514
3.01378
2.98824
2.9681
2.95528
2.95153
2.95259
2.95673
2.96706
2.99033
6.43058
6.48544
6.52912
6.6401
6.88655
7.35516
7.97878
8.49372
8.72537
8.70092
8.58865
8.33145
7.98357
7.66502
7.38665
7.1488
6.95458
6.8035
6.68833
6.59653
6.52176
6.46009
6.40869
6.36492
6.32592
6.2885
6.24925
6.20475
6.15198
6.08852
6.0129
5.9244
5.82335
5.71092
5.5888
5.45888
5.32313
5.18321
5.04095
4.89753
4.75446
4.61255
4.47297
4.33644
4.20362
4.07526
3.95168
3.83362
3.72146
3.61574
3.51695
3.42553
3.34238
3.26831
3.20424
3.1516
3.11207
3.08603
3.0854
3.08869
3.09931
3.12394
3.17117
3.23068
3.31401
3.41111
3.51219
3.60496
3.67947
3.73162
3.75605
3.75502
3.7498
3.737
3.71076
3.67395
3.63316
3.58981
3.54478
3.49868
3.45185
3.40466
3.35754
3.31088
3.26505
3.22041
3.17735
3.13639
3.09818
3.06359
3.03347
3.00944
2.99112
2.97948
2.97813
2.97964
2.985
2.99781
3.01933
3.06204
6.38519
6.77662
7.15527
7.61858
8.29835
9.00303
9.42833
9.42262
9.33214
9.09029
8.66855
8.29952
7.9602
7.66819
7.41783
7.21326
7.05334
6.92458
6.81457
6.71822
6.63359
6.55976
6.49587
6.44074
6.39258
6.3489
6.30665
6.26239
6.21272
6.15448
6.0854
6.00397
5.90968
5.80299
5.68524
5.55828
5.42418
5.28485
5.14231
4.99797
4.85354
4.70991
4.56839
4.42964
4.29458
4.16386
4.03793
3.91753
3.80303
3.69502
3.59389
3.50026
3.41472
3.33797
3.27092
3.21437
3.1698
3.1372
3.12191
3.12257
3.12641
3.13686
3.16019
3.19765
3.24773
3.31247
3.38886
3.46886
3.5448
3.60739
3.65031
3.66421
3.66257
3.65603
3.64055
3.6092
3.57055
3.52888
3.4861
3.44276
3.39901
3.35513
3.31146
3.26837
3.22625
3.18552
3.14673
3.11051
3.07775
3.04941
3.02685
3.01118
3.00098
3.0013
3.00388
3.01133
3.02775
3.05955
3.08553
3.13251
6.14325
7.44708
8.48675
9.54384
10.2125
10.3362
10.2445
9.97158
9.45383
9.02468
8.61291
8.25355
7.96455
7.71168
7.50588
7.3435
7.20446
7.07997
6.96517
6.85859
6.76043
6.67135
6.59171
6.52145
6.45972
6.40492
6.35469
6.30601
6.25563
6.20006
6.13636
6.06202
5.97571
5.87682
5.76585
5.64421
5.51381
5.37673
5.23516
5.09087
4.94579
4.80105
4.65821
4.51796
4.38151
4.24939
4.12226
4.00082
3.88546
3.77696
3.67574
3.58239
3.49736
3.42123
3.35445
3.29754
3.25091
3.21455
3.18932
3.17528
3.17256
3.17337
3.17677
3.18677
3.20647
3.23738
3.27911
3.3301
3.3906
3.45245
3.50542
3.54103
3.55421
3.55302
3.54737
3.53309
3.50376
3.4668
3.42668
3.38579
3.34497
3.30458
3.26473
3.22567
3.1877
3.15147
3.11754
3.08704
3.06082
3.04026
3.02733
3.01978
3.02061
3.02462
3.03525
3.05799
3.09095
3.12968
3.15474
3.19645
5.22727
8.94189
11.0956
11.5577
11.4544
11.1112
10.4261
9.86111
9.34336
8.89132
8.53916
8.26086
8.01783
7.82048
7.66226
7.52094
7.38651
7.25617
7.13
7.00924
6.8951
6.78895
6.69183
6.60428
6.5262
6.45676
6.3944
6.33689
6.2815
6.22495
6.16403
6.09557
6.01722
5.92733
5.82536
5.71168
5.58766
5.45529
5.31681
5.17436
5.03004
4.88543
4.7423
4.6016
4.46471
4.33227
4.20538
4.08454
3.97034
3.86334
3.7641
3.67304
3.59059
3.51707
3.45251
3.39694
3.34983
3.31063
3.27856
3.25272
3.2335
3.21689
3.20276
3.18935
3.18495
3.18655
3.19307
3.20958
3.24397
3.29007
3.33941
3.38646
3.42027
3.43738
3.4371
3.43366
3.42334
3.40098
3.36672
3.32873
3.29079
3.25383
3.21794
3.18318
3.14995
3.11889
3.09086
3.06738
3.04909
3.03877
3.03473
3.03625
3.04214
3.05638
3.08582
3.12433
3.1624
3.19954
3.21921
3.25178
5.14868
10.6087
12.5652
12.3979
11.8261
10.9452
10.2141
9.59887
9.13565
8.80366
8.55323
8.33154
8.15316
8.00601
7.86486
7.72321
7.58032
7.43771
7.29741
7.16131
7.03107
6.90803
6.79341
6.6882
6.59267
6.50661
6.4293
6.35938
6.29495
6.23329
6.17141
6.1061
6.03433
5.95336
5.86137
5.75782
5.64311
5.51852
5.38597
5.24778
5.10625
4.96349
4.82152
4.68181
4.54585
4.41465
4.28926
4.17044
4.05894
3.95525
3.8599
3.77308
3.695
3.62551
3.56408
3.51004
3.462
3.41871
3.37854
3.34052
3.30404
3.26875
3.2344
3.20063
3.17107
3.14654
3.12795
3.12833
3.13287
3.14647
3.17595
3.21975
3.26365
3.29843
3.31892
3.32443
3.3228
3.31641
3.30134
3.27091
3.23805
3.20454
3.17222
3.14171
3.11363
3.08869
3.06797
3.05325
3.04483
3.045
3.04764
3.05606
3.07504
3.11174
3.15356
3.19636
3.23255
3.26266
3.27516
3.29782
4.81935
11.5569
12.5757
12.2119
11.3843
10.458
9.78224
9.33817
9.05228
8.83698
8.64708
8.49763
8.3621
8.22158
8.07306
7.91895
7.76265
7.60724
7.45457
7.30602
7.16275
7.02585
6.89623
6.77473
6.66211
6.55879
6.46491
6.3799
6.30285
6.23194
6.16496
6.09866
6.02972
5.95493
5.87229
5.77986
5.67654
5.56272
5.43949
5.30874
5.1728
5.03415
4.89532
4.75827
4.62493
4.49666
4.37473
4.25992
4.15312
4.0546
3.96484
3.8836
3.81066
3.74517
3.686
3.63162
3.58017
3.52988
3.47922
3.42744
3.37423
3.32057
3.26684
3.21435
3.16581
3.12096
3.08275
3.05534
3.04282
3.04414
3.05087
3.06785
3.10289
3.14372
3.1805
3.20489
3.21842
3.21807
3.21499
3.20577
3.18586
3.15806
3.1296
3.10332
3.08088
3.0629
3.05131
3.04745
3.0485
3.05342
3.06604
3.09254
3.13232
3.179
3.22535
3.26594
3.29582
3.31615
3.32237
3.33513
5.26031
11.5778
12.2416
11.7572
10.7418
9.97239
9.5169
9.277
9.10584
8.96329
8.8393
8.70637
8.56083
8.40484
8.24268
8.07799
7.91334
7.75021
7.58997
7.43341
7.28122
7.13419
6.993
6.8584
6.73131
6.61251
6.5027
6.40208
6.31057
6.2273
6.15085
6.07907
6.00929
5.93832
5.86235
5.77865
5.68638
5.58475
5.47349
5.35379
5.22743
5.09665
4.96393
4.83175
4.70292
4.5794
4.46275
4.35377
4.25331
4.16129
4.07794
4.00231
3.93376
3.87046
3.81096
3.75299
3.69469
3.63432
3.57117
3.50489
3.43635
3.36652
3.2968
3.22898
3.16461
3.10474
3.05186
3.00743
2.97468
2.95422
2.9545
2.95828
2.96965
2.9945
3.03384
3.07203
3.10149
3.11914
3.1251
3.12415
3.12001
3.10981
3.0892
3.06968
3.05384
3.04379
3.04399
3.04648
3.05426
3.07159
3.10556
3.14977
3.1999
3.24976
3.29391
3.32779
3.34879
3.35921
3.36126
3.36605
4.81084
11.7692
12.1898
11.5641
10.4722
9.79152
9.47659
9.33089
9.23437
9.12576
8.99507
8.84746
8.68958
8.52655
8.36127
8.1956
8.03022
7.86576
7.70294
7.54237
7.38459
7.2304
7.08052
6.93572
6.79693
6.66511
6.54125
6.42604
6.32
6.22307
6.1348
6.05392
5.97854
5.90616
5.83383
5.75843
5.67639
5.58565
5.48723
5.38071
5.26705
5.14793
5.02572
4.90295
4.78184
4.66492
4.55482
4.45275
4.35913
4.27366
4.1959
4.12432
4.05767
3.99335
3.92992
3.86505
3.79694
3.72464
3.64837
3.56848
3.4872
3.40481
3.32317
3.2437
3.1679
3.09704
3.03265
2.97591
2.92875
2.893
2.87007
2.86832
2.87078
2.87914
2.89853
2.93664
2.97576
3.00835
3.03117
3.04351
3.04921
3.04866
3.0461
3.04011
3.03421
3.03516
3.03965
3.05083
3.07395
3.11173
3.1609
3.21517
3.26913
3.3169
3.35436
3.37889
3.3903
3.39276
3.3926
3.39317
5.23633
11.609
12.0737
11.5066
10.4127
9.75325
9.48492
9.389
9.30842
9.19606
9.05806
8.90794
8.75293
8.59557
8.43666
8.2762
8.11477
7.9528
7.79074
7.62921
7.4689
7.31044
7.15463
7.00243
6.85485
6.71289
6.57765
6.45015
6.33122
6.22149
6.12107
6.02958
5.94603
5.86873
5.79531
5.72297
5.64878
5.57012
5.48352
5.38996
5.2904
5.1855
5.07703
4.96731
4.85851
4.75258
4.6511
4.55657
4.46931
4.38905
4.31473
4.24436
4.17608
4.10705
4.03607
3.96222
3.88276
3.79867
3.7101
3.61892
3.52584
3.43302
3.34245
3.2547
3.17128
3.09382
3.02115
2.95573
2.89846
2.8509
2.81439
2.79255
2.78802
2.79021
2.79787
2.81588
2.8523
2.89292
2.92929
2.95728
2.977
2.99057
3.00031
3.00774
3.01504
3.02827
3.04666
3.07247
3.11426
3.16547
3.22334
3.28152
3.33371
3.37528
3.40374
3.41806
3.42082
3.42025
3.41832
3.41446
4.66462
11.5253
12.1586
11.5272
10.3636
9.68649
9.44283
9.37157
9.30632
9.20477
9.07646
8.93564
8.78943
8.63987
8.48732
8.33202
8.17437
8.01487
7.85406
7.69259
7.53116
7.37046
7.21132
7.05456
6.90115
6.75208
6.60847
6.47149
6.34218
6.22148
6.11007
6.00816
5.91545
5.83113
5.75365
5.68092
5.61038
5.53931
5.46553
5.38597
5.30073
5.21115
5.11841
5.02408
4.92982
4.83745
4.74762
4.66156
4.58033
4.50315
4.43012
4.35709
4.28409
4.20677
4.12605
4.04039
3.94866
3.85252
3.7538
3.65383
3.55359
3.45477
3.35831
3.26551
3.17675
3.09349
3.01524
2.94376
2.87929
2.82323
2.7765
2.74153
2.72019
2.71643
2.71879
2.72674
2.74516
2.7824
2.82542
2.86609
2.90077
2.93009
2.95437
2.9774
3.00107
3.03073
3.06523
3.11049
3.16488
3.22557
3.28718
3.34365
3.38965
3.42258
3.44145
3.44592
3.44537
3.44317
3.43825
3.42929
4.48946
11.3647
12.1855
11.5209
10.3332
9.65453
9.41595
9.35746
9.30521
9.21381
9.09336
8.95893
8.81821
8.67342
8.52491
8.37291
8.21778
8.06008
7.90037
7.73921
7.57725
7.41521
7.25384
7.09393
6.9364
6.78223
6.63255
6.4885
6.35126
6.22193
6.10141
5.99037
5.88909
5.79737
5.71452
5.63923
5.56961
5.50334
5.43804
5.37175
5.30155
5.22827
5.15222
5.07478
4.99601
4.91763
4.83989
4.76267
4.68639
4.61082
4.535
4.45722
4.37646
4.28861
4.19668
4.09939
3.99769
3.89282
3.78666
3.68023
3.57469
3.47109
3.37063
3.27389
3.18158
3.09441
3.01266
2.93667
2.86711
2.80494
2.75089
2.70649
2.67368
2.65422
2.65432
2.65716
2.66598
2.68611
2.72674
2.77481
2.82253
2.86748
2.90919
2.94993
2.99256
3.03975
3.09413
3.15571
3.22123
3.28678
3.34718
3.39755
3.43499
3.45891
3.4673
3.46709
3.46551
3.46092
3.45073
3.44303
4.34717
11.1031
12.2446
11.5813
10.3744
9.67643
9.41909
9.35409
9.30457
9.21829
9.1019
8.9708
8.83358
8.69267
8.548
8.39955
8.24746
8.09217
7.93412
7.77374
7.61172
7.44886
7.28594
7.12376
6.9632
6.80524
6.65099
6.50159
6.35827
6.22217
6.09432
5.97565
5.86677
5.76798
5.67925
5.60003
5.52919
5.46514
5.40596
5.34933
5.29386
5.23651
5.17715
5.11707
5.05477
4.98923
4.92265
4.85342
4.78145
4.70561
4.6275
4.54234
4.45104
4.35378
4.2511
4.14423
4.03383
3.92185
3.80941
3.69816
3.58883
3.48226
3.37942
3.28039
3.186
3.09639
3.01207
2.93312
2.86005
2.79356
2.73419
2.68301
2.64169
2.61161
2.59844
2.5994
2.60397
2.61596
2.64184
2.68909
2.74518
2.80422
2.86373
2.92463
2.98837
3.05623
3.12893
3.20409
3.27707
3.34321
3.39853
3.44062
3.46944
3.48334
3.48529
3.4844
3.48128
3.47387
3.45842
3.45216
4.15682
10.7726
12.4201
11.7212
10.4294
9.67565
9.391
9.3262
9.28896
9.21496
9.10569
8.97879
8.84612
8.70934
8.56853
8.42298
8.27349
8.11975
7.96302
7.80262
7.64009
7.47624
7.31177
7.14751
6.98437
6.82334
6.6655
6.512
6.36404
6.22278
6.08927
5.96453
5.84937
5.74439
5.6501
5.56656
5.49338
5.42987
5.37467
5.32583
5.28171
5.2394
5.19774
5.1538
5.10571
5.05409
4.99682
4.93436
4.86543
4.78881
4.70583
4.61225
4.51153
4.40449
4.29244
4.17717
4.05987
3.94235
3.82565
3.71094
3.59917
3.49051
3.38611
3.28564
3.18984
3.09867
3.01246
2.93153
2.85594
2.7862
2.723
2.66706
2.61957
2.58237
2.55706
2.55305
2.5552
2.56267
2.5802
2.61676
2.6761
2.74576
2.82192
2.90323
2.98886
3.07711
3.16598
3.25105
3.32709
3.39038
3.43881
3.47299
3.49331
3.49964
3.49931
3.49755
3.49281
3.48252
3.46146
3.45952
3.92999
10.4085
12.8071
12.0128
10.532
9.66297
9.33474
9.27409
9.25275
9.20279
9.10082
8.9776
8.84733
8.71547
8.57879
8.4364
8.29121
8.13809
7.98493
7.825
7.66264
7.49851
7.33305
7.16717
7.00187
6.83821
6.67732
6.52039
6.36863
6.22319
6.08513
5.95549
5.83519
5.72502
5.62582
5.53812
5.46215
5.39816
5.34493
5.30222
5.2667
5.23677
5.20954
5.18055
5.14671
5.10616
5.05729
5.00007
4.93325
4.85468
4.76518
4.66395
4.55493
4.43987
4.32068
4.1993
4.0771
3.95567
3.83601
3.71901
3.60558
3.4957
3.39027
3.28894
3.19228
3.1003
3.01295
2.93073
2.85347
2.78179
2.71603
2.65689
2.60521
2.5628
2.53074
2.51696
2.51826
2.52359
2.53686
2.56499
2.62085
2.69566
2.78494
2.88498
2.99102
3.09792
3.20006
3.29134
3.36719
3.42605
3.46783
3.49578
3.50863
3.51058
3.50985
3.50728
3.50118
3.48851
3.46544
3.46216
4.13687
9.7516
13.3069
12.4736
10.7514
9.72102
9.33362
9.26315
9.24555
9.20129
9.1058
8.9876
8.85215
8.72097
8.5875
8.44398
8.30189
8.15253
7.99728
7.83827
7.6764
7.51218
7.34631
7.17969
7.01331
6.84827
6.68569
6.52683
6.37281
6.22481
6.08392
5.95109
5.82737
5.71363
5.61088
5.52009
5.44178
5.37686
5.32485
5.28571
5.25609
5.23513
5.2185
5.2008
5.17754
5.14594
5.10368
5.04911
4.98353
4.90144
4.80608
4.69895
4.58386
4.46334
4.33952
4.21421
4.08876
3.96462
3.84282
3.72405
3.60936
3.49855
3.39246
3.2907
3.19361
3.10126
3.01329
2.93034
2.85206
2.77911
2.71168
2.65051
2.5963
2.55046
2.51476
2.49308
2.49383
2.4979
2.50878
2.53269
2.58145
2.65876
2.75743
2.87216
2.9948
3.11584
3.22687
3.32101
3.39509
3.44965
3.48657
3.50976
3.51811
3.51796
3.51673
3.51324
3.50566
3.49213
3.46991
3.46359
3.53927
9.73983
13.7497
12.6021
10.7316
9.69348
9.31449
9.24871
9.23309
9.1916
9.10066
8.98574
8.85319
8.72455
8.59222
8.45336
8.3077
8.16322
8.00824
7.84874
7.68673
7.52197
7.35526
7.18759
7.02002
6.85369
6.68975
6.52947
6.37401
6.22452
6.08203
5.94755
5.82204
5.70646
5.60191
5.50943
5.42981
5.36436
5.31301
5.27509
5.24902
5.23265
5.22169
5.21018
5.19284
5.16678
5.12706
5.07546
5.00813
4.92394
4.82461
4.71393
4.59567
4.47246
4.34653
4.21951
4.09273
3.96751
3.84485
3.72546
3.6103
3.49918
3.39284
3.29096
3.19364
3.10115
3.0129
2.92964
2.85095
2.77741
2.70927
2.64715
2.59176
2.54428
2.5069
2.48113
2.48145
2.48472
2.49434
2.51605
2.56083
2.63915
2.74276
2.86595
2.99796
3.12675
3.24214
3.33708
3.40965
3.46152
3.49592
3.51636
3.52252
3.52211
3.52035
3.516
3.507
3.49426
3.47201
3.46464
)
;

boundaryField
{
    inlet
    {
        type            fixedValue;
        value           uniform 1;
    }
    outlet
    {
        type            waveTransmissive;
        gamma           1.4;
        fieldInf        1;
        lInf            3;
        value           nonuniform List<scalar> 
40
(
3.23643
3.22928
3.21684
3.19646
3.16833
3.13258
3.09081
3.0455
2.99889
2.95305
2.91067
2.8735
2.8427
2.81872
2.80176
2.79203
2.78942
2.79424
2.8066
2.82631
2.85174
2.88359
2.92336
2.97781
3.04905
3.11938
3.18335
3.23867
3.28467
3.32184
3.35261
3.37967
3.40061
3.41517
3.42871
3.43784
3.44485
3.44724
3.44875
3.44981
)
;
    }
    bottom
    {
        type            symmetryPlane;
    }
    top
    {
        type            symmetryPlane;
    }
    obstacle
    {
        type            zeroGradient;
    }
    defaultFaces
    {
        type            empty;
    }
}


// ************************************************************************* //
