/*--------------------------------*- C++ -*----------------------------------*\
  =========                 |
  \\      /  F ield         | OpenFOAM: The Open Source CFD Toolbox
   \\    /   O peration     | Website:  https://openfoam.org
    \\  /    A nd           | Version:  6
     \\/     M anipulation  |
\*---------------------------------------------------------------------------*/
FoamFile
{
    version     2.0;
    format      ascii;
    class       volScalarField;
    location    "3";
    object      Ma;
}
// * * * * * * * * * * * * * * * * * * * * * * * * * * * * * * * * * * * * * //

dimensions      [0 0 0 0 0 0 0];

internalField   nonuniform List<scalar> 
5250
(
2.99989
2.9997
2.99912
2.99817
2.99505
2.99002
2.97363
2.94454
2.86428
2.68449
2.30412
1.51205
0.446088
0.0650184
0.126801
0.304493
0.350363
0.316875
0.255709
0.198333
0.160873
0.129686
0.0963279
0.062818
0.0443638
2.99989
2.9997
2.99912
2.99818
2.99507
2.99007
2.97374
2.94477
2.8648
2.68577
2.3065
1.51684
0.45138
0.0645517
0.1366
0.310978
0.354162
0.319961
0.25999
0.20549
0.170144
0.140614
0.110165
0.0822252
0.0690914
2.99989
2.9997
2.99913
2.9982
2.99512
2.99016
2.97397
2.94528
2.86594
2.68863
2.31188
1.52863
0.464557
0.0641368
0.15444
0.321334
0.360772
0.32633
0.269272
0.220323
0.189393
0.163575
0.138434
0.117711
0.108778
2.99989
2.99971
2.99914
2.99822
2.99519
2.9903
2.97433
2.94608
2.8677
2.69331
2.32052
1.54882
0.487151
0.0693389
0.178531
0.335272
0.370752
0.337291
0.284922
0.242791
0.217001
0.195875
0.176327
0.161509
0.155675
2.99989
2.99972
2.99916
2.99826
2.99528
2.99049
2.97481
2.9472
2.8701
2.69948
2.33261
1.57202
0.519141
0.0868829
0.206977
0.351916
0.383636
0.352468
0.305996
0.270866
0.250043
0.233596
0.219246
0.209028
0.205452
2.9999
2.99972
2.99918
2.9983
2.9954
2.99075
2.97542
2.94867
2.87318
2.70714
2.34855
1.59867
0.562023
0.117769
0.239005
0.368454
0.398226
0.371079
0.331485
0.303326
0.288023
0.276241
0.266882
0.261038
0.259777
2.9999
2.99973
2.99921
2.99836
2.99555
2.99106
2.97619
2.95048
2.87703
2.71685
2.3685
1.63292
0.616459
0.161038
0.274195
0.385669
0.415214
0.393248
0.361674
0.339962
0.330392
0.324486
0.320929
0.320443
0.322791
2.99991
2.99974
2.99924
2.99843
2.99573
2.99144
2.97712
2.95266
2.88178
2.72829
2.39293
1.67414
0.680339
0.215158
0.312322
0.40387
0.434321
0.418617
0.395617
0.380723
0.377125
0.377946
0.382717
0.391185
0.401829
2.99991
2.99976
2.99928
2.99851
2.99595
2.99188
2.97824
2.95511
2.88743
2.74195
2.42105
1.72495
0.752375
0.279389
0.350934
0.421835
0.454812
0.446771
0.432506
0.425592
0.428895
0.438266
0.455316
0.479991
0.513798
2.99992
2.99977
2.99933
2.99861
2.9962
2.9924
2.97957
2.95798
2.89413
2.75787
2.45443
1.78547
0.836228
0.353485
0.385603
0.440769
0.476051
0.47664
0.470569
0.471524
0.483377
0.505759
0.542499
0.597497
0.701577
2.99992
2.99979
2.99938
2.99872
2.9965
2.99301
2.98114
2.96142
2.90214
2.77681
2.49507
1.86068
0.941654
0.435673
0.414944
0.462649
0.499196
0.507473
0.509109
0.518563
0.541063
0.580521
0.641214
0.741233
0.898885
2.99993
2.99981
2.99944
2.99885
2.99685
2.99372
2.98298
2.96539
2.91137
2.79984
2.54306
1.95405
1.07339
0.527651
0.443626
0.481778
0.520437
0.537775
0.548313
0.566863
0.600277
0.653411
0.730375
0.848548
1.01349
2.99994
2.99984
2.99952
2.99899
2.99725
2.99453
2.98515
2.97002
2.92275
2.825
2.60343
2.05876
1.22849
0.625361
0.46946
0.500042
0.542602
0.569912
0.588287
0.614129
0.654581
0.712858
0.79483
0.905545
1.04259
2.99995
2.99986
2.99959
2.99914
2.99765
2.99534
2.98734
2.97454
2.93373
2.85427
2.66087
2.20539
1.42802
0.736857
0.507535
0.531644
0.574559
0.607676
0.629498
0.658369
0.701284
0.758948
0.836255
0.932975
1.04781
2.99996
2.99989
2.99966
2.99929
2.99805
2.99613
2.98951
2.97906
2.94493
2.88313
2.71843
2.36671
1.67105
0.85478
0.563282
0.584298
0.621411
0.654059
0.674917
0.701054
0.74249
0.796086
0.866674
0.949401
1.04586
2.99997
2.99991
2.99972
2.99941
2.99838
2.99679
2.99127
2.98261
2.95395
2.90267
2.76353
2.46083
1.84048
0.941782
0.603581
0.624886
0.663086
0.698633
0.719146
0.742146
0.778676
0.827301
0.89009
0.963414
1.04509
2.99998
2.99993
2.99977
2.99952
2.99867
2.99737
2.99282
2.98578
2.96208
2.91982
2.80627
2.53743
2.02444
1.09764
0.696193
0.660059
0.693599
0.726452
0.75353
0.777506
0.811203
0.854047
0.908842
0.973272
1.04463
2.99998
2.99994
2.99982
2.99961
2.99894
2.99789
2.99424
2.98863
2.96951
2.93615
2.84306
2.62445
2.19846
1.33537
0.829768
0.696825
0.71604
0.745005
0.777578
0.805737
0.838696
0.879669
0.927123
0.983281
1.04561
2.99999
2.99996
2.99986
2.9997
2.99918
2.99837
2.99553
2.99126
2.97632
2.95166
2.87898
2.71672
2.38471
1.64244
1.00324
0.763837
0.755571
0.773811
0.803789
0.83346
0.864513
0.901541
0.945252
0.994133
1.04865
2.99999
2.99997
2.99989
2.99977
2.99937
2.99876
2.99659
2.99337
2.98178
2.96387
2.90588
2.79372
2.5244
1.94939
1.18016
0.838645
0.801859
0.813798
0.838315
0.8679
0.895454
0.927033
0.964565
1.00791
1.0547
3
2.99998
2.99992
2.99983
2.99954
2.99908
2.99748
2.9951
2.98663
2.97333
2.93116
2.84266
2.64205
2.14625
1.40679
0.946805
0.842154
0.847451
0.868884
0.898215
0.924697
0.952534
0.984925
1.02254
1.06422
3
2.99999
2.99994
2.99988
2.99966
2.99932
2.99813
2.99638
2.98998
2.9805
2.94762
2.89008
2.7351
2.39301
1.74157
1.1018
0.897611
0.885946
0.901225
0.926478
0.953577
0.979016
1.0066
1.0385
1.07458
3
2.99999
2.99996
2.99991
2.99976
2.99951
2.99866
2.99741
2.99283
2.98613
2.96238
2.9228
2.80867
2.56823
2.05349
1.29167
0.971313
0.921597
0.932178
0.953551
0.98025
1.00533
1.03069
1.05849
1.08926
3
3
2.99998
2.99994
2.99983
2.99966
2.99907
2.9982
2.995
2.99041
2.97386
2.94698
2.86557
2.68727
2.32331
1.57716
1.11701
0.972698
0.965727
0.977803
1.00065
1.02682
1.05137
1.0768
1.10464
3
3
2.99999
2.99996
2.99989
2.99977
2.99937
2.99877
2.99661
2.99352
2.98204
2.96489
2.90786
2.80097
2.53583
2.00059
1.31653
1.05518
1.01386
1.01434
1.02928
1.05142
1.07417
1.09722
1.12174
3.00001
3
2.99999
2.99997
2.99994
2.99983
2.99965
2.99904
2.99815
2.99491
2.99016
2.97356
2.9453
2.86262
2.68155
2.2992
1.59383
1.17493
1.05485
1.04574
1.05432
1.07394
1.09784
1.11976
1.14171
3.00001
3
3
2.99998
2.99996
2.99989
2.99977
2.99937
2.99879
2.99661
2.99365
2.98214
2.96565
2.90912
2.80606
2.54564
2.033
1.38941
1.13127
1.08895
1.08766
1.10091
1.12184
1.14257
1.16251
3.00001
3.00001
3
2.99999
2.99998
2.99993
2.99986
2.99961
2.99926
2.99795
2.99615
2.98962
2.9791
2.94603
2.8744
2.70834
2.29475
1.67419
1.23941
1.12398
1.11507
1.12477
1.14249
1.1648
1.18455
3.00001
3.00001
3
3
2.99999
2.99996
2.99991
2.99975
2.99952
2.99866
2.99749
2.99281
2.98658
2.96236
2.92491
2.80633
2.58938
2.04632
1.47014
1.20474
1.15267
1.15099
1.1613
1.17991
1.20265
3.00001
3.00001
3.00001
3
3
2.99998
2.99994
2.99989
2.99968
2.99939
2.99836
2.99679
2.99165
2.98205
2.95428
2.89069
2.74077
2.39098
1.7902
1.34526
1.20321
1.18062
1.18419
1.19771
1.21732
3.00001
3.00001
3.00001
3
3
2.99999
2.99998
2.99992
2.99985
2.99958
2.9992
2.99789
2.99577
2.98905
2.97537
2.9376
2.84898
2.65498
2.19934
1.59665
1.29531
1.22429
1.21488
1.22086
1.2347
3.00001
3.00001
3.00001
3.00001
3
3
2.99999
2.99995
2.99991
2.99973
2.9995
2.99854
2.99737
2.99224
2.9859
2.96003
2.91975
2.79872
2.55168
2.03231
1.49231
1.2818
1.24708
1.24473
1.25342
3.00001
3.00001
3.00001
3.00001
3.00001
3
3
2.99998
2.99995
2.99985
2.99971
2.99916
2.99849
2.99556
2.99206
2.97698
2.95608
2.88267
2.74671
2.41819
1.84598
1.42839
1.29287
1.27252
1.27284
3.00001
3.00001
3.00001
3.00001
3.00001
3
3
2.99999
2.99998
2.99992
2.99985
2.99958
2.99923
2.99785
2.99603
2.98915
2.9779
2.94096
2.86126
2.67598
2.25548
1.69932
1.39017
1.31168
1.29939
3.00001
3.00001
3.00001
3.00001
3.00001
3.00001
3
3
2.99999
2.99996
2.99992
2.99976
2.99956
2.9987
2.99772
2.99318
2.98788
2.96449
2.93117
2.81957
2.61767
2.12823
1.64019
1.39913
1.33922
3.00001
3.00001
3.00001
3.00001
3.00001
3.00001
3.00001
3
3
2.99999
2.99996
2.99992
2.99976
2.99955
2.99879
2.99766
2.9938
2.98666
2.96446
2.91811
2.79371
2.53946
2.04185
1.59092
1.40291
3.00001
3.00001
3.00001
3.00001
3.00001
3.00001
3.00001
3.00001
3
3
2.99999
2.99997
2.99993
2.99985
2.99964
2.99931
2.99805
2.99593
2.9869
2.96502
2.90557
2.7586
2.44434
1.94438
1.53773
3.00001
3.00001
3.00001
3.00001
3.00001
3.00001
3.00001
3.00001
3.00001
3
3
2.99998
2.99996
2.99986
2.99975
2.9992
2.99864
2.99565
2.99249
2.97653
2.9564
2.87619
2.74501
2.39927
1.90389
3.00001
3.00001
3.00001
3.00001
3.00001
3.00001
3.00001
3.00001
3.00001
3.00001
3
3
2.99998
2.99995
2.99984
2.99971
2.99914
2.99848
2.99543
2.99162
2.97509
2.9516
2.86435
2.72726
2.34146
3.00001
3.00001
3.00001
3.00001
3.00001
3.00001
3.00001
3.00001
3.00001
3.00001
3.00001
3
3
2.99997
2.99995
2.99983
2.99969
2.99909
2.99838
2.99518
2.99106
2.97363
2.94799
2.85595
2.71083
3.00001
3.00001
3.00001
3.00001
3.00001
3.00001
3.00001
3.00001
3.00001
3.00001
3.00001
3.00001
3
3
2.99998
2.99995
2.99989
2.99972
2.99944
2.99813
2.99755
2.99022
2.97718
2.94454
2.85289
3.00001
3.00001
3.00001
3.00001
3.00001
3.00001
3.00001
3.00001
3.00001
3.00001
3.00001
3.00001
3.00001
3
3
2.99999
2.99996
2.99991
2.99974
2.9995
2.99811
2.99778
2.99034
2.97509
2.94588
3.00001
3.00001
3.00001
3.00001
3.00001
3.00001
3.00001
3.00001
3.00001
3.00001
3.00001
3.00001
3.00001
3.00001
3
3
2.99999
2.99997
2.99992
2.99975
2.99955
2.99822
2.99779
2.99085
2.97738
3.00001
3.00001
3.00001
3.00001
3.00001
3.00001
3.00001
3.00001
3.00001
3.00001
3.00001
3.00001
3.00001
3.00001
3.00001
3.00001
3
3
2.99997
2.99993
2.99971
2.99953
2.99821
2.99804
2.99095
3.00001
3.00001
3.00001
3.00001
3.00001
3.00001
3.00001
3.00001
3.00001
3.00001
3.00001
3.00001
3.00001
3.00001
3.00001
3.00001
3.00001
3
2.99999
2.99998
2.99991
2.99984
2.99932
2.99913
2.99561
3.00001
3.00001
3.00001
3.00001
3.00001
3.00001
3.00001
3.00001
3.00001
3.00001
3.00001
3.00001
3.00001
3.00001
3.00001
3.00001
3.00001
3
3
2.99999
2.99994
2.99992
2.99959
2.99894
2.99785
3.00001
3.00001
3.00001
3.00001
3.00001
3.00001
3.00001
3.00001
3.00001
3.00001
3.00001
3.00001
3.00001
3.00001
3.00001
3.00001
3.00001
3.00001
3
2.99998
2.99991
2.9999
2.99961
2.99917
2.99583
3.00001
3.00001
3.00001
3.00001
3.00001
3.00001
3.00001
3.00001
3.00001
3.00001
3.00001
3.00001
3.00001
3.00001
3.00001
3.00001
3.00001
3.00001
3
3
2.99996
2.99995
2.99958
2.99927
2.99607
3.00001
3.00001
3.00001
3.00001
3.00001
3.00001
3.00001
3.00001
3.00001
3.00001
3.00001
3.00001
3.00001
3.00001
3.00001
3.00001
3.00001
3.00001
3
2.99999
2.99997
2.99986
2.99974
2.99878
2.9982
3.00001
3.00001
3.00001
3.00001
3.00001
3.00001
3.00001
3.00001
3.00001
3.00001
3.00001
3.00001
3.00001
3.00001
3.00001
3.00001
3.00001
3.00001
3
2.99999
2.99993
2.99993
2.99974
2.99949
2.99741
1.12161
1.34184
1.49205
1.58108
1.60362
1.56829
1.49957
1.41978
1.30067
1.18918
1.11409
1.08212
1.07492
1.07569
1.07591
1.07457
1.07079
1.06451
1.0566
1.04991
1.04489
1.04108
1.03811
1.03555
1.03313
1.03041
1.0261
1.01786
1.00071
0.964869
0.889438
0.7368
0.436675
0.132738
0.163161
0.192679
0.197569
0.248897
0.304069
0.340762
0.359395
0.359726
0.341528
0.311961
0.26896
0.215907
0.156588
0.100305
0.0571191
0.0547055
0.0903449
0.118369
0.152611
0.187433
0.219472
0.248916
0.279354
0.309708
0.338778
0.36603
0.392743
0.418368
0.443893
0.468471
0.493164
0.516897
0.540957
0.564043
0.58761
0.610282
0.633488
0.655943
0.678915
0.701215
0.723999
0.746103
0.768649
0.790483
0.812738
0.834236
0.8562
0.87733
0.899039
0.919798
0.941275
0.961649
0.982861
1.00277
1.02364
1.04298
1.06346
1.08215
1.10231
1.1204
1.1403
1.15777
1.17696
1.19258
1.20768
1.21635
1.1772
1.32097
1.41966
1.47554
1.49306
1.48739
1.48226
1.49443
1.51918
1.53662
1.53934
1.52789
1.50742
1.48361
1.46388
1.45171
1.44615
1.44342
1.44143
1.43948
1.43729
1.43504
1.43285
1.43083
1.429
1.4271
1.42431
1.41825
1.40493
1.37627
1.31389
1.18403
0.919855
0.587254
0.385994
0.300553
0.24135
0.178756
0.116233
0.0679913
0.0601633
0.08194
0.0906394
0.0682639
0.0913794
0.137546
0.172251
0.208753
0.245525
0.280099
0.312075
0.342036
0.372358
0.402069
0.430201
0.456027
0.482169
0.508717
0.534697
0.559231
0.583272
0.606355
0.629461
0.651794
0.674382
0.69622
0.718454
0.740007
0.761965
0.783422
0.805177
0.826631
0.848319
0.869741
0.891504
0.912766
0.934686
0.955603
0.977542
0.998079
1.01968
1.03985
1.06098
1.08067
1.10145
1.12073
1.1412
1.16016
1.18046
1.19915
1.21943
1.23807
1.25844
1.27693
1.29712
1.31486
1.33419
1.34976
1.36518
1.3731
1.1668
1.27517
1.36533
1.44104
1.50843
1.57489
1.63846
1.69363
1.73733
1.7653
1.77212
1.76868
1.75696
1.73558
1.71015
1.68983
1.6747
1.66493
1.65874
1.65459
1.65128
1.64866
1.64646
1.64447
1.64285
1.64106
1.639
1.63521
1.6259
1.60734
1.56282
1.47713
1.27439
0.979281
0.736082
0.6331
0.561934
0.491613
0.41613
0.342978
0.278962
0.240774
0.242397
0.285765
0.340067
0.387335
0.423579
0.452246
0.478061
0.502307
0.525321
0.547226
0.569418
0.591452
0.613438
0.633543
0.653982
0.674927
0.697013
0.717933
0.738712
0.758765
0.778785
0.798568
0.818029
0.837692
0.85676
0.876499
0.895486
0.915308
0.934426
0.954113
0.973505
0.99305
1.01286
1.03242
1.05269
1.07227
1.09277
1.11235
1.13265
1.15213
1.17212
1.19129
1.21093
1.22975
1.24897
1.2674
1.28668
1.30485
1.32447
1.34226
1.36242
1.3799
1.40057
1.41782
1.43782
1.4545
1.47005
1.48114
1.15715
1.25639
1.3454
1.42763
1.50406
1.57526
1.64048
1.69792
1.74553
1.78105
1.80723
1.82381
1.83138
1.8322
1.82979
1.82098
1.80783
1.79468
1.7822
1.7714
1.76341
1.75832
1.75539
1.75389
1.75319
1.75271
1.75199
1.74991
1.74541
1.73398
1.70921
1.65203
1.52644
1.28855
0.993496
0.874062
0.80387
0.729963
0.655734
0.579962
0.514453
0.48096
0.490378
0.529043
0.577782
0.61965
0.649623
0.668065
0.680719
0.692443
0.704779
0.717674
0.731713
0.746676
0.76313
0.779186
0.795207
0.811671
0.829758
0.848352
0.866593
0.885066
0.903069
0.921821
0.939821
0.958594
0.97649
0.994939
1.01275
1.03086
1.04866
1.06647
1.08433
1.10178
1.11982
1.13702
1.1552
1.17244
1.19054
1.20781
1.22572
1.24273
1.26037
1.27702
1.29453
1.31102
1.32889
1.34524
1.36356
1.37956
1.39817
1.41421
1.43281
1.44969
1.46765
1.48583
1.5027
1.52093
1.5345
1.5476
1.14361
1.23639
1.32217
1.4017
1.47598
1.54486
1.60839
1.66657
1.71927
1.76652
1.80837
1.84319
1.87077
1.8901
1.90025
1.90111
1.89918
1.89241
1.88223
1.87087
1.85997
1.8496
1.84144
1.8355
1.83139
1.82892
1.82716
1.82579
1.82304
1.8162
1.80237
1.76728
1.6988
1.53303
1.28551
1.07062
0.970597
0.901853
0.823733
0.737612
0.67037
0.647147
0.661358
0.699967
0.747709
0.788104
0.814926
0.83136
0.837193
0.838426
0.840894
0.846182
0.854133
0.86424
0.876234
0.889307
0.902273
0.916217
0.931178
0.948105
0.964589
0.981609
0.997939
1.01504
1.03183
1.0493
1.06641
1.08367
1.10053
1.11737
1.13436
1.15118
1.1687
1.18562
1.20331
1.22017
1.2376
1.25423
1.27136
1.28768
1.30477
1.32072
1.33772
1.35319
1.36993
1.38476
1.40093
1.41512
1.43086
1.44473
1.46016
1.47449
1.48928
1.50511
1.51971
1.53689
1.55132
1.56902
1.58117
1.59426
1.13188
1.21692
1.29756
1.37286
1.4436
1.50947
1.57148
1.62894
1.68292
1.73221
1.77768
1.81839
1.85451
1.88476
1.90909
1.92602
1.9368
1.94016
1.93989
1.93684
1.93003
1.9208
1.91087
1.90075
1.89175
1.88476
1.88006
1.87683
1.87474
1.87138
1.86295
1.84649
1.80477
1.72248
1.52787
1.27999
1.1148
1.0154
0.917859
0.821311
0.758927
0.746005
0.763821
0.806329
0.859364
0.90427
0.930674
0.944706
0.953304
0.955599
0.953126
0.952704
0.956036
0.962291
0.970996
0.982119
0.994305
1.00724
1.02052
1.03556
1.0512
1.06744
1.08329
1.09922
1.11455
1.13006
1.14557
1.16139
1.17741
1.19307
1.20907
1.22444
1.24047
1.25584
1.27189
1.28721
1.30318
1.31834
1.33422
1.34914
1.36479
1.3795
1.39498
1.40932
1.42435
1.43813
1.45258
1.46566
1.47937
1.49207
1.50486
1.51808
1.53016
1.54382
1.55628
1.5713
1.58417
1.6003
1.61166
1.62395
1.12131
1.1984
1.27331
1.34437
1.41171
1.47506
1.53493
1.59129
1.64436
1.69416
1.74061
1.78377
1.82335
1.85937
1.89143
1.91924
1.94178
1.9585
1.96978
1.97481
1.97484
1.97313
1.96821
1.96099
1.95252
1.94362
1.93515
1.92815
1.923
1.91858
1.91361
1.90324
1.88173
1.83159
1.72634
1.51297
1.25441
1.10269
0.963548
0.841674
0.792149
0.791443
0.81755
0.868968
0.92927
0.977441
1.00685
1.02251
1.03325
1.04271
1.04569
1.04421
1.0439
1.04687
1.05263
1.06135
1.0721
1.08334
1.09519
1.10832
1.12228
1.13637
1.15023
1.16426
1.17822
1.19206
1.2059
1.21947
1.2335
1.24735
1.2619
1.2762
1.29095
1.30514
1.31961
1.33345
1.34784
1.36184
1.37661
1.39101
1.40612
1.42055
1.43549
1.44956
1.46399
1.47742
1.49106
1.50387
1.51646
1.52891
1.54048
1.55269
1.56393
1.57606
1.58726
1.59997
1.61158
1.62547
1.63602
1.64647
1.11294
1.18213
1.2509
1.31749
1.38129
1.44205
1.49969
1.55447
1.60625
1.65539
1.70164
1.74535
1.78614
1.82435
1.85945
1.89173
1.92036
1.94562
1.96628
1.98226
1.9931
1.99929
2.00074
1.99992
1.99681
1.99123
1.98381
1.97534
1.96699
1.95924
1.95271
1.945
1.93162
1.90183
1.84008
1.7064
1.45644
1.19041
0.968902
0.810001
0.785197
0.799014
0.84258
0.905716
0.968186
1.0173
1.05357
1.07766
1.09535
1.10887
1.12001
1.12584
1.12667
1.12721
1.12975
1.13508
1.14297
1.15214
1.16111
1.17095
1.18203
1.19424
1.20647
1.21839
1.23027
1.24203
1.25433
1.2667
1.27941
1.29177
1.30415
1.31625
1.32877
1.34125
1.35438
1.36744
1.38112
1.39465
1.40877
1.4225
1.43661
1.45022
1.46428
1.4779
1.49196
1.50554
1.51922
1.53249
1.54522
1.55788
1.56952
1.58138
1.59229
1.60374
1.61434
1.62572
1.6363
1.64814
1.6578
1.66625
1.10747
1.16911
1.23148
1.29327
1.35336
1.41137
1.46693
1.52008
1.57073
1.61901
1.66488
1.70846
1.74969
1.78865
1.82525
1.85951
1.89124
1.9204
1.94661
1.96975
1.98907
2.00422
2.01482
2.02141
2.02355
2.02311
2.02101
2.0163
2.01004
2.00195
1.99403
1.98428
1.97295
1.9502
1.90723
1.80863
1.62592
1.28274
0.93552
0.754417
0.750574
0.77321
0.82992
0.908173
0.981256
1.04127
1.08778
1.12452
1.15297
1.17312
1.18772
1.19805
1.20406
1.2048
1.20376
1.2035
1.20596
1.21046
1.21634
1.22252
1.22973
1.23855
1.24899
1.2598
1.27079
1.28153
1.29239
1.30308
1.31404
1.325
1.33645
1.34791
1.35985
1.37167
1.38397
1.39614
1.40893
1.42163
1.43494
1.44808
1.46175
1.47509
1.48888
1.50233
1.51619
1.52968
1.54325
1.55658
1.56931
1.58208
1.5938
1.60562
1.61649
1.62771
1.63808
1.64904
1.65912
1.66984
1.67898
1.68546
1.10628
1.16046
1.2163
1.27245
1.32811
1.38254
1.43538
1.48641
1.53546
1.58258
1.62763
1.67079
1.71182
1.75107
1.78812
1.82344
1.85644
1.88768
1.91637
1.94316
1.96696
1.9884
2.00613
2.02057
2.03064
2.0375
2.03988
2.03955
2.03783
2.03328
2.02622
2.01681
2.00408
1.98163
1.94077
1.84947
1.6949
1.37827
0.997742
0.76928
0.769211
0.806951
0.871814
0.952249
1.0251
1.08689
1.13688
1.17564
1.20621
1.22895
1.24426
1.2548
1.2618
1.26528
1.265
1.26176
1.25943
1.2587
1.26111
1.26522
1.27007
1.27604
1.28373
1.29291
1.30266
1.31253
1.32274
1.33298
1.34343
1.35383
1.36458
1.37539
1.38661
1.39782
1.40945
1.42119
1.43341
1.44561
1.45829
1.4709
1.48398
1.49693
1.51035
1.52365
1.5374
1.55105
1.56479
1.57844
1.59147
1.60447
1.61647
1.62836
1.63929
1.65033
1.66051
1.67112
1.68086
1.69072
1.6995
1.70439
1.10926
1.15735
1.20712
1.25793
1.3088
1.35929
1.40873
1.4571
1.50385
1.54928
1.59283
1.63501
1.67523
1.71406
1.75094
1.78638
1.8199
1.85189
1.88195
1.91033
1.93667
1.9611
1.98316
2.00288
2.0196
2.03309
2.04293
2.04903
2.05078
2.04974
2.04612
2.03824
2.02272
1.996
1.94559
1.84054
1.67963
1.44111
1.17256
0.944543
0.885882
0.90462
0.93834
0.988483
1.04807
1.10546
1.15325
1.19197
1.2246
1.25126
1.27146
1.28637
1.29578
1.30288
1.30688
1.30821
1.30623
1.30349
1.30186
1.30303
1.30611
1.31029
1.3157
1.32249
1.33145
1.34097
1.35109
1.36092
1.3709
1.38064
1.39088
1.40112
1.4119
1.42255
1.43375
1.44484
1.45655
1.46821
1.48046
1.49261
1.50533
1.5179
1.53101
1.54394
1.55733
1.57065
1.58407
1.59762
1.61056
1.62365
1.63572
1.64775
1.65871
1.6698
1.67992
1.69049
1.70011
1.70972
1.71833
1.72269
1.11455
1.157
1.20168
1.24756
1.29403
1.34074
1.38686
1.43241
1.47686
1.5202
1.56231
1.60296
1.64245
1.68022
1.71693
1.75177
1.78565
1.81753
1.84853
1.87736
1.90539
1.93098
1.9558
1.97779
1.99881
2.01653
2.03251
2.04437
2.05176
2.05206
2.04942
2.04106
2.02205
1.9825
1.90546
1.75759
1.57998
1.43623
1.32187
1.16327
1.02386
0.97295
0.977661
1.00203
1.04032
1.09151
1.14068
1.18516
1.22439
1.25742
1.28423
1.30548
1.32099
1.33193
1.34001
1.34477
1.34717
1.34707
1.34478
1.34306
1.34283
1.34526
1.34919
1.35362
1.35985
1.36791
1.37781
1.38754
1.39751
1.40703
1.4171
1.42694
1.43735
1.44754
1.45827
1.46883
1.48015
1.49134
1.5032
1.51476
1.527
1.539
1.55169
1.56414
1.5771
1.58997
1.6029
1.61616
1.62878
1.64192
1.6541
1.6665
1.67776
1.68929
1.69959
1.71036
1.71998
1.72956
1.73803
1.742
1.12355
1.16112
1.20052
1.24185
1.28393
1.32657
1.36939
1.41173
1.45373
1.49471
1.53501
1.57404
1.61215
1.649
1.6847
1.71917
1.75247
1.7844
1.81532
1.84463
1.87311
1.89972
1.92563
1.94935
1.97234
1.99281
2.01186
2.02777
2.03841
2.03908
2.03531
2.02212
1.99357
1.92605
1.80363
1.63874
1.50975
1.44529
1.39894
1.33462
1.23212
1.12314
1.05581
1.04365
1.05972
1.08764
1.12743
1.17003
1.21429
1.25214
1.2852
1.31333
1.33564
1.35281
1.36521
1.37412
1.38073
1.38398
1.38547
1.38483
1.38333
1.38267
1.38462
1.38801
1.39225
1.39748
1.40533
1.41437
1.42414
1.43357
1.44354
1.45303
1.46309
1.47278
1.48315
1.4933
1.50427
1.51504
1.52657
1.53769
1.54946
1.56082
1.57297
1.58481
1.5974
1.60981
1.62268
1.63571
1.64854
1.66184
1.67428
1.68722
1.69886
1.71083
1.72144
1.73241
1.74226
1.75167
1.76011
1.76381
1.13546
1.16873
1.20412
1.24067
1.27904
1.31783
1.35719
1.39657
1.43572
1.47447
1.51256
1.54994
1.58649
1.62197
1.65685
1.6901
1.72322
1.75418
1.78536
1.81411
1.84317
1.86977
1.89649
1.92096
1.94491
1.96702
1.98697
2.00484
2.01306
2.0118
2.00432
1.98122
1.92902
1.82027
1.66429
1.54017
1.48161
1.45838
1.44723
1.42681
1.38699
1.31712
1.22711
1.1449
1.1112
1.11446
1.1324
1.1615
1.20096
1.23917
1.27821
1.31232
1.3415
1.36546
1.38419
1.39813
1.40875
1.41652
1.42143
1.42397
1.42454
1.42379
1.42279
1.42406
1.42682
1.43014
1.43479
1.44094
1.44965
1.45876
1.46867
1.47799
1.48783
1.4972
1.50731
1.51709
1.52766
1.53791
1.549
1.55968
1.57116
1.58217
1.59409
1.60558
1.61793
1.63002
1.64262
1.65544
1.66807
1.68139
1.69383
1.70707
1.7191
1.73158
1.74279
1.75399
1.76451
1.77385
1.78252
1.78609
1.14897
1.17824
1.20978
1.24294
1.27706
1.31255
1.34846
1.38489
1.42137
1.45765
1.49375
1.52911
1.56428
1.59825
1.632
1.66452
1.69641
1.72753
1.75732
1.78702
1.8146
1.84276
1.86813
1.89448
1.91745
1.94112
1.96015
1.97571
1.97785
1.97229
1.95556
1.91084
1.81718
1.66896
1.54618
1.49104
1.47537
1.47489
1.4774
1.47757
1.46759
1.44237
1.39565
1.32213
1.24177
1.18614
1.17131
1.18257
1.20254
1.23191
1.2674
1.3035
1.33834
1.36831
1.39414
1.41455
1.43068
1.4425
1.45167
1.4582
1.46127
1.46315
1.46333
1.46263
1.46294
1.46474
1.46765
1.47116
1.4767
1.48396
1.49334
1.50253
1.51227
1.52145
1.53131
1.54067
1.55077
1.56043
1.57104
1.58129
1.59245
1.60315
1.61471
1.62596
1.63785
1.64977
1.66183
1.67443
1.68661
1.69969
1.71186
1.72493
1.73693
1.74936
1.76092
1.77205
1.78304
1.79244
1.80138
1.80488
1.16549
1.1914
1.21899
1.2486
1.2795
1.31133
1.34422
1.37757
1.41136
1.44508
1.47888
1.51232
1.54541
1.5782
1.61007
1.64191
1.67237
1.70296
1.73202
1.76101
1.78884
1.81579
1.84247
1.867
1.89176
1.91256
1.93109
1.93633
1.93205
1.91799
1.87906
1.79598
1.651
1.53152
1.48035
1.47153
1.47781
1.48827
1.49924
1.50864
1.51076
1.50656
1.49119
1.45915
1.40675
1.33983
1.27406
1.23873
1.23386
1.24705
1.26848
1.29813
1.32983
1.36276
1.39429
1.42127
1.44417
1.46212
1.47589
1.4864
1.49416
1.4993
1.50168
1.50266
1.50259
1.50222
1.50382
1.50618
1.50917
1.51321
1.52008
1.52844
1.53791
1.5469
1.55661
1.56563
1.57535
1.5845
1.59467
1.60448
1.61536
1.62581
1.63711
1.64814
1.65958
1.67117
1.68255
1.69464
1.70608
1.71857
1.73015
1.74272
1.75443
1.76646
1.77811
1.78899
1.80017
1.80958
1.81882
1.82234
1.18282
1.20546
1.22984
1.25625
1.28416
1.31348
1.34326
1.37381
1.40508
1.43642
1.46806
1.4995
1.53092
1.56184
1.5927
1.62269
1.65266
1.68156
1.71039
1.73809
1.76558
1.79198
1.81767
1.84236
1.8644
1.88418
1.89112
1.8877
1.87477
1.84141
1.76197
1.62125
1.50537
1.45844
1.45382
1.46544
1.47895
1.49644
1.51499
1.52855
1.53563
1.53886
1.53858
1.53116
1.51211
1.47902
1.42919
1.37045
1.31962
1.29658
1.2974
1.31027
1.33128
1.36031
1.38908
1.4191
1.44801
1.47232
1.4928
1.50885
1.52066
1.5301
1.53666
1.54
1.54204
1.54256
1.54241
1.54322
1.54479
1.54699
1.55056
1.556
1.56418
1.57265
1.58217
1.59106
1.60067
1.60959
1.61949
1.62886
1.63925
1.64912
1.65987
1.67029
1.68127
1.69236
1.70345
1.71525
1.72648
1.73878
1.75017
1.76242
1.77403
1.78563
1.79726
1.80778
1.81886
1.82808
1.83728
1.84071
1.20382
1.22355
1.24468
1.26732
1.29177
1.31783
1.34522
1.37302
1.40145
1.4307
1.45998
1.4897
1.51922
1.54891
1.57806
1.60742
1.63574
1.66439
1.69177
1.71924
1.74564
1.77147
1.79615
1.81886
1.83854
1.84668
1.84336
1.83085
1.79832
1.72285
1.58404
1.47183
1.42859
1.42745
1.4416
1.45913
1.4809
1.50375
1.52343
1.53954
1.55173
1.55921
1.56515
1.5679
1.56741
1.55931
1.54048
1.50941
1.46495
1.41345
1.37292
1.35635
1.36015
1.37218
1.39187
1.41934
1.44599
1.47327
1.49989
1.52196
1.54
1.5541
1.56459
1.57269
1.57804
1.5801
1.5812
1.58141
1.58146
1.58262
1.58429
1.58683
1.5915
1.59807
1.60688
1.61541
1.62487
1.63363
1.64331
1.65231
1.66229
1.67169
1.68207
1.69213
1.70281
1.71356
1.7243
1.73582
1.74683
1.75891
1.7703
1.78225
1.79393
1.80531
1.81704
1.82758
1.8387
1.84799
1.85729
1.86063
1.22281
1.24231
1.26188
1.28263
1.3041
1.32649
1.35031
1.3756
1.40169
1.42803
1.45549
1.4826
1.51066
1.53822
1.5663
1.59381
1.62161
1.64855
1.67574
1.70178
1.72766
1.75222
1.77492
1.79435
1.80304
1.79873
1.7869
1.75353
1.68205
1.54374
1.43177
1.39378
1.3958
1.41138
1.43217
1.45815
1.48355
1.50577
1.52526
1.54274
1.55864
1.57218
1.58346
1.59114
1.59824
1.60176
1.60165
1.59424
1.57677
1.54819
1.509
1.46404
1.43003
1.41596
1.42045
1.43148
1.44968
1.47515
1.49995
1.52486
1.54929
1.56929
1.58543
1.59784
1.60748
1.61421
1.61784
1.61937
1.61986
1.61983
1.6203
1.62144
1.62327
1.62661
1.63268
1.64006
1.64913
1.6576
1.6671
1.67574
1.68545
1.69453
1.70455
1.71419
1.72431
1.73451
1.74466
1.75552
1.76609
1.77758
1.78878
1.8003
1.81192
1.82291
1.83464
1.84491
1.85622
1.86544
1.87527
1.87887
1.23739
1.25633
1.27511
1.29467
1.31527
1.33659
1.35885
1.38139
1.40528
1.42937
1.45428
1.48001
1.50544
1.53179
1.55756
1.58401
1.60983
1.63592
1.66134
1.68649
1.71046
1.73276
1.75146
1.75908
1.75468
1.74016
1.70642
1.63054
1.49031
1.3863
1.35636
1.36272
1.37982
1.40342
1.43242
1.45874
1.48242
1.50342
1.52333
1.54195
1.56019
1.57754
1.59362
1.60759
1.61891
1.62839
1.63602
1.6408
1.64125
1.63525
1.6201
1.59383
1.55854
1.51875
1.48845
1.47496
1.47888
1.48881
1.50534
1.52888
1.55248
1.5755
1.59791
1.61603
1.63045
1.64145
1.64976
1.65482
1.65658
1.65728
1.65742
1.65741
1.65824
1.65949
1.66205
1.66678
1.67438
1.68212
1.6913
1.69974
1.70918
1.71799
1.72768
1.73696
1.74667
1.75636
1.76611
1.77652
1.78686
1.79803
1.80922
1.82047
1.83204
1.84277
1.85433
1.86442
1.87546
1.8845
1.89438
1.89791
1.25335
1.271
1.28824
1.30599
1.32489
1.34475
1.36572
1.38748
1.40978
1.43299
1.45621
1.47981
1.50397
1.52823
1.55286
1.57726
1.60188
1.62609
1.64994
1.67305
1.69377
1.7114
1.71692
1.71108
1.69518
1.65403
1.57648
1.43932
1.34189
1.31973
1.32954
1.34779
1.37442
1.40536
1.43267
1.45681
1.47873
1.49963
1.51997
1.54017
1.56004
1.57942
1.59807
1.61611
1.63228
1.64676
1.65859
1.6697
1.67826
1.68376
1.68459
1.67994
1.66672
1.64279
1.61087
1.57481
1.54637
1.53306
1.53553
1.54445
1.55922
1.58057
1.60322
1.62426
1.64438
1.66088
1.67372
1.6832
1.6895
1.69263
1.69333
1.69352
1.69335
1.69379
1.69468
1.69658
1.7007
1.70657
1.71497
1.72294
1.73213
1.74064
1.75021
1.75929
1.7689
1.77842
1.78794
1.79799
1.80792
1.81853
1.82927
1.84009
1.85128
1.86173
1.87307
1.88305
1.89411
1.90299
1.91317
1.91679
1.26848
1.28731
1.3045
1.32045
1.33713
1.35488
1.37396
1.39419
1.41504
1.43681
1.45889
1.48158
1.50418
1.52704
1.55021
1.57315
1.59622
1.61845
1.64032
1.65912
1.67428
1.67748
1.6691
1.65095
1.60197
1.51835
1.38537
1.29873
1.28313
1.2967
1.31771
1.34704
1.37838
1.40632
1.43095
1.45322
1.47464
1.49568
1.51686
1.53796
1.55899
1.57981
1.60025
1.62025
1.63961
1.65794
1.67442
1.68904
1.7018
1.7135
1.72316
1.72958
1.7308
1.72755
1.71599
1.69459
1.66546
1.6323
1.60459
1.59109
1.59087
1.59906
1.6118
1.63072
1.6524
1.67188
1.68996
1.70497
1.71622
1.72394
1.72823
1.72981
1.73016
1.73012
1.72998
1.73054
1.73192
1.73491
1.74076
1.74756
1.75614
1.76419
1.77332
1.78203
1.79114
1.80023
1.80937
1.81897
1.82865
1.83882
1.84939
1.85973
1.87089
1.88086
1.89205
1.90155
1.91247
1.92094
1.93125
1.93501
1.2836
1.29991
1.31867
1.33605
1.35199
1.36844
1.38507
1.40312
1.42208
1.44198
1.46263
1.48366
1.50535
1.52686
1.54852
1.57022
1.59121
1.61138
1.62877
1.63998
1.64055
1.62969
1.60654
1.55015
1.45592
1.33102
1.25962
1.25005
1.26557
1.29005
1.32198
1.35275
1.38042
1.40515
1.42793
1.4497
1.47123
1.49279
1.51458
1.53646
1.55834
1.58012
1.60175
1.62306
1.64397
1.66427
1.68393
1.70229
1.71891
1.73381
1.74779
1.76021
1.77031
1.77764
1.77942
1.77757
1.76789
1.74854
1.72106
1.68992
1.66231
1.64772
1.64456
1.65194
1.6626
1.67933
1.69969
1.718
1.73464
1.74812
1.75767
1.76351
1.76618
1.7665
1.76629
1.76587
1.76575
1.76647
1.76877
1.7732
1.78044
1.78787
1.79652
1.8049
1.81376
1.82247
1.83126
1.84036
1.84972
1.85928
1.86961
1.87941
1.89033
1.89997
1.91097
1.92017
1.93096
1.93908
1.94917
1.95301
1.30157
1.31379
1.33118
1.34979
1.36708
1.3831
1.39937
1.4154
1.43233
1.44953
1.46811
1.48719
1.50707
1.52708
1.54709
1.56659
1.58473
1.60051
1.6077
1.60458
1.59171
1.56231
1.50142
1.38822
1.27165
1.22202
1.21954
1.23697
1.26474
1.2989
1.32927
1.3559
1.37988
1.40255
1.4247
1.44677
1.46888
1.49109
1.51343
1.53586
1.55841
1.58096
1.60341
1.62564
1.64768
1.66928
1.69053
1.71099
1.73083
1.74918
1.76591
1.78107
1.79575
1.80889
1.81952
1.82722
1.82949
1.82868
1.82053
1.80284
1.77629
1.74619
1.71787
1.70142
1.69554
1.70156
1.71096
1.72594
1.74496
1.7621
1.77714
1.7885
1.79612
1.80017
1.80157
1.80147
1.80101
1.80024
1.80047
1.80208
1.80617
1.81219
1.82009
1.82805
1.83654
1.84506
1.85367
1.86229
1.87133
1.88015
1.8901
1.89932
1.90999
1.91925
1.93001
1.93886
1.94944
1.9573
1.96701
1.97067
1.3276
1.33032
1.34258
1.36012
1.37816
1.39513
1.41134
1.42757
1.44381
1.46034
1.47694
1.49372
1.51101
1.52861
1.54606
1.56177
1.57412
1.57706
1.56927
1.55264
1.51378
1.44197
1.32638
1.21941
1.18543
1.19131
1.21071
1.2405
1.27565
1.30676
1.33317
1.35644
1.37851
1.40048
1.42268
1.44516
1.46773
1.49057
1.51345
1.53658
1.55971
1.58291
1.60605
1.62904
1.65187
1.67435
1.69648
1.71813
1.73921
1.75959
1.77905
1.7972
1.81376
1.82943
1.84416
1.85756
1.86877
1.87683
1.87925
1.87873
1.87184
1.85554
1.82973
1.7998
1.77064
1.75203
1.74315
1.74835
1.75721
1.77093
1.78832
1.80382
1.81641
1.82583
1.83162
1.83449
1.8348
1.83428
1.83347
1.83326
1.8347
1.83817
1.84409
1.85092
1.85885
1.86681
1.87547
1.88369
1.8927
1.90094
1.91057
1.91926
1.92962
1.93858
1.94919
1.95786
1.96815
1.97571
1.98503
1.98849
1.36255
1.35392
1.35809
1.37017
1.38732
1.40419
1.42026
1.43626
1.45226
1.4685
1.4849
1.50113
1.51713
1.53179
1.54456
1.55125
1.54994
1.53794
1.51345
1.46602
1.37403
1.25897
1.17516
1.15407
1.16618
1.18869
1.2211
1.25502
1.28525
1.31154
1.33493
1.35682
1.37828
1.40009
1.42245
1.44536
1.46864
1.49209
1.51561
1.53921
1.56282
1.58642
1.6099
1.63325
1.65634
1.67919
1.70172
1.72392
1.74566
1.76699
1.78764
1.80769
1.82667
1.84452
1.86102
1.87729
1.89241
1.90586
1.91724
1.92567
1.92834
1.92815
1.92225
1.90699
1.8817
1.85155
1.81999
1.79877
1.78793
1.79284
1.80136
1.81466
1.82992
1.84284
1.85356
1.86085
1.86476
1.86636
1.86616
1.86552
1.86526
1.86671
1.87007
1.87471
1.8814
1.88824
1.89663
1.90446
1.91353
1.92144
1.93072
1.93894
1.94884
1.95748
1.96785
1.97645
1.98673
1.99414
2.00326
2.00649
1.40149
1.37635
1.37437
1.38212
1.39465
1.41149
1.42769
1.4432
1.45863
1.47402
1.48962
1.50463
1.51835
1.52885
1.53173
1.52513
1.50913
1.47568
1.4127
1.30832
1.19656
1.13678
1.12735
1.1424
1.16999
1.20592
1.23844
1.26671
1.29168
1.31476
1.33682
1.35858
1.38048
1.40271
1.42533
1.44829
1.47155
1.49506
1.51879
1.54256
1.56626
1.58985
1.61334
1.63671
1.65987
1.68293
1.70571
1.72828
1.75049
1.7724
1.79385
1.8149
1.83537
1.85518
1.87416
1.89195
1.90879
1.92534
1.94094
1.9547
1.96619
1.97478
1.97757
1.97761
1.97229
1.95761
1.93194
1.89993
1.86512
1.84041
1.83083
1.83539
1.84342
1.8556
1.86875
1.87935
1.88783
1.89317
1.8958
1.89651
1.89636
1.89641
1.89786
1.90054
1.90512
1.91026
1.91751
1.92441
1.93311
1.94075
1.94981
1.95763
1.96712
1.97535
1.98545
1.99381
2.00416
2.01154
2.02062
2.02373
1.54591
1.42434
1.40111
1.39968
1.40763
1.4198
1.43582
1.45083
1.46518
1.47939
1.49272
1.50484
1.51255
1.51105
1.49996
1.47814
1.43364
1.35198
1.23778
1.14228
1.10513
1.10717
1.12415
1.15366
1.19099
1.22401
1.25132
1.27465
1.29614
1.31721
1.33858
1.3604
1.38271
1.40537
1.42838
1.45164
1.47512
1.49872
1.52236
1.54597
1.56958
1.59315
1.61668
1.64013
1.66345
1.68664
1.70968
1.73249
1.75515
1.77747
1.79959
1.82129
1.8428
1.86375
1.8844
1.90417
1.92328
1.94115
1.9585
1.97521
1.99071
2.00461
2.01587
2.02423
2.02643
2.02592
2.02045
2.00512
1.97852
1.94322
1.90271
1.87843
1.87121
1.87548
1.88321
1.89423
1.90453
1.91334
1.91991
1.9235
1.92519
1.92584
1.9264
1.92772
1.93037
1.93403
1.93965
1.94532
1.95307
1.96013
1.96882
1.97633
1.98531
1.99301
2.00265
2.01055
2.02061
2.02772
2.03621
2.03894
1.86784
1.54993
1.44717
1.42613
1.42463
1.43203
1.44415
1.45952
1.47355
1.48535
1.49455
1.49663
1.48982
1.47339
1.44274
1.38258
1.28268
1.16819
1.095
1.07552
1.08542
1.10787
1.14097
1.17667
1.2083
1.23477
1.2575
1.27829
1.29864
1.3194
1.34087
1.363
1.38561
1.40857
1.43181
1.45524
1.47883
1.5025
1.52623
1.54998
1.5737
1.59745
1.6211
1.64474
1.6682
1.69159
1.71479
1.73779
1.76065
1.78327
1.80581
1.82815
1.85027
1.87209
1.89345
1.91426
1.93442
1.95385
1.97229
1.98992
2.00705
2.02329
2.0382
2.05135
2.06159
2.06903
2.07058
2.0694
2.06302
2.04638
2.01722
1.97759
1.93273
1.91248
1.9076
1.91137
1.91825
1.92816
1.93649
1.94309
1.94813
1.95064
1.95227
1.95324
1.95504
1.95751
1.96171
1.96632
1.97302
1.97929
1.98757
1.99463
2.00354
2.01064
2.01982
2.02715
2.03642
2.0429
2.04965
2.05147
2.29703
1.84871
1.55817
1.46969
1.45029
1.4487
1.45479
1.46581
1.47857
1.48704
1.48485
1.47126
1.44848
1.40397
1.32299
1.20706
1.10238
1.05413
1.04948
1.06292
1.09166
1.12979
1.1638
1.1926
1.21716
1.23908
1.25991
1.28052
1.30141
1.3228
1.3447
1.36715
1.38993
1.41309
1.43644
1.46004
1.48379
1.50768
1.53166
1.55564
1.57971
1.60376
1.62779
1.65167
1.67542
1.69891
1.72219
1.74523
1.76801
1.79058
1.81288
1.83495
1.85671
1.87828
1.89948
1.92048
1.94099
1.96115
1.98059
1.99931
2.01713
2.03436
2.05101
2.06673
2.08122
2.09379
2.10349
2.11007
2.11091
2.10915
2.10123
2.08241
2.04897
2.0032
1.95831
1.94232
1.93976
1.94328
1.94933
1.95735
1.96456
1.96948
1.97349
1.97553
1.97766
1.97951
1.98273
1.9863
1.99181
1.99747
2.00473
2.01173
2.01975
2.02732
2.03531
2.04249
2.04984
2.05487
2.0598
2.06147
2.68842
2.26849
1.83071
1.56669
1.49019
1.47211
1.46953
1.47247
1.47687
1.47343
1.45513
1.42052
1.35741
1.25553
1.13345
1.04755
1.02103
1.02859
1.04846
1.08157
1.11994
1.15368
1.18123
1.20408
1.22471
1.24464
1.26491
1.28575
1.30735
1.32951
1.35211
1.37492
1.39793
1.42105
1.44436
1.46781
1.49148
1.51531
1.53927
1.56338
1.58749
1.61152
1.63544
1.65915
1.68261
1.70578
1.72868
1.7513
1.77368
1.79581
1.81769
1.83944
1.86095
1.88238
1.90355
1.92465
1.94536
1.96584
1.98581
2.00526
2.02416
2.04209
2.05957
2.07654
2.09289
2.1081
2.12217
2.13434
2.1431
2.14854
2.14899
2.14647
2.13588
2.11273
2.07209
2.02122
1.98215
1.97022
1.96896
1.97203
1.97714
1.98378
1.98976
1.99356
1.99729
1.99949
2.00256
2.00536
2.00976
2.01446
2.02082
2.02718
2.03443
2.04145
2.04846
2.05434
2.05915
2.06228
2.06483
2.0658
2.84861
2.6763
2.25471
1.82332
1.57755
1.50791
1.48839
1.47841
1.46341
1.43249
1.37949
1.29609
1.17716
1.06028
1.00077
0.993369
1.00756
1.03841
1.07848
1.11325
1.14344
1.1687
1.19039
1.21035
1.23031
1.25076
1.27198
1.29371
1.31589
1.3383
1.36093
1.38366
1.4065
1.42946
1.45252
1.4757
1.49901
1.52245
1.54603
1.5697
1.59339
1.61702
1.64053
1.66386
1.687
1.7099
1.73258
1.75499
1.77713
1.79907
1.8208
1.84242
1.86387
1.88524
1.9065
1.92763
1.94863
1.96928
1.98978
2.00966
2.02928
2.04813
2.06632
2.08385
2.10077
2.11734
2.13322
2.14817
2.16133
2.17361
2.18174
2.18486
2.18495
2.18064
2.16716
2.13697
2.08626
2.03692
2.00505
1.99563
1.99526
1.99791
2.00231
2.00755
2.01266
2.01654
2.02005
2.02301
2.02657
2.03052
2.03571
2.04093
2.04737
2.05272
2.05802
2.06094
2.06318
2.06343
2.06158
2.06183
2.94298
2.84671
2.66757
2.24104
1.8179
1.58413
1.51387
1.47499
1.41298
1.32344
1.20745
1.07912
0.986741
0.960601
0.969021
0.99424
1.03268
1.07094
1.10487
1.13229
1.15508
1.17482
1.19397
1.21353
1.23411
1.25556
1.2778
1.30033
1.32297
1.34542
1.36781
1.39019
1.41267
1.43526
1.45803
1.48099
1.50412
1.52741
1.55081
1.57426
1.59767
1.62099
1.64417
1.66719
1.69006
1.71272
1.73519
1.75745
1.77952
1.8014
1.8231
1.84465
1.8661
1.8874
1.90864
1.92966
1.95058
1.9712
1.9916
2.0116
2.0312
2.0504
2.06888
2.08706
2.10439
2.12144
2.13834
2.15452
2.17004
2.18517
2.198
2.20873
2.21689
2.21762
2.21636
2.20876
2.19062
2.15121
2.0928
2.04836
2.02677
2.0187
2.01857
2.02084
2.02513
2.03037
2.03491
2.03841
2.04244
2.0456
2.04954
2.05348
2.0573
2.0605
2.06184
2.06202
2.0608
2.05604
2.04449
2.03817
2.97865
2.9407
2.84315
2.65297
2.2314
1.79601
1.56158
1.44143
1.26487
1.08883
0.964515
0.914718
0.918828
0.942684
0.982395
1.02595
1.06227
1.09214
1.11632
1.13687
1.15498
1.173
1.19241
1.21318
1.23519
1.25778
1.28072
1.30355
1.32628
1.34881
1.37131
1.39373
1.41617
1.43864
1.46126
1.48408
1.50715
1.53039
1.5537
1.57699
1.60014
1.62312
1.64592
1.66854
1.69097
1.71322
1.73525
1.75709
1.77874
1.80025
1.82165
1.84293
1.86415
1.88522
1.90624
1.92709
1.94781
1.96834
1.98856
2.00857
2.02806
2.04733
2.0659
2.0842
2.10195
2.11909
2.13632
2.15299
2.1695
2.18589
2.20113
2.2155
2.22917
2.23826
2.24412
2.24448
2.24116
2.22936
2.2005
2.15219
2.09501
2.05674
2.04343
2.03779
2.03944
2.04167
2.04561
2.05107
2.05567
2.05912
2.06215
2.06408
2.06415
2.06335
2.0615
2.05694
2.04751
2.02952
1.99853
1.98106
2.98958
2.9741
2.9316
2.84027
2.61256
2.20363
1.67718
1.24163
0.926729
0.808414
0.819827
0.858538
0.91209
0.967496
1.01174
1.04743
1.07237
1.09133
1.10828
1.12439
1.14233
1.16229
1.18409
1.2069
1.23036
1.25387
1.27726
1.30029
1.32315
1.34571
1.36808
1.39021
1.41234
1.43458
1.45713
1.47999
1.5031
1.52633
1.54954
1.57261
1.59549
1.61813
1.64052
1.66261
1.68441
1.70594
1.72728
1.74852
1.76971
1.79093
1.81216
1.83339
1.85458
1.87569
1.89667
1.91755
1.93819
1.95869
1.97881
1.99869
2.01811
2.03716
2.0558
2.07398
2.09206
2.10953
2.12714
2.14433
2.1615
2.17874
2.1953
2.21148
2.22761
2.2413
2.2535
2.263
2.26478
2.26411
2.25737
2.23959
2.19874
2.14203
2.093
2.06331
2.05557
2.05295
2.05572
2.05863
2.06332
2.06733
2.0684
2.06795
2.06588
2.0612
2.05232
2.03612
2.01266
1.97035
1.91446
1.88522
2.99343
2.98703
2.95738
2.89293
2.69928
2.27869
1.56085
0.778181
0.450979
0.509623
0.610677
0.723369
0.822507
0.896714
0.945665
0.977728
1.00146
1.02123
1.04022
1.06106
1.0843
1.10914
1.13497
1.16092
1.18693
1.21269
1.23859
1.26425
1.28962
1.31447
1.33894
1.36289
1.38656
1.41006
1.43364
1.45748
1.48153
1.50552
1.52929
1.55279
1.57593
1.59865
1.62092
1.64272
1.66414
1.68531
1.70635
1.72741
1.74856
1.76986
1.79128
1.81273
1.83414
1.85545
1.87661
1.89762
1.91835
1.93875
1.95876
1.97834
1.99757
2.01627
2.03485
2.05302
2.07138
2.0895
2.10773
2.1261
2.14409
2.16261
2.1805
2.19822
2.21591
2.23258
2.24797
2.26267
2.27263
2.27765
2.27786
2.27486
2.26248
2.23213
2.18048
2.12405
2.08609
2.06749
2.06223
2.0633
2.06559
2.06752
2.06723
2.0645
2.05749
2.04295
2.02207
1.98459
1.93982
1.87813
1.81611
1.7947
2.99661
2.9798
2.98205
2.89327
2.69323
2.26595
1.47516
0.516647
0.168668
0.249521
0.384959
0.541176
0.6555
0.731693
0.781781
0.818142
0.847957
0.876064
0.904854
0.934351
0.96446
0.994542
1.0245
1.05381
1.08248
1.11035
1.13783
1.16497
1.19229
1.21941
1.2467
1.27399
1.30145
1.32891
1.35644
1.38386
1.41109
1.43807
1.46456
1.4904
1.51556
1.53999
1.56348
1.58584
1.60752
1.629
1.65069
1.67287
1.69575
1.71932
1.74344
1.76756
1.79132
1.81455
1.8373
1.85942
1.88082
1.90127
1.9211
1.94028
1.95896
1.97684
1.99477
2.01305
2.03185
2.05137
2.07109
2.09162
2.11198
2.13253
2.15306
2.17251
2.19241
2.21104
2.2287
2.2457
2.26007
2.27145
2.27868
2.27944
2.27747
2.26948
2.2479
2.20606
2.1496
2.09967
2.07333
2.06368
2.0601
2.05726
2.05204
2.04143
2.02431
1.99236
1.95195
1.89404
1.83467
1.79158
1.76697
1.76214
2.99702
2.98112
2.98341
2.89722
2.71464
2.25724
1.45693
0.475325
0.046353
0.170929
0.305093
0.42083
0.508539
0.569602
0.614134
0.652354
0.689348
0.725808
0.761184
0.795105
0.827561
0.858538
0.888312
0.917337
0.946533
0.977317
1.00951
1.04227
1.07539
1.10834
1.14098
1.17276
1.20404
1.23459
1.26446
1.29319
1.32079
1.34713
1.37242
1.39683
1.42074
1.44456
1.46873
1.49363
1.51923
1.5454
1.5719
1.59843
1.62462
1.65019
1.67516
1.69974
1.72422
1.74825
1.7716
1.79368
1.81454
1.83395
1.85224
1.8699
1.88789
1.90715
1.92746
1.94898
1.971
1.99374
2.01662
2.03976
2.0629
2.08567
2.1085
2.13063
2.15183
2.1727
2.19127
2.20951
2.22567
2.23959
2.25182
2.26024
2.2627
2.26236
2.25898
2.24489
2.21146
2.15681
2.10692
2.0659
2.04535
2.02855
2.01245
1.98355
1.9487
1.89453
1.83798
1.79149
1.76607
1.75584
1.75612
1.75792
2.99458
2.99288
2.96133
2.91759
2.71615
2.31891
1.52522
0.570773
0.0488034
0.143595
0.259839
0.349173
0.41268
0.455534
0.492048
0.530001
0.569256
0.607736
0.644283
0.678772
0.711498
0.74283
0.773701
0.806081
0.84014
0.8739
0.907442
0.940458
0.973252
1.00526
1.03659
1.06675
1.09587
1.12366
1.15094
1.17796
1.20554
1.23372
1.26278
1.29239
1.32243
1.35267
1.3831
1.4137
1.44401
1.47383
1.50273
1.53066
1.55727
1.58261
1.60639
1.62878
1.6498
1.6699
1.68961
1.70965
1.73064
1.75303
1.77664
1.80125
1.82605
1.851
1.87539
1.89954
1.92355
1.94749
1.9716
1.9952
2.01872
2.0411
2.06283
2.08304
2.10225
2.11992
2.13736
2.15351
2.17031
2.18672
2.20243
2.21744
2.22986
2.23529
2.23811
2.23754
2.22789
2.19862
2.15219
2.0801
2.02437
1.97978
1.92736
1.87728
1.82104
1.76994
1.74628
1.737
1.73687
1.73968
1.74456
1.74923
2.99668
2.98157
2.98456
2.89349
2.71593
2.25302
1.44059
0.432047
0.0303208
0.155397
0.302075
0.383095
0.430709
0.459671
0.48548
0.515834
0.549502
0.583085
0.614514
0.643794
0.670477
0.696066
0.723761
0.752451
0.780514
0.808117
0.835684
0.863015
0.890476
0.917985
0.946121
0.974737
1.00431
1.0345
1.06547
1.09668
1.12815
1.15941
1.19055
1.22132
1.25172
1.28156
1.31064
1.33882
1.36585
1.39181
1.41665
1.44076
1.46425
1.48769
1.51115
1.53522
1.55976
1.58528
1.61132
1.63825
1.66538
1.69296
1.72024
1.74737
1.77363
1.79925
1.82364
1.84706
1.86927
1.89039
1.91078
1.9302
1.94959
1.96835
1.98781
2.00703
2.02728
2.04784
2.06891
2.09058
2.11204
2.13392
2.15356
2.17475
2.18998
2.20318
2.20722
2.20827
2.20495
2.18885
2.153
2.07977
1.99647
1.89005
1.77845
1.71877
1.67144
1.6488
1.64974
1.65518
1.66252
1.67084
1.6779
1.68544
)
;

boundaryField
{
    inlet
    {
        type            calculated;
        value           uniform 3.00001;
    }
    outlet
    {
        type            calculated;
        value           nonuniform List<scalar> 
40
(
1.21635
1.3731
1.48114
1.5476
1.59426
1.62395
1.64647
1.66625
1.68546
1.70439
1.72269
1.742
1.76381
1.78609
1.80488
1.82234
1.84071
1.86063
1.87887
1.89791
1.91679
1.93501
1.95301
1.97067
1.98849
2.00649
2.02373
2.03894
2.05147
2.06147
2.0658
2.06183
2.03817
1.98106
1.88522
1.7947
1.76214
1.75792
1.74923
1.68544
)
;
    }
    bottom
    {
        type            symmetryPlane;
    }
    top
    {
        type            symmetryPlane;
    }
    obstacle
    {
        type            calculated;
        value           uniform 0;
    }
    defaultFaces
    {
        type            empty;
    }
}


// ************************************************************************* //
