/*--------------------------------*- C++ -*----------------------------------*\
  =========                 |
  \\      /  F ield         | OpenFOAM: The Open Source CFD Toolbox
   \\    /   O peration     | Website:  https://openfoam.org
    \\  /    A nd           | Version:  6
     \\/     M anipulation  |
\*---------------------------------------------------------------------------*/
FoamFile
{
    version     2.0;
    format      ascii;
    class       volScalarField;
    location    "4.5";
    object      p;
}
// * * * * * * * * * * * * * * * * * * * * * * * * * * * * * * * * * * * * * //

dimensions      [1 -1 -2 0 0 0 0];

internalField   nonuniform List<scalar> 
5250
(
1.00005
1.00027
1.00069
1.0018
1.00389
1.00997
1.02061
1.05576
1.11007
1.32589
1.70149
3.04712
6.625
14.7767
13.7202
12.0628
11.4616
11.5281
11.7645
12.0463
12.1978
12.2871
12.3611
12.4208
12.4592
1.00005
1.00026
1.00068
1.00179
1.00388
1.00993
1.02052
1.05553
1.10963
1.32452
1.69856
3.03828
6.59992
14.7224
13.6693
12.024
11.4422
11.5157
11.7597
12.0365
12.1843
12.2745
12.3508
12.4115
12.4519
1.00005
1.00026
1.00068
1.00178
1.00384
1.00984
1.02035
1.05504
1.10871
1.32149
1.69203
3.01805
6.54123
14.599
13.5665
11.9451
11.394
11.4762
11.7287
11.9946
12.1352
12.2256
12.3047
12.3666
12.4094
1.00005
1.00026
1.00067
1.00175
1.00379
1.00971
1.02006
1.05425
1.10726
1.31663
1.68148
2.98512
6.4457
14.4058
13.4217
11.8384
11.3195
11.4074
11.6632
11.9131
12.0444
12.1329
12.2119
12.273
12.3164
1.00005
1.00025
1.00065
1.00172
1.00372
1.00952
1.01968
1.05315
1.10525
1.30984
1.66675
2.93913
6.31241
14.142
13.2341
11.7059
11.2233
11.314
11.5664
11.7987
11.9187
12.0029
12.0795
12.1378
12.1809
1.00004
1.00025
1.00064
1.00168
1.00362
1.00928
1.01918
1.05175
1.10266
1.3013
1.64709
2.88338
6.13614
13.8038
13.0028
11.5507
11.1067
11.1958
11.4358
11.647
11.7534
11.8294
11.8994
11.9527
11.9961
1.00004
1.00024
1.00062
1.00162
1.00351
1.00898
1.01858
1.05009
1.09911
1.29221
1.61874
2.83156
5.90479
13.3855
12.716
11.3933
10.9744
11.0544
11.2696
11.4542
11.5412
11.602
11.6581
11.7001
11.7419
1.00004
1.00023
1.00059
1.00156
1.00337
1.00863
1.01786
1.04809
1.09492
1.28114
1.58597
2.76714
5.63562
12.8826
12.3649
11.2438
10.8277
10.8895
11.0651
11.2177
11.278
11.3099
11.3335
11.3437
11.3707
1.00004
1.00022
1.00057
1.00148
1.00321
1.00821
1.01701
1.04575
1.09015
1.26774
1.55102
2.68419
5.3416
12.2918
11.9546
11.0981
10.6691
10.7037
10.8235
10.9345
10.9549
10.9416
10.8999
10.8264
10.788
1.00004
1.00021
1.00053
1.0014
1.00302
1.00773
1.01602
1.04304
1.08487
1.25162
1.51519
2.57894
5.0269
11.6119
11.4967
10.9603
10.5029
10.4986
10.5521
10.6061
10.5807
10.4913
10.3102
10.0413
9.7039
1.00003
1.00019
1.00049
1.0013
1.0028
1.00717
1.01486
1.03989
1.07866
1.23303
1.47341
2.45796
4.6675
10.8119
11.1182
10.7925
10.3343
10.2577
10.2707
10.2539
10.1647
9.94601
9.54412
8.8321
7.18215
1.00003
1.00017
1.00045
1.00118
1.00255
1.00651
1.01351
1.03619
1.0714
1.21122
1.42414
2.31815
4.24986
9.85645
10.8558
10.6258
10.1765
10.0264
9.98717
9.90127
9.71197
9.34452
8.76258
7.85182
6.21388
1.00003
1.00015
1.0004
1.00104
1.00226
1.00576
1.01195
1.03186
1.06282
1.18662
1.36026
2.17357
3.75707
8.73099
10.6779
10.4923
10.0589
9.80615
9.69597
9.54363
9.26747
8.82954
8.19125
7.31525
6.11639
1.00002
1.00013
1.00034
1.0009
1.00194
1.00494
1.01025
1.02719
1.0537
1.1589
1.29971
1.99174
3.26364
7.42657
10.6157
10.4293
9.94598
9.5802
9.40014
9.20307
8.89072
8.43882
7.83233
7.06668
6.13761
1.00002
1.00011
1.00029
1.00075
1.00163
1.00412
1.0086
1.02248
1.04535
1.12811
1.2501
1.77864
2.76446
5.92651
10.5293
10.3473
9.8408
9.3658
9.12165
8.89911
8.58298
8.14998
7.59972
6.94157
6.18621
1.00002
1.00009
1.00024
1.00062
1.00135
1.0034
1.00711
1.01845
1.03746
1.10355
1.20673
1.61606
2.39463
4.9181
10.105
10.0848
9.72223
9.16737
8.86596
8.62891
8.32624
7.92275
7.4294
6.85965
6.22675
1.00001
1.00008
1.00019
1.00051
1.0011
1.00278
1.00581
1.01511
1.0305
1.08554
1.16354
1.51173
2.11941
4.2727
9.06417
9.64854
9.45173
9.00359
8.65013
8.39406
8.10641
7.73513
7.29194
6.79163
6.24656
1.00001
1.00006
1.00016
1.00041
1.00089
1.00224
1.00469
1.01216
1.02456
1.069
1.12834
1.41711
1.85243
3.62098
7.50225
9.28865
9.18834
8.88289
8.48948
8.20429
7.92045
7.57925
7.17895
6.73326
6.25424
1.00001
1.00005
1.00012
1.00032
1.0007
1.00176
1.00368
1.00949
1.01923
1.0532
1.09987
1.31627
1.63782
2.93701
5.79706
9.06753
9.04838
8.83591
8.4065
8.06394
7.76977
7.44964
7.08578
6.68537
6.25823
1.00001
1.00004
1.00009
1.00025
1.00053
1.00134
1.0028
1.00715
1.01456
1.03916
1.07669
1.22497
1.45102
2.35833
4.19106
8.52136
8.9282
8.75945
8.37122
7.96226
7.646
7.34019
7.00684
6.64527
6.26174
1
1.00003
1.00007
1.00018
1.0004
1.001
1.0021
1.00535
1.01091
1.02919
1.05648
1.1706
1.31265
2.05045
3.33915
7.18825
8.66715
8.58244
8.31155
7.8746
7.53671
7.2413
6.93576
6.60802
6.26231
1
1.00002
1.00005
1.00014
1.0003
1.00074
1.00155
1.00394
1.00805
1.02135
1.04203
1.12218
1.22796
1.73839
2.61092
5.33634
8.3091
8.36173
8.21013
7.85626
7.46839
7.1625
6.87612
6.57669
6.26312
1
1.00001
1.00004
1.0001
1.00021
1.00053
1.00111
1.00282
1.00577
1.01512
1.0302
1.08345
1.16712
1.483
2.0629
3.86444
7.47634
8.18878
8.09195
7.82734
7.4457
7.12095
6.83779
6.55933
6.26807
1
1.00001
1.00003
1.00007
1.00015
1.00037
1.00078
1.00195
1.004
1.01042
1.02055
1.05829
1.10532
1.34594
1.66778
3.05099
5.82903
7.89142
7.89402
7.76765
7.46639
7.12361
6.82778
6.55373
6.27791
1
1.00001
1.00002
1.00005
1.0001
1.00025
1.00053
1.00132
1.0027
1.00696
1.01389
1.03769
1.07322
1.21282
1.42802
2.24652
3.77513
7.29931
7.80493
7.72287
7.50658
7.14849
6.83453
6.55703
6.29142
1
1
1.00001
1.00003
1.00007
1.00015
1.00038
1.00079
1.00199
1.00402
1.01058
1.02015
1.06041
1.10243
1.35826
1.67283
3.05814
5.77201
7.53857
7.60371
7.49334
7.22023
6.85909
6.56805
6.30748
1
1
1.00001
1.00002
1.00005
1.0001
1.00025
1.00052
1.0013
1.00263
1.00684
1.0135
1.03698
1.07115
1.20755
1.41948
2.19419
3.67525
6.94348
7.4959
7.43986
7.25963
6.90854
6.59432
6.32827
1
1
1.00001
1.00001
1.00003
1.00006
1.00016
1.00033
1.00081
1.00165
1.00425
1.00819
1.02346
1.03979
1.1417
1.22194
1.84303
2.69722
5.45001
7.18153
7.30558
7.21724
6.98699
6.64222
6.35169
1
1
1
1.00001
1.00002
1.00004
1.0001
1.00021
1.00052
1.00106
1.00274
1.00545
1.01466
1.02813
1.08159
1.15535
1.46831
1.98129
3.54088
6.40229
7.12064
7.09828
6.97033
6.70013
6.38798
1
1
1
1.00001
1.00001
1.00003
1.00006
1.00014
1.00028
1.00069
1.00138
1.00363
1.00677
1.0204
1.03269
1.12508
1.18716
1.74656
2.43501
4.82161
6.68083
6.94746
6.89391
6.72802
6.42997
1
1
1
1
1.00001
1.00002
1.00004
1.00008
1.00019
1.00038
1.00097
1.00192
1.00509
1.00962
1.02834
1.04852
1.16889
1.2821
1.96402
2.98048
5.6974
6.7081
6.76161
6.69675
6.52367
1
1
1
1
1
1.00001
1.00002
1.00005
1.00011
1.00023
1.00058
1.00116
1.00303
1.00587
1.01628
1.02942
1.09302
1.156
1.53248
2.03579
3.60969
6.09811
6.62583
6.61506
6.53003
1
1
1
1
1
1.00001
1.00001
1.00003
1.00007
1.00014
1.00034
1.00069
1.00178
1.0035
1.00941
1.01766
1.05168
1.09273
1.29233
1.56863
2.60869
4.61544
6.19539
6.50524
6.48609
1
1
1
1
1
1
1.00001
1.00002
1.00004
1.00008
1.00019
1.00039
1.00098
1.00193
1.00512
1.00958
1.0277
1.04798
1.15852
1.26619
1.8839
2.77595
5.19471
6.22175
6.39221
1
1
1
1
1
1
1
1.00001
1.00002
1.00004
1.0001
1.00021
1.00052
1.00102
1.00269
1.00507
1.01438
1.02527
1.08065
1.13575
1.452
1.85173
3.17232
5.43301
6.17083
1
1
1
1
1
1
1
1
1.00001
1.00002
1.00004
1.0001
1.0002
1.00052
1.00092
1.00275
1.00405
1.01616
1.02025
1.10283
1.13155
1.608
2.01997
3.77484
5.56733
1
1
1
1
1
1
1
1
1
1.00001
1.00002
1.00004
1.00009
1.00016
1.00045
1.00062
1.0024
1.00268
1.01632
1.01667
1.12152
1.14025
1.7191
2.22894
4.15022
1
1
1
1
1
1
1
1
1
1.00001
1.00001
1.00002
1.00006
1.00012
1.00033
1.00062
1.00176
1.00321
1.00987
1.01681
1.05741
1.09291
1.32821
1.57918
2.61997
1
1
1
1
1
1
1
1
1
1
1.00001
1.00001
1.00003
1.00007
1.00014
1.00038
1.0007
1.00201
1.00349
1.0113
1.0179
1.06596
1.1019
1.37315
1.6587
1
1
1
1
1
1
1
1
1
1
1
1.00001
1.00002
1.00003
1.00008
1.00014
1.00039
1.00061
1.00213
1.00249
1.01335
1.01355
1.08936
1.10604
1.53944
1
1
1
1
1
1
1
1
1
1
1
1
1
1.00001
1.00002
1.00007
1.00009
1.0005
1.00061
1.00316
1.00564
1.01642
1.01995
1.13714
1.14406
1
1
1
1
1
1
1
1
1
1
1
1
1
1
1.00002
1.00002
1.00014
1.00015
1.00153
1.0021
1.01032
1.02517
1.03716
1.03262
1.37364
1
1
1
1
1
1
1
1
1
1
1
1
1
1.00001
1.00001
1.00004
1.00008
1.00032
1.00041
1.00341
1.00458
1.02213
1.05348
1.08814
1.10013
1
1
1
1
1
1
1
1
1
1
1
1
1
1
1.00002
1.00002
1.00016
1.0002
1.00107
1.00187
1.00555
1.00729
1.03967
1.04302
1.3306
1
1
1
1
1
1
1
1
1
1
1
1
1
1
1.00003
1.00004
1.00022
1.00031
1.00125
1.0023
1.00539
1.00838
1.03463
1.03999
1.31266
1
1
1
1
1
1
1
1
1
1
1
1
1
1.00001
1.00003
1.00004
1.00022
1.00032
1.00132
1.00303
1.0061
1.01853
1.0286
1.02753
1.30651
1
1
1
1
1
1
1
1
1
1
1
1
1
1.00001
1.00003
1.00004
1.00021
1.0003
1.00125
1.00289
1.00586
1.01784
1.02696
1.0258
1.29892
1
1
1
1
1
1
1
1
1
1
1
1
1
1
1.00003
1.00003
1.00018
1.00027
1.00111
1.00256
1.00522
1.01576
1.02254
1.02011
1.28639
1
1
1
1
1
1
1
1
1
1
1
1
1
1.00001
1.00001
1.00004
1.00005
1.00031
1.00031
1.00293
1.00374
1.01804
1.04387
1.06701
1.06217
1
1
1
1
1
1
1
1
1
1
1
1
1
1.00001
1.00003
1.00008
1.00016
1.00048
1.0009
1.00273
1.00494
1.01529
1.02265
1.02383
1.27896
3.56186
1.93732
1.24972
0.920806
0.790446
0.807689
0.892354
1.13723
1.78319
2.88301
3.0552
3.06663
3.09578
3.13473
3.16374
3.17127
3.16631
3.14669
3.11761
3.08707
3.05709
3.02604
2.99118
2.95396
2.91611
2.87861
2.84772
2.83288
2.82779
2.82717
2.84299
2.88354
2.95372
3.051
3.16874
3.29969
3.43744
3.57431
3.70271
3.82075
3.92691
4.0216
4.10767
4.18646
4.25448
4.31229
4.36114
4.40289
4.44034
4.47364
4.49531
4.50762
4.51241
4.51214
4.50853
4.49886
4.48107
4.45957
4.43489
4.40742
4.37675
4.34323
4.30676
4.26777
4.2262
4.18246
4.13652
4.08879
4.03928
3.9884
3.93604
3.88262
3.82798
3.77247
3.716
3.65889
3.60109
3.5429
3.48433
3.42565
3.36694
3.30843
3.25024
3.19253
3.13547
3.07915
3.02377
2.96938
2.91625
2.86441
2.81424
2.7658
2.71959
2.67575
2.63495
2.59767
2.56508
2.53867
2.51999
2.51943
3.99634
2.52172
1.75162
1.36233
1.22126
1.2351
1.29733
1.46017
1.85182
2.68357
3.03987
3.09441
3.11946
3.15023
3.17592
3.18138
3.17412
3.15418
3.12527
3.09489
3.06352
3.02843
2.98936
2.949
2.90998
2.87434
2.84532
2.83075
2.82588
2.82581
2.8403
2.87815
2.94637
3.0423
3.15864
3.28691
3.42143
3.55692
3.68365
3.80083
3.90658
4.00134
4.08898
4.1717
4.24155
4.30116
4.35178
4.39473
4.432
4.46393
4.48608
4.49908
4.50439
4.50417
4.50141
4.49329
4.47626
4.45393
4.42903
4.40178
4.37135
4.33803
4.30166
4.26282
4.22139
4.17785
4.13211
4.0846
4.0353
3.9846
3.93244
3.87915
3.82469
3.76931
3.71302
3.65603
3.5984
3.54032
3.48192
3.42335
3.36483
3.30643
3.24842
3.19084
3.13397
3.07779
3.02259
2.96837
2.91543
2.86379
2.81389
2.7657
2.71981
2.67629
2.6359
2.59908
2.56703
2.54107
2.52353
2.52427
4.72241
3.57796
2.76881
2.23132
1.8647
1.61833
1.49692
1.52244
1.65384
2.03446
2.78194
3.03407
3.109
3.15204
3.17745
3.17792
3.17011
3.14852
3.1174
3.08718
3.05699
3.02274
2.98468
2.94708
2.90958
2.8742
2.84601
2.82583
2.81521
2.81265
2.8234
2.8596
2.92711
3.02136
3.13523
3.26029
3.39329
3.53469
3.66393
3.78318
3.89082
3.98756
4.07584
4.15735
4.2279
4.28859
4.34
4.38375
4.42082
4.45157
4.47392
4.48768
4.49367
4.49348
4.49138
4.4849
4.47031
4.44705
4.42164
4.39433
4.36409
4.33094
4.29476
4.25607
4.21486
4.17154
4.12609
4.07885
4.02984
3.97936
3.92746
3.87436
3.82013
3.76494
3.70887
3.65206
3.59465
3.53677
3.47859
3.42025
3.36196
3.30382
3.24608
3.18878
3.13216
3.07628
3.02138
2.96749
2.91489
2.86364
2.81419
2.76652
2.72122
2.67839
2.6388
2.60286
2.57196
2.54682
2.53248
2.53338
5.12544
4.18798
3.41405
2.8075
2.34465
2.00231
1.76066
1.67348
1.70625
1.83694
2.17595
2.81375
3.07128
3.17118
3.20299
3.19975
3.18786
3.16185
3.12399
3.08853
3.05366
3.01767
2.98013
2.94274
2.90623
2.8723
2.84533
2.82697
2.81737
2.81792
2.82992
2.86538
2.92957
3.01821
3.12729
3.24698
3.37551
3.51004
3.63775
3.75573
3.863
3.96014
4.04886
4.12996
4.20195
4.26448
4.31772
4.36286
4.40052
4.43118
4.45406
4.46887
4.47608
4.47625
4.47483
4.46992
4.45824
4.4356
4.40968
4.38192
4.35177
4.31887
4.28309
4.2447
4.20389
4.16093
4.11593
4.0691
4.02054
3.97043
3.91892
3.86615
3.81226
3.75737
3.70163
3.64512
3.58804
3.53045
3.47262
3.4146
3.35669
3.29893
3.24159
3.18471
3.12855
3.07313
3.01871
2.96537
2.91345
2.86291
2.81427
2.76744
2.72311
2.68142
2.64323
2.60903
2.58019
2.55716
2.54709
2.54846
5.37757
4.58666
3.88096
3.28624
2.80053
2.41749
2.12372
1.91562
1.8464
1.87889
1.99639
2.29147
2.86494
3.12403
3.21424
3.23526
3.22662
3.20031
3.1498
3.10451
3.06437
3.02612
2.98813
2.95117
2.91604
2.88513
2.86196
2.84934
2.84755
2.85447
2.877
2.92196
2.9785
3.05074
3.1399
3.24171
3.34994
3.46961
3.59343
3.7129
3.82332
3.92338
4.01405
4.09601
4.16931
4.23346
4.28851
4.3351
4.37377
4.40504
4.42881
4.44491
4.45359
4.4549
4.45387
4.45008
4.44077
4.42138
4.39503
4.36658
4.3363
4.30367
4.26839
4.23054
4.19028
4.14785
4.1034
4.05707
4.00903
3.9594
3.90837
3.85603
3.80259
3.74811
3.69279
3.63667
3.58
3.52281
3.46543
3.40787
3.35047
3.29324
3.23648
3.18019
3.12471
3.07004
3.01646
2.96391
2.91286
2.86325
2.81568
2.77007
2.72723
2.68729
2.65116
2.61944
2.59355
2.57384
2.56876
2.57047
5.55101
4.87602
4.24656
3.68856
3.21123
2.81179
2.48761
2.23112
2.04538
1.98962
2.02034
2.12391
2.38418
2.8971
3.14846
3.22954
3.2392
3.22975
3.20132
3.14386
3.09226
3.04815
3.00892
2.97288
2.94126
2.91758
2.90458
2.90549
2.9142
2.94017
2.99487
3.05166
3.09728
3.14311
3.19656
3.25965
3.33501
3.41329
3.52157
3.64174
3.76091
3.86997
3.96733
4.05271
4.12776
4.19342
4.25019
4.29861
4.33904
4.37186
4.39721
4.41502
4.42542
4.42828
4.42755
4.42467
4.41737
4.40175
4.37634
4.34776
4.31726
4.28471
4.24985
4.2126
4.17302
4.13124
4.08744
4.04174
3.99431
3.94524
3.89478
3.84296
3.79006
3.73607
3.68126
3.62562
3.56945
3.51276
3.45592
3.39894
3.34218
3.28563
3.22969
3.17432
3.11976
3.06595
3.01328
2.96169
2.91181
2.86355
2.81752
2.77372
2.73303
2.69567
2.66257
2.6344
2.61232
2.59753
2.59731
2.59941
5.66966
5.08787
4.53025
4.01719
3.56062
3.16344
2.82403
2.54194
2.31588
2.15099
2.10367
2.13232
2.2242
2.44943
2.90125
3.14902
3.22736
3.23333
3.22458
3.19748
3.1421
3.08799
3.04197
3.00496
2.97878
2.96862
2.97104
2.9834
3.01822
3.09579
3.19767
3.26191
3.28825
3.30142
3.30783
3.31453
3.3328
3.37587
3.43551
3.53338
3.65882
3.78341
3.89695
3.99425
4.07613
4.14559
4.20464
4.25481
4.29699
4.33168
4.35901
4.37897
4.39152
4.39649
4.39605
4.394
4.38848
4.37638
4.3534
4.3256
4.29515
4.26266
4.22814
4.19149
4.15265
4.11166
4.06863
4.02366
3.97695
3.92857
3.87877
3.82761
3.77534
3.72196
3.66776
3.61271
3.55715
3.50111
3.44495
3.38874
3.33291
3.27744
3.22255
3.16817
3.11459
3.0618
3.01031
2.96007
2.91184
2.86531
2.82138
2.7801
2.74232
2.70844
2.67931
2.65569
2.63804
2.63035
2.63127
2.63503
5.75363
5.24599
4.7506
4.28317
3.85374
3.46876
3.12893
2.83429
2.58555
2.38466
2.23836
2.19451
2.22005
2.30598
2.49767
2.89557
3.13785
3.2173
3.22434
3.21697
3.19319
3.14307
3.08945
3.04856
3.03293
3.03592
3.05008
3.08945
3.17842
3.35415
3.49784
3.54826
3.5446
3.52604
3.47844
3.40241
3.36526
3.37105
3.39592
3.44859
3.53466
3.65657
3.78622
3.90375
4.00244
4.08329
4.14949
4.20335
4.24807
4.28474
4.31393
4.33611
4.35105
4.35874
4.35874
4.35761
4.35379
4.34475
4.32605
4.29967
4.26979
4.23756
4.20336
4.16724
4.12914
4.08899
4.04683
4.0027
3.95681
3.90921
3.86019
3.80976
3.75822
3.70555
3.65204
3.59767
3.54283
3.48755
3.43235
3.37728
3.32262
3.26823
3.2144
3.16107
3.10867
3.05721
3.00725
2.95887
2.91266
2.8685
2.82728
2.78928
2.75533
2.7259
2.70175
2.68337
2.67109
2.66936
2.67057
2.67521
5.81625
5.36724
4.92417
4.49859
4.0991
3.73134
3.39906
3.10238
2.84248
2.62055
2.44071
2.31
2.26794
2.2897
2.37187
2.53157
2.8858
3.12094
3.20311
3.21507
3.20989
3.19153
3.15209
3.11141
3.11141
3.12151
3.15774
3.24871
3.44544
3.72563
3.8802
3.88534
3.86408
3.80017
3.66495
3.52339
3.42796
3.3912
3.396
3.41785
3.46654
3.54187
3.64701
3.77234
3.8901
3.99133
4.07393
4.13933
4.19063
4.23113
4.26264
4.28699
4.3042
4.31443
4.31685
4.31617
4.31357
4.30705
4.29318
4.26956
4.2412
4.20971
4.17595
4.1403
4.10284
4.06347
4.0222
3.97898
3.93399
3.88728
3.83912
3.78953
3.73881
3.68693
3.63421
3.58063
3.52672
3.47262
3.41875
3.36491
3.31143
3.25818
3.20558
3.15357
3.10269
3.05297
3.00504
2.9591
2.91532
2.87429
2.83667
2.80295
2.77389
2.74992
2.73151
2.7186
2.71233
2.71267
2.71439
2.71982
5.86444
5.46215
5.06244
4.67394
4.30357
3.95625
3.63565
3.34367
3.08084
2.8486
2.64829
2.48612
2.36581
2.32875
2.34755
2.41934
2.55764
2.86693
3.09843
3.18731
3.2091
3.20853
3.20337
3.19383
3.20135
3.23249
3.31628
3.50372
3.88279
4.20278
4.28982
4.27185
4.20773
4.06142
3.84868
3.66729
3.53679
3.45767
3.42807
3.43163
3.44889
3.49044
3.54816
3.63449
3.74633
3.86057
3.96387
4.04918
4.11562
4.16602
4.20357
4.23171
4.25136
4.26411
4.26969
4.26948
4.26801
4.26377
4.25419
4.23474
4.20871
4.17858
4.14564
4.11058
4.07375
4.03514
3.99475
3.9525
3.9085
3.86278
3.81558
3.76693
3.71711
3.6661
3.61426
3.56179
3.50928
3.45659
3.40405
3.35149
3.2993
3.24741
3.19629
3.14597
3.097
3.0495
3.00428
2.96106
2.92063
2.88357
2.85058
2.8222
2.79899
2.78116
2.76865
2.76087
2.75883
2.75927
2.76093
2.76586
5.90421
5.53889
5.17502
4.81819
4.47432
4.1474
3.84075
3.55665
3.29622
3.06039
2.85032
2.66824
2.5202
2.40816
2.37625
2.39207
2.45464
2.57383
2.84302
3.0746
3.17828
3.2103
3.23765
3.25817
3.3012
3.39426
3.59143
3.99388
4.46955
4.70012
4.69474
4.64842
4.52436
4.27268
4.02952
3.83147
3.68258
3.57646
3.50961
3.47477
3.47546
3.484
3.50952
3.5563
3.61994
3.71249
3.82033
3.9226
4.0095
4.07825
4.12933
4.1666
4.19212
4.20811
4.2171
4.21857
4.21784
4.21517
4.20861
4.1947
4.17157
4.14364
4.11223
4.07815
4.04206
4.00415
3.96459
3.92326
3.8803
3.83564
3.78953
3.74191
3.69309
3.64307
3.59255
3.5416
3.4906
3.43935
3.3882
3.33708
3.2864
3.23619
3.18692
3.13874
3.09221
3.04774
3.00566
2.96598
2.92992
2.89795
2.87076
2.84875
2.83213
2.82052
2.81331
2.80946
2.80859
2.80855
2.80877
2.81071
5.93575
5.60289
5.26937
4.94001
4.61956
4.31155
4.0192
3.74438
3.48893
3.25351
3.03926
2.84733
2.68028
2.5444
2.4393
2.41263
2.42621
2.48219
2.58565
2.82082
3.06585
3.18506
3.26621
3.33996
3.44733
3.66439
4.10472
4.70082
5.07723
5.12904
5.09184
4.97642
4.73323
4.45301
4.21007
4.01267
3.85551
3.73236
3.63834
3.57123
3.52917
3.51204
3.51485
3.52852
3.55893
3.60548
3.67899
3.77387
3.87037
3.95761
4.02876
4.08239
4.11977
4.14412
4.15823
4.16363
4.16334
4.16175
4.15739
4.14777
4.12863
4.10388
4.07486
4.04241
4.00745
3.97041
3.93171
3.89131
3.84942
3.80586
3.76091
3.71437
3.66673
3.61815
3.5693
3.51998
3.47056
3.42088
3.37133
3.32195
3.27311
3.22499
3.17805
3.13262
3.08932
3.04861
3.01016
2.97533
2.94481
2.91917
2.89884
2.88384
2.87378
2.86755
2.86416
2.86217
2.86073
2.85802
2.85228
2.85185
5.96752
5.6596
5.35053
5.04446
4.7443
4.45354
4.17461
3.91
3.66075
3.42844
3.21348
3.01714
2.84048
2.68656
2.56097
2.46331
2.44364
2.45727
2.50953
2.60659
2.82553
3.09067
3.26942
3.45041
3.69503
4.16785
4.89457
5.42188
5.54818
5.5163
5.41028
5.18025
4.88627
4.62055
4.39606
4.20746
4.04759
3.91178
3.79718
3.703
3.62919
3.57682
3.54347
3.53754
3.54252
3.55778
3.59034
3.64187
3.72157
3.80985
3.89496
3.96782
4.02413
4.06371
4.08878
4.10167
4.10444
4.10365
4.10086
4.09417
4.08021
4.05875
4.03268
4.00263
3.96945
3.93372
3.89612
3.85676
3.81598
3.77358
3.72981
3.68453
3.63846
3.59167
3.54457
3.49698
3.44926
3.40139
3.35374
3.30644
3.25989
3.2144
3.17047
3.12865
3.08965
3.05281
3.01959
2.99094
2.96733
2.94912
2.93622
2.92802
2.92331
2.92066
2.91901
2.91669
2.91268
2.90508
2.89104
2.88195
5.99692
5.71079
5.42306
5.13524
4.85192
4.57603
4.30972
4.05485
3.81294
3.58492
3.37182
3.17439
2.99341
2.83056
2.689
2.57299
2.487
2.48412
2.5032
2.56098
2.6812
2.92241
3.26007
3.60515
4.13466
5.0052
5.70839
5.92297
5.89726
5.80195
5.58989
5.29979
5.02899
4.79444
4.5903
4.40959
4.24724
4.10132
3.9709
3.85644
3.75831
3.67782
3.61506
3.57225
3.54692
3.54762
3.55293
3.5692
3.60471
3.66455
3.74191
3.82314
3.89639
3.95574
3.9988
4.02563
4.03872
4.03998
4.03881
4.03502
4.02631
4.00858
3.98554
3.95823
3.92742
3.8936
3.85756
3.81957
3.78007
3.73892
3.69644
3.65275
3.60853
3.56362
3.51838
3.47272
3.42698
3.38126
3.3359
3.29118
3.2475
3.20538
3.16542
3.12845
3.09369
3.06249
3.03614
3.01503
2.9994
2.98905
2.98311
2.98016
2.97864
2.97726
2.97492
2.97015
2.96045
2.94363
2.91959
2.89891
6.02564
5.75551
5.48352
5.21266
4.94472
4.68193
4.42747
4.18202
3.94794
3.72527
3.51583
3.31955
3.13791
2.97149
2.82186
2.69616
2.58836
2.54313
2.5522
2.58888
2.69228
2.90007
3.29801
3.85407
4.88143
5.85165
6.21503
6.19964
6.12316
5.94558
5.67403
5.41303
5.18208
4.9761
4.78741
4.61178
4.44725
4.29371
4.1514
4.02146
3.90507
3.80311
3.71633
3.64588
3.59183
3.55631
3.54118
3.54154
3.54662
3.56481
3.60474
3.67062
3.74336
3.8162
3.87875
3.92552
3.95541
3.96957
3.97091
3.96946
3.96483
3.95426
3.93456
3.90969
3.88127
3.84976
3.81581
3.77965
3.74175
3.70206
3.66117
3.61941
3.57712
3.53425
3.49106
3.44762
3.40421
3.36106
3.31852
3.277
3.23704
3.19932
3.16476
3.13253
3.1038
3.08023
3.06209
3.04946
3.04213
3.03857
3.03758
3.03717
3.03622
3.03396
3.02894
3.01842
2.99798
2.96922
2.93487
2.9051
6.05284
5.79653
5.53787
5.27986
5.02529
4.77549
4.53099
4.29478
4.06804
3.85204
3.64723
3.45441
3.27482
3.10882
2.95885
2.82976
2.72372
2.6686
2.67481
2.71831
2.79746
3.03193
3.46612
4.36554
5.58324
6.28509
6.38521
6.34299
6.22971
6.01234
5.77696
5.55703
5.35516
5.16628
4.98612
4.81248
4.64537
4.4854
4.33407
4.19253
4.06216
3.94373
3.83826
3.74592
3.66819
3.60532
3.55853
3.53245
3.51998
3.51951
3.52575
3.54663
3.59213
3.65902
3.72934
3.7935
3.8443
3.87818
3.89552
3.89764
3.89618
3.8912
3.8798
3.85818
3.83194
3.80268
3.77097
3.73699
3.70096
3.66317
3.6243
3.58465
3.54446
3.50383
3.463
3.42214
3.38155
3.34153
3.30254
3.26515
3.23005
3.19839
3.16906
3.14336
3.12304
3.10827
3.09939
3.09492
3.09479
3.09518
3.09572
3.09525
3.09331
3.08812
3.07671
3.05359
3.01948
2.98025
2.93963
2.90571
6.07861
5.83161
5.58373
5.33767
5.09366
4.85474
4.62237
4.39625
4.17755
3.96863
3.76993
3.58249
3.4078
3.2474
3.1039
2.98689
2.89624
2.89612
2.91774
2.97166
3.13471
3.44924
4.07081
4.90396
5.66098
6.14315
6.28555
6.27213
6.21752
6.09515
5.91086
5.72354
5.53784
5.35709
5.18053
5.00732
4.83808
4.6736
4.51552
4.36511
4.22382
4.09252
3.97214
3.86304
3.76618
3.68169
3.61092
3.55522
3.516
3.49763
3.48225
3.48384
3.49402
3.51999
3.57312
3.63704
3.70157
3.75574
3.79404
3.81498
3.82043
3.81912
3.81427
3.80282
3.78031
3.75342
3.72373
3.69178
3.6578
3.62225
3.58576
3.54855
3.51082
3.4728
3.43475
3.39698
3.35982
3.32374
3.28929
3.25735
3.22893
3.20312
3.18089
3.16433
3.15388
3.1482
3.14854
3.14984
3.15265
3.15541
3.15489
3.15268
3.14672
3.13342
3.10654
3.06939
3.02638
2.98205
2.93908
2.90383
6.09813
5.85844
5.62296
5.38881
5.15542
4.9264
4.70349
4.48869
4.27992
4.07968
3.88903
3.70993
3.54519
3.39772
3.27778
3.18731
3.18747
3.21093
3.28084
3.45801
3.81354
4.29838
4.70044
5.01127
5.31469
5.64755
5.93583
6.098
6.12794
6.10803
6.04473
5.91096
5.74142
5.56113
5.37944
5.20019
5.0252
4.85523
4.69098
4.53346
4.38367
4.24258
4.11076
3.98879
3.87699
3.77591
3.68619
3.60885
3.54494
3.49617
3.46671
3.44394
3.4335
3.43736
3.45222
3.48595
3.54336
3.60344
3.65927
3.70231
3.72857
3.73869
3.73794
3.73392
3.72363
3.70233
3.67538
3.64505
3.61278
3.57951
3.54564
3.51123
3.47648
3.44162
3.407
3.37305
3.3402
3.30919
3.2807
3.25631
3.23433
3.21621
3.20439
3.19753
3.19791
3.19956
3.20353
3.21149
3.21499
3.21436
3.21161
3.20433
3.18832
3.15715
3.11713
3.07182
3.02468
2.97837
2.93519
2.90193
6.12245
5.88463
5.65793
5.435
5.21592
4.99986
4.78529
4.57782
4.37918
4.1901
4.01168
3.84733
3.70352
3.58838
3.52105
3.52771
3.56627
3.66931
3.89772
4.32197
4.70041
4.91652
5.00723
5.03131
5.09144
5.22256
5.47526
5.76235
5.98336
6.08824
6.08159
6.0437
5.95239
5.78066
5.59096
5.39761
5.2104
5.03129
4.85964
4.69545
4.53876
4.39009
4.24951
4.11752
3.9941
3.88004
3.77571
3.68166
3.59868
3.5282
3.47136
3.43205
3.40209
3.3797
3.38028
3.38694
3.40561
3.44519
3.50113
3.55774
3.60467
3.63628
3.65287
3.65284
3.65033
3.64241
3.62483
3.59781
3.56728
3.5361
3.50474
3.47331
3.44196
3.41096
3.38065
3.3516
3.32433
3.30007
3.27993
3.26243
3.24958
3.24164
3.24195
3.24385
3.24882
3.25928
3.26977
3.2738
3.27291
3.26923
3.25991
3.2399
3.20495
3.16237
3.11504
3.06571
3.01723
2.97196
2.93091
2.90202
6.1562
5.9159
5.69597
5.48408
5.27553
5.06995
4.86922
4.67387
4.48571
4.31028
4.15132
4.01853
3.91622
3.8931
3.91204
3.9804
4.1461
4.48669
4.89391
5.1797
5.25437
5.23302
5.16537
5.03261
5.01123
5.03908
5.12913
5.32747
5.65168
5.93179
6.07251
6.0695
6.04109
5.96428
5.80382
5.60323
5.40175
5.20927
5.02672
4.85366
4.68946
4.53362
4.38579
4.24584
4.11364
3.98938
3.87346
3.76641
3.66877
3.58133
3.5052
3.44159
3.39363
3.35587
3.32739
3.31275
3.31536
3.32608
3.35116
3.40022
3.45243
3.5015
3.53906
3.56076
3.56671
3.56531
3.55967
3.54643
3.52125
3.49377
3.46488
3.43624
3.4084
3.38188
3.35699
3.33434
3.3147
3.29966
3.28779
3.27907
3.2793
3.28137
3.28715
3.2994
3.31554
3.32722
3.33056
3.32924
3.32439
3.31255
3.28768
3.2493
3.20424
3.15483
3.10431
3.05458
3.00767
2.96594
2.92896
2.90649
6.22708
5.96774
5.74466
5.53944
5.34132
5.14674
4.95815
4.77704
4.60924
4.46154
4.34423
4.279
4.28806
4.33433
4.46104
4.73038
5.16412
5.51901
5.67299
5.65677
5.58143
5.41211
5.20851
5.04223
4.97199
4.98047
5.01787
5.11128
5.30768
5.62081
5.89431
6.04071
6.04635
6.02318
5.95238
5.80179
5.60261
5.39784
5.20055
5.01448
4.83972
4.67501
4.51949
4.3721
4.23231
4.09986
3.97484
3.85764
3.74859
3.64809
3.557
3.4761
3.40683
3.35073
3.30724
3.27075
3.2444
3.24406
3.24873
3.2635
3.29585
3.34534
3.39535
3.43735
3.46498
3.47965
3.47949
3.47686
3.46875
3.45111
3.42707
3.40206
3.37818
3.35663
3.33851
3.3238
3.31521
3.308
3.30838
3.31077
3.31728
3.33148
3.35136
3.36938
3.38238
3.38376
3.38189
3.37554
3.36087
3.33111
3.28974
3.24195
3.19135
3.13972
3.08957
3.04228
2.99937
2.96313
2.93163
2.91703
6.3346
6.0637
5.82417
5.61182
5.41585
5.23161
5.05846
4.90146
4.77498
4.68117
4.68408
4.71548
4.81101
5.02741
5.45918
5.87996
6.15185
6.15044
6.10186
5.96821
5.70152
5.4598
5.25806
5.10627
5.01181
4.9974
5.00884
5.04804
5.13772
5.31906
5.58037
5.82438
5.96989
5.99113
5.97214
5.91086
5.77739
5.58842
5.38254
5.18351
4.99587
4.81977
4.65444
4.49844
4.35089
4.21063
4.07783
3.95209
3.83377
3.72289
3.6201
3.52584
3.44109
3.36675
3.30416
3.25522
3.21091
3.17956
3.16645
3.1686
3.17751
3.19855
3.24103
3.28874
3.33394
3.36946
3.39061
3.39975
3.39918
3.39595
3.38766
3.37064
3.35367
3.33903
3.32942
3.32513
3.32592
3.32928
3.33743
3.35388
3.37699
3.40014
3.42079
3.43309
3.43254
3.42952
3.4213
3.40345
3.36899
3.32506
3.27586
3.22424
3.17236
3.12187
3.07477
3.03204
2.99492
2.96538
2.9407
2.93443
6.38574
6.17306
5.91881
5.69868
5.50792
5.33894
5.19986
5.09353
5.07063
5.09205
5.1727
5.36658
5.76514
6.25201
6.61553
6.71682
6.68228
6.56264
6.3082
6.02021
5.75544
5.53778
5.36717
5.23558
5.13806
5.07813
5.06286
5.06934
5.09614
5.16244
5.29832
5.50548
5.72276
5.86972
5.90909
5.89579
5.84782
5.73818
5.55842
5.35852
5.16144
4.97245
4.79462
4.62788
4.4706
4.32186
4.18086
4.04733
3.92078
3.80138
3.68916
3.58457
3.48796
3.39999
3.32164
3.2539
3.19932
3.1505
3.11315
3.08883
3.0894
3.09442
3.10845
3.13825
3.18496
3.23389
3.27559
3.30594
3.32425
3.33432
3.33665
3.33591
3.33381
3.33219
3.33332
3.33723
3.34669
3.36607
3.39035
3.41764
3.44521
3.46728
3.47726
3.47636
3.47204
3.4608
3.43753
3.40045
3.35545
3.30524
3.25314
3.20126
3.15124
3.10431
3.06216
3.02566
2.9957
2.9736
2.95791
2.95797
6.35894
6.25355
6.03111
5.80579
5.62724
5.50098
5.44753
5.4625
5.52744
5.6981
6.0575
6.6043
7.07287
7.30105
7.28389
7.1939
6.98152
6.65347
6.34552
6.07904
5.85953
5.68122
5.53556
5.41293
5.30775
5.21955
5.15498
5.11258
5.11314
5.12487
5.16316
5.25087
5.41599
5.60315
5.7475
5.80609
5.79829
5.76359
5.67993
5.51325
5.32861
5.13309
4.94349
4.76403
4.59494
4.4356
4.28526
4.14315
4.00862
3.88132
3.76116
3.64808
3.54224
3.44382
3.35359
3.27224
3.20066
3.14124
3.08925
3.04625
3.01715
3.00989
3.01267
3.02262
3.04528
3.09024
3.1408
3.18985
3.23095
3.2621
3.28413
3.30101
3.31563
3.33063
3.34684
3.36744
3.39237
3.4223
3.45509
3.48497
3.50682
3.51382
3.51244
3.50693
3.49312
3.4642
3.42544
3.37984
3.3291
3.27711
3.22592
3.17665
3.13073
3.08931
3.05381
3.02502
3.00279
2.98975
2.9848
2.9859
6.28577
6.24892
6.14484
5.94778
5.8224
5.82652
5.87314
6.01352
6.32329
6.91121
7.49527
7.87396
7.91018
7.8524
7.6818
7.33687
6.99991
6.6893
6.42343
6.20586
6.02682
5.87371
5.73758
5.61207
5.49428
5.38437
5.28612
5.20454
5.14598
5.11951
5.12375
5.14446
5.19969
5.3135
5.46931
5.60706
5.68386
5.67965
5.65471
5.59283
5.46128
5.2868
5.0946
4.9059
4.72492
4.5537
4.39238
4.24042
4.09708
3.96184
3.83416
3.71371
3.60016
3.49361
3.39435
3.30269
3.2195
3.14542
3.0824
3.02811
2.98224
2.94984
2.93514
2.93723
2.94553
2.96552
3.00652
3.0611
3.12042
3.1764
3.22451
3.26563
3.30298
3.3387
3.3748
3.41296
3.45129
3.48771
3.51878
3.53951
3.54198
3.53981
3.53263
3.51626
3.48361
3.44337
3.39727
3.34716
3.29599
3.24577
3.19793
3.15338
3.11338
3.07912
3.05189
3.03077
3.01851
3.01559
3.01645
3.0204
6.11785
6.22452
6.21431
6.19111
6.21811
6.32997
6.60297
7.1529
7.87065
8.41327
8.59319
8.55116
8.39873
8.07287
7.70162
7.3498
7.04194
6.78189
6.56968
6.3904
6.23311
6.08805
5.94944
5.81461
5.68277
5.55505
5.4343
5.3245
5.23006
5.15729
5.11059
5.10387
5.11063
5.13878
5.20438
5.33033
5.45258
5.53698
5.54748
5.5338
5.49011
5.39047
5.22476
5.04394
4.85764
4.6767
4.50435
4.34174
4.18876
4.04488
3.90928
3.78149
3.66078
3.54717
3.44044
3.34087
3.24876
3.16462
3.08953
3.02414
2.9698
2.92293
2.88849
2.87136
2.8732
2.88102
2.9005
2.94108
3.00584
3.08079
3.15683
3.22902
3.29547
3.35655
3.41304
3.46451
3.50865
3.5432
3.56308
3.56201
3.55792
3.54856
3.52903
3.49502
3.45327
3.40694
3.3586
3.30911
3.2606
3.21456
3.17192
3.13376
3.10124
3.07581
3.05686
3.0452
3.04491
3.04645
3.05195
3.06604
5.65088
6.1394
6.35403
6.56414
6.88931
7.38267
8.13724
8.9026
9.3006
9.28137
9.15878
8.86419
8.43711
8.05161
7.70643
7.40139
7.14854
6.94281
6.76587
6.60548
6.45353
6.3051
6.1577
6.01137
5.86681
5.72562
5.58973
5.46161
5.34399
5.24073
5.1552
5.09526
5.06414
5.06078
5.0708
5.10484
5.17977
5.28693
5.37055
5.40123
5.39346
5.36323
5.29057
5.14545
4.97721
4.79738
4.61846
4.4466
4.28395
4.13069
3.98668
3.85103
3.72335
3.60309
3.49001
3.38394
3.28506
3.19346
3.10998
3.035
2.96952
2.91485
2.87153
2.839
2.82745
2.83027
2.84031
2.86394
2.91249
2.98915
3.08273
3.18407
3.2826
3.37136
3.44722
3.50673
3.54984
3.57296
3.57164
3.56622
3.55388
3.53074
3.49746
3.45476
3.40935
3.36279
3.31598
3.26995
3.2262
3.18592
3.15004
3.11975
3.09644
3.08006
3.07073
3.07105
3.07353
3.08072
3.0961
3.12812
4.42396
5.82136
6.6339
7.36711
8.29002
9.37655
10.0581
10.1241
10.0211
9.72554
9.21781
8.79612
8.4016
8.06073
7.7636
7.52159
7.32207
7.14667
6.98369
6.82551
6.66848
6.51126
6.35379
6.19737
6.04318
5.89251
5.74644
5.60621
5.47321
5.34981
5.23824
5.14283
5.06699
5.02106
4.9898
4.99197
5.00592
5.0423
5.11563
5.19108
5.23639
5.23255
5.21251
5.16066
5.05162
4.89698
4.72523
4.55127
4.38166
4.21973
4.06685
3.92309
3.78798
3.66134
3.54221
3.43055
3.32613
3.22882
3.13946
3.05775
2.98516
2.92237
2.87039
2.83155
2.80993
2.8115
2.81827
2.8351
2.87022
2.93586
3.02596
3.13583
3.25197
3.35967
3.4497
3.51338
3.55658
3.55977
3.55624
3.54632
3.52494
3.48998
3.44887
3.40477
3.3601
3.3161
3.2732
3.23237
3.19481
3.16172
3.13405
3.11351
3.09982
3.094
3.09485
3.09876
3.10895
3.13052
3.15269
3.19467
2.82852
4.90567
7.15798
9.13423
10.7163
11.2094
11.1164
10.7858
10.1169
9.5986
9.12186
8.72101
8.40665
8.12648
7.89714
7.70753
7.53459
7.36766
7.20196
7.03579
6.86904
6.70248
6.53694
6.37354
6.21297
6.05603
5.90308
5.75435
5.61071
5.47312
5.34311
5.22327
5.11679
5.02837
4.96273
4.91711
4.89114
4.89444
4.90905
4.94472
5.00872
5.05413
5.05631
5.04638
5.01299
4.93633
4.79802
4.6405
4.47486
4.30955
4.14996
3.99845
3.85593
3.72259
3.59745
3.48064
3.37149
3.27002
3.17665
3.09088
3.01425
2.94715
2.89028
2.84806
2.81671
2.81777
2.82324
2.83679
2.86558
2.9227
3.00559
3.10298
3.21035
3.31466
3.40543
3.46992
3.51356
3.51261
3.50788
3.49682
3.47364
3.43519
3.39343
3.35122
3.30998
3.27029
3.23274
3.19833
3.16826
3.1438
3.12635
3.1161
3.11372
3.1154
3.1214
3.13523
3.16254
3.19439
3.21517
3.25476
1.90215
3.79582
7.26628
11.8534
12.465
12.1969
11.4667
10.6139
9.93368
9.40504
9.03206
8.74049
8.48555
8.27946
8.10109
7.92947
7.75744
7.58325
7.40745
7.23115
7.05572
6.88232
6.71148
6.54352
6.37844
6.21659
6.05819
5.90288
5.75095
5.60294
5.45972
5.32311
5.19503
5.07848
4.97718
4.89601
4.83241
4.78593
4.76856
4.77232
4.78643
4.81913
4.86095
4.87245
4.86699
4.84563
4.79198
4.68269
4.54447
4.38968
4.23222
4.07735
3.92898
3.78882
3.65724
3.53488
3.42123
3.31636
3.22047
3.13296
3.05519
2.98753
2.93052
2.88871
2.85752
2.85848
2.86343
2.87535
2.90039
2.94857
3.01117
3.08507
3.1652
3.2462
3.32174
3.38125
3.42464
3.43331
3.43075
3.42295
3.40569
3.37341
3.3359
3.29794
3.2614
3.2272
3.19613
3.16958
3.14842
3.1348
3.12847
3.12897
3.1324
3.14203
3.1626
3.19414
3.22634
3.25819
3.2742
3.30615
2.14493
3.12692
7.76336
13.3393
13.0671
12.1195
11.0217
10.1889
9.65955
9.32329
9.07007
8.84818
8.66628
8.49851
8.32683
8.14842
7.96522
7.77996
7.59488
7.41165
7.23117
7.05388
6.8797
6.70831
6.53923
6.37223
6.20796
6.04648
5.8875
5.73122
5.57802
5.42906
5.28575
5.14994
5.02455
4.91229
4.81786
4.73938
4.67761
4.63718
4.62654
4.63004
4.64163
4.66659
4.68307
4.6803
4.66757
4.63243
4.55511
4.43327
4.29537
4.14917
4.0026
3.86016
3.72429
3.59705
3.47903
3.37086
3.27321
3.18565
3.10926
3.04451
2.99168
2.95432
2.92941
2.93036
2.93486
2.94507
2.96543
2.99738
3.03428
3.07484
3.11858
3.16529
3.21513
3.26229
3.30161
3.32627
3.32904
3.3272
3.32082
3.30619
3.27772
3.24713
3.21654
3.18879
3.16531
3.14833
3.13775
3.13716
3.13889
3.14529
3.16012
3.18995
3.22414
3.26003
3.2905
3.31607
3.32677
3.34857
1.58607
3.40542
7.39777
13.7259
13.0495
11.5493
10.4411
9.87072
9.58495
9.37889
9.2024
9.04193
8.8737
8.69708
8.51321
8.32481
8.13456
7.94474
7.75693
7.57183
7.38976
7.21055
7.03395
6.85963
6.68709
6.51582
6.34563
6.17782
6.01246
5.84945
5.68874
5.53088
5.37686
5.22795
5.08616
4.95353
4.83306
4.72803
4.63815
4.56251
4.50909
4.47768
4.47077
4.47333
4.48105
4.49629
4.49487
4.48765
4.46667
4.41603
4.31418
4.19419
4.06146
3.92645
3.79339
3.66625
3.54722
3.43781
3.33955
3.25325
3.18015
3.12097
3.07539
3.04577
3.02772
3.02838
3.03089
3.0362
3.04525
3.05324
3.06024
3.06599
3.07383
3.08689
3.10906
3.1365
3.16634
3.19603
3.21546
3.22511
3.22473
3.22216
3.21456
3.19818
3.17667
3.15752
3.14364
3.13812
3.13917
3.14367
3.15493
3.17827
3.21213
3.25137
3.29021
3.32398
3.34864
3.36542
3.37113
3.3832
1.98426
2.87745
7.44459
13.8666
12.8099
11.1125
10.1857
9.80918
9.63693
9.50484
9.35801
9.19279
9.01482
8.82885
8.64026
8.45124
8.26255
8.07501
7.88913
7.70507
7.52298
7.34282
7.16456
6.98807
6.81302
6.63914
6.46556
6.29275
6.12192
5.95344
5.78695
5.6227
5.46109
5.30321
5.15036
5.00414
4.86678
4.74045
4.62837
4.5295
4.44527
4.38058
4.33809
4.31424
4.31136
4.31321
4.31832
4.31976
4.31607
4.30295
4.26832
4.1941
4.08876
3.97309
3.8531
3.73405
3.62041
3.51575
3.42211
3.34072
3.27329
3.22153
3.18458
3.16192
3.14866
3.14368
3.14048
3.13398
3.12163
3.10168
3.08065
3.05608
3.03424
3.02056
3.02123
3.02564
3.03763
3.06269
3.09136
3.11508
3.13047
3.13987
3.14219
3.1414
3.13881
3.13335
3.13382
3.13682
3.14494
3.16233
3.19189
3.23075
3.27419
3.31646
3.35357
3.38097
3.39751
3.40539
3.4072
3.4117
1.49465
3.16977
6.36558
13.8974
12.9451
11.1463
10.1862
9.81029
9.65989
9.54296
9.40393
9.24183
9.06968
8.89034
8.71227
8.53256
8.35146
8.16968
7.98755
7.80551
7.62416
7.44399
7.26529
7.08808
6.91222
6.73732
6.56288
6.38807
6.21363
6.04091
5.86972
5.70046
5.53322
5.36901
5.20861
5.05349
4.90514
4.76527
4.63621
4.51984
4.41556
4.3259
4.25469
4.20274
4.1716
4.1563
4.1561
4.15691
4.15786
4.15575
4.14747
4.12555
4.07552
3.98838
3.89468
3.79353
3.69377
3.60058
3.51707
3.44641
3.3894
3.34658
3.31779
3.29772
3.28288
3.26745
3.24765
3.22056
3.18412
3.13872
3.09034
3.04199
2.99781
2.96346
2.94068
2.93733
2.93995
2.94877
2.96854
2.99997
3.02977
3.05429
3.07253
3.08705
3.09969
3.11075
3.12541
3.14409
3.1679
3.20184
3.24495
3.29186
3.33795
3.37809
3.40946
3.42806
3.43549
3.43597
3.43557
3.4362
1.4414
3.07417
5.95227
13.7704
12.9381
11.2417
10.1837
9.75527
9.61122
9.52009
9.40003
9.25453
9.09369
8.92496
8.75535
8.58668
8.41021
8.23332
8.05512
7.87586
7.69636
7.51737
7.33938
7.1626
6.98695
6.81213
6.63771
6.46307
6.28771
6.11232
5.93792
5.76487
5.59359
5.42474
5.25903
5.09771
4.94191
4.79302
4.65293
4.52291
4.40513
4.29855
4.20654
4.13113
4.07409
4.03576
4.01551
4.00916
4.00963
4.01134
4.01078
4.0076
3.99757
3.9704
3.91399
3.84225
3.7669
3.69166
3.6237
3.568
3.52404
3.48914
3.46347
3.4398
3.41496
3.38241
3.33827
3.28589
3.22585
3.15979
3.09181
3.02748
2.96874
2.91917
2.88126
2.85879
2.85741
2.8601
2.86924
2.89002
2.92698
2.96588
3.00156
3.03268
3.06287
3.09304
3.12583
3.16254
3.20524
3.25274
3.3036
3.35307
3.39676
3.43181
3.45432
3.46239
3.46229
3.4611
3.45753
3.45486
1.39105
3.03243
5.80337
13.5889
12.8626
11.2968
10.1889
9.71337
9.57054
9.50356
9.40606
9.27265
9.11751
8.9541
8.78575
8.62532
8.45082
8.27625
8.10039
7.92289
7.74459
7.56639
7.38892
7.21261
7.03751
6.86336
6.68978
6.51616
6.34172
6.16635
5.99077
5.81566
5.64168
5.46956
5.30008
5.13437
4.97343
4.81859
4.67117
4.53227
4.40377
4.28587
4.17955
4.08703
4.00993
3.95012
3.90872
3.88522
3.8791
3.88053
3.88471
3.89349
3.90061
3.89937
3.89175
3.87204
3.83183
3.78401
3.73974
3.70238
3.66892
3.63816
3.60889
3.57338
3.52983
3.47615
3.40814
3.33309
3.25318
3.17082
3.08962
3.01319
2.94346
2.88337
2.83464
2.80042
2.78518
2.78631
2.79158
2.80501
2.83358
2.87953
2.92989
2.97996
3.02947
3.08033
3.13207
3.18864
3.24749
3.30618
3.36126
3.40932
3.44829
3.4741
3.48603
3.48612
3.48496
3.48132
3.47308
3.46533
1.37652
3.00171
5.70212
13.4062
12.7669
11.3046
10.1875
9.69644
9.5518
9.49412
9.40768
9.28027
9.12969
8.96972
8.80501
8.64836
8.47697
8.30522
8.13184
7.95623
7.7792
7.60182
7.42478
7.24876
7.07395
6.90021
6.72729
6.55459
6.38125
6.20671
6.03119
5.85527
5.6797
5.50539
5.33319
5.16436
4.9998
4.84081
4.68843
4.5437
4.40783
4.28181
4.1658
4.06164
3.97033
3.89406
3.83442
3.79314
3.77076
3.7715
3.77539
3.78455
3.80354
3.82767
3.85005
3.8695
3.87026
3.86762
3.85961
3.84224
3.81535
3.78379
3.74433
3.69315
3.62748
3.54817
3.45917
3.36505
3.26944
3.17429
3.08364
2.9993
2.92278
2.85627
2.80053
2.75891
2.73064
2.72995
2.73269
2.74184
2.76295
2.80622
2.86535
2.93094
2.99979
3.07144
3.14477
3.21898
3.29104
3.357
3.41295
3.4576
3.48823
3.50396
3.50735
3.50614
3.50269
3.49432
3.48282
3.47177
1.35131
3.01144
5.73928
13.2586
12.6412
11.2279
10.1724
9.71184
9.56735
9.50408
9.4145
9.28929
9.141
8.98217
8.82089
8.66392
8.49352
8.32259
8.14968
7.97445
7.7978
7.62088
7.44439
7.26896
7.09527
6.92246
6.75104
6.57987
6.40813
6.235
6.06037
5.88452
5.70821
5.53241
5.35826
5.18704
5.01981
4.85792
4.70212
4.55357
4.41286
4.28115
4.15874
4.04665
3.94583
3.85785
3.78458
3.72839
3.69009
3.68179
3.68466
3.69383
3.71439
3.75471
3.80471
3.8583
3.9055
3.94193
3.95831
3.95488
3.94277
3.9156
3.86427
3.79131
3.70195
3.60098
3.49386
3.38515
3.27775
3.17446
3.07737
2.98781
2.90713
2.8364
2.77645
2.72993
2.69448
2.68692
2.68889
2.69612
2.71369
2.75048
2.8119
2.88836
2.97425
3.06546
3.15844
3.2479
3.32963
3.39894
3.45289
3.49341
3.51562
3.52312
3.52256
3.52021
3.51441
3.50223
3.48466
3.4796
1.82905
2.45741
6.27452
13.2334
12.4903
11.0276
10.1247
9.7278
9.59187
9.52198
9.42845
9.30437
9.15878
9.00163
8.841
8.68127
8.51215
8.34072
8.16726
7.99148
7.81405
7.63608
7.45886
7.28237
7.10906
6.93557
6.76537
6.59483
6.42393
6.25178
6.07793
5.90237
5.72587
5.54931
5.37416
5.20153
5.0329
4.86927
4.71165
4.56084
4.4175
4.28238
4.15604
4.03913
3.93259
3.8374
3.75553
3.68907
3.6399
3.61946
3.62184
3.63078
3.65161
3.69514
3.76677
3.84782
3.92977
4.00099
4.0435
4.04137
4.03099
4.00539
3.95239
3.86278
3.75458
3.63618
3.51491
3.39562
3.28071
3.1725
3.07159
2.97936
2.89634
2.82358
2.76112
2.71154
2.67247
2.65823
2.65971
2.66588
2.68137
2.71395
2.77485
2.85753
2.95557
3.06249
3.16997
3.27067
3.35755
3.42787
3.47895
3.51547
3.53166
3.53349
3.53241
3.52895
3.52115
3.50572
3.48584
3.48316
1.3517
2.99674
5.69424
13.1434
12.5554
11.1948
10.1647
9.71756
9.57934
9.51113
9.4229
9.30047
9.15503
8.99692
8.84593
8.682
8.51435
8.34399
8.17101
7.99583
7.81909
7.64186
7.46523
7.28935
7.11684
6.94369
6.77391
6.60397
6.43364
6.26205
6.08855
5.91304
5.73624
5.5591
5.38316
5.20959
5.04
4.87527
4.71658
4.5645
4.41979
4.28296
4.15462
4.03536
3.92603
3.82732
3.74124
3.66937
3.61463
3.58602
3.58811
3.59678
3.61791
3.66266
3.74325
3.84106
3.94512
4.03257
4.09485
4.09154
4.07845
4.04942
3.99387
3.89731
3.77973
3.65249
3.52406
3.39965
3.28125
3.17071
3.06806
2.97464
2.89054
2.81679
2.75328
2.70215
2.66189
2.64338
2.64465
2.65023
2.66458
2.69507
2.75586
2.84144
2.94584
3.0616
3.17679
3.28342
3.37233
3.44257
3.49189
3.526
3.53891
3.53876
3.53728
3.53307
3.5239
3.50711
3.48766
3.48424
)
;

boundaryField
{
    inlet
    {
        type            fixedValue;
        value           uniform 1;
    }
    outlet
    {
        type            waveTransmissive;
        gamma           1.4;
        fieldInf        1;
        lInf            3;
        value           nonuniform List<scalar> 
40
(
2.50688
2.5117
2.52069
2.53541
2.55696
2.58541
2.62059
2.66047
2.70479
2.75088
2.79613
2.83794
2.86949
2.88788
2.89501
2.89604
2.89447
2.89268
2.89274
2.89708
2.90743
2.9246
2.94792
2.9756
3.00983
3.05497
3.11637
3.18269
3.24257
3.29365
3.33575
3.37006
3.39828
3.42251
3.44093
3.4511
3.45792
3.46547
3.46882
3.47
)
;
    }
    bottom
    {
        type            symmetryPlane;
    }
    top
    {
        type            symmetryPlane;
    }
    obstacle
    {
        type            zeroGradient;
    }
    defaultFaces
    {
        type            empty;
    }
}


// ************************************************************************* //
