/*--------------------------------*- C++ -*----------------------------------*\
  =========                 |
  \\      /  F ield         | OpenFOAM: The Open Source CFD Toolbox
   \\    /   O peration     | Website:  https://openfoam.org
    \\  /    A nd           | Version:  6
     \\/     M anipulation  |
\*---------------------------------------------------------------------------*/
FoamFile
{
    version     2.0;
    format      ascii;
    class       volScalarField;
    location    "9.5";
    object      Ma;
}
// * * * * * * * * * * * * * * * * * * * * * * * * * * * * * * * * * * * * * //

dimensions      [0 0 0 0 0 0 0];

internalField   nonuniform List<scalar> 
5250
(
2.99971
2.99924
2.99778
2.99537
2.98763
2.97457
2.93513
2.85706
2.66772
2.23564
1.43329
0.335505
0.144708
0.0940732
0.30207
0.361994
0.336883
0.281795
0.224051
0.186972
0.157396
0.125412
0.0924325
0.060529
0.0406454
2.99971
2.99924
2.99778
2.99539
2.98767
2.97465
2.93532
2.8575
2.66868
2.23749
1.4368
0.339661
0.142198
0.102944
0.308126
0.365837
0.33982
0.285504
0.230085
0.194699
0.16617
0.135666
0.105579
0.0790041
0.0653311
2.99971
2.99924
2.9978
2.99542
2.98775
2.97483
2.93574
2.85846
2.67083
2.24168
1.44551
0.349927
0.134906
0.118182
0.31726
0.371985
0.345254
0.292753
0.241778
0.209952
0.184141
0.157247
0.132543
0.112967
0.104009
2.99972
2.99925
2.99782
2.99547
2.98788
2.97512
2.93641
2.86
2.67434
2.24854
1.45984
0.366413
0.124576
0.13789
0.328897
0.380636
0.354025
0.304577
0.259213
0.23189
0.209907
0.187743
0.16878
0.154903
0.14912
2.99972
2.99926
2.99786
2.99554
2.98806
2.97551
2.93733
2.86216
2.67925
2.25822
1.47982
0.38908
0.113598
0.161054
0.342726
0.391455
0.365711
0.320217
0.280919
0.258531
0.240886
0.223648
0.209855
0.200385
0.196847
2.99973
2.99928
2.9979
2.99563
2.9883
2.97602
2.93853
2.86502
2.68553
2.27096
1.50578
0.418356
0.105736
0.187213
0.358746
0.404471
0.38021
0.339492
0.306648
0.289371
0.27642
0.26416
0.255384
0.2502
0.248859
2.99973
2.9993
2.99795
2.99574
2.98858
2.97662
2.93999
2.86843
2.69307
2.28699
1.53589
0.454503
0.107151
0.216041
0.376681
0.41916
0.397202
0.361908
0.335823
0.32401
0.316342
0.309948
0.306862
0.3068
0.309087
2.99974
2.99932
2.99801
2.99587
2.98892
2.97732
2.94172
2.87242
2.70179
2.30642
1.57044
0.49828
0.122888
0.247686
0.396453
0.435472
0.416366
0.387613
0.368268
0.362098
0.360341
0.3608
0.365867
0.374436
0.384658
2.99975
2.99934
2.99808
2.99602
2.98931
2.97813
2.94373
2.87703
2.71193
2.32911
1.61103
0.549761
0.15427
0.282155
0.41564
0.452187
0.43723
0.415451
0.403555
0.403662
0.408271
0.417666
0.434763
0.45895
0.491592
2.99976
2.99937
2.99817
2.99619
2.98976
2.97906
2.94602
2.8823
2.72335
2.35541
1.65711
0.609672
0.199631
0.318246
0.432547
0.4689
0.459176
0.445388
0.44043
0.445973
0.458422
0.481161
0.516997
0.570115
0.670009
2.99977
2.9994
2.99826
2.99638
2.99027
2.98011
2.94861
2.88828
2.73626
2.38533
1.70948
0.67736
0.256274
0.355407
0.448026
0.484799
0.481815
0.475895
0.477268
0.488259
0.510812
0.549258
0.608111
0.703351
0.850085
2.99979
2.99944
2.99837
2.9966
2.99086
2.98133
2.95164
2.89506
2.75169
2.41833
1.7737
0.753368
0.323346
0.391593
0.461378
0.499746
0.503664
0.503536
0.510394
0.528633
0.563284
0.614197
0.685973
0.795562
0.939444
2.9998
2.99948
2.99849
2.99686
2.99154
2.98275
2.95521
2.90281
2.77043
2.45504
1.85589
0.839896
0.399744
0.41981
0.473868
0.513934
0.523508
0.528108
0.540295
0.566044
0.608022
0.664445
0.737339
0.834276
0.947335
2.99982
2.99953
2.99863
2.99715
2.99231
2.98436
2.95917
2.91188
2.79092
2.49924
1.94875
0.949423
0.483988
0.4426
0.48536
0.52424
0.540212
0.550611
0.568476
0.59853
0.641868
0.695693
0.764324
0.84552
0.935887
2.99984
2.99958
2.99878
2.99747
2.99316
2.98612
2.96359
2.92193
2.81315
2.55403
2.05077
1.09087
0.578974
0.462763
0.493692
0.532343
0.555911
0.5714
0.592476
0.623158
0.664573
0.713795
0.774539
0.843423
0.918758
2.99987
2.99964
2.99895
2.99782
2.99409
2.98805
2.96854
2.9331
2.83841
2.61697
2.17303
1.27734
0.688981
0.490812
0.510183
0.547543
0.575364
0.591902
0.613096
0.642123
0.680808
0.725212
0.778451
0.83741
0.90069
2.99989
2.9997
2.99912
2.99817
2.99506
2.99005
2.97372
2.94483
2.86552
2.68585
2.31461
1.52093
0.811649
0.542574
0.551453
0.579867
0.605021
0.618015
0.634723
0.659284
0.693378
0.732973
0.779422
0.830552
0.884014
2.99991
2.99975
2.99927
2.99848
2.99589
2.99174
2.97813
2.9546
2.8876
2.74447
2.42788
1.76463
0.919993
0.585737
0.590083
0.614325
0.639335
0.649838
0.660813
0.679102
0.706346
0.74016
0.779702
0.823525
0.869205
2.99992
2.99979
2.99939
2.99873
2.99654
2.99311
2.98144
2.96229
2.90415
2.78381
2.51152
1.90086
1.04725
0.636779
0.613526
0.636839
0.662306
0.676742
0.686332
0.699907
0.720733
0.748535
0.78139
0.817356
0.855738
2.99994
2.99983
2.99949
2.99894
2.99711
2.99426
2.98447
2.96864
2.91933
2.81988
2.58822
2.04758
1.22795
0.724482
0.622603
0.642194
0.668984
0.690795
0.703492
0.716019
0.73371
0.75692
0.783369
0.812833
0.844704
2.99995
2.99986
2.99958
2.99913
2.99764
2.99531
2.9873
2.97449
2.93381
2.85429
2.66296
2.20841
1.44967
0.826028
0.63314
0.643706
0.669736
0.697272
0.713293
0.72658
0.742695
0.761936
0.783879
0.808967
0.836203
2.99996
2.99989
2.99967
2.9993
2.9981
2.99622
2.98977
2.97961
2.94638
2.88682
2.72642
2.38948
1.71085
0.938187
0.659509
0.655879
0.678761
0.707379
0.724159
0.735425
0.748023
0.763856
0.78322
0.805351
0.829327
2.99997
2.99991
2.99973
2.99943
2.99845
2.99692
2.99163
2.98337
2.95595
2.90714
2.77429
2.48512
1.8914
1.01455
0.666791
0.652108
0.67984
0.708769
0.728524
0.740022
0.751112
0.765411
0.783053
0.803054
0.824566
2.99998
2.99993
2.99978
2.99954
2.99874
2.9975
2.99318
2.98649
2.964
2.92399
2.81555
2.55873
2.07053
1.15673
0.725287
0.639825
0.664291
0.693179
0.719329
0.735249
0.748673
0.763702
0.781009
0.80009
0.820206
2.99998
2.99994
2.99983
2.99963
2.99899
2.99799
2.99455
2.98915
2.97124
2.93914
2.85059
2.64032
2.23272
1.3978
0.833187
0.642092
0.648326
0.673182
0.70324
0.724696
0.741458
0.758173
0.776122
0.795182
0.814866
2.99999
2.99995
2.99988
2.99966
2.9993
2.99812
2.99626
2.98991
2.97965
2.94691
2.88569
2.7239
2.38261
1.68772
0.934984
0.655227
0.643687
0.665944
0.696851
0.72072
0.738002
0.75429
0.771781
0.790365
0.809503
3
2.99996
2.9999
2.99972
2.99943
2.99843
2.99692
2.99152
2.9833
2.95517
2.90598
2.76942
2.47501
1.86694
0.994163
0.638465
0.617827
0.647905
0.68276
0.712645
0.733365
0.750629
0.76778
0.785654
0.803953
3
2.99997
2.99992
2.99977
2.99953
2.99871
2.99748
2.99302
2.98627
2.96314
2.92189
2.80912
2.54184
2.03467
1.1097
0.668276
0.57975
0.610224
0.651178
0.692422
0.720586
0.74152
0.760231
0.778675
0.796986
3
2.99998
2.99994
2.99982
2.99962
2.99895
2.99794
2.99434
2.98877
2.97014
2.93594
2.84214
2.61575
2.18196
1.31783
0.748759
0.546769
0.567128
0.615076
0.668162
0.703247
0.727676
0.748377
0.767993
0.787031
3
2.99998
2.99994
2.99987
2.99964
2.99926
2.998
2.99604
2.98922
2.97821
2.94297
2.87438
2.69887
2.31428
1.57375
0.810544
0.53159
0.554223
0.605765
0.661037
0.695865
0.719094
0.7388
0.757892
0.776624
3
2.99999
2.99996
2.99987
2.99973
2.99926
2.99854
2.99598
2.99214
2.97846
2.95613
2.88763
2.7422
2.41554
1.75049
0.876192
0.505366
0.530423
0.585168
0.645832
0.685883
0.710943
0.730518
0.74873
0.766467
3
2.99999
2.99996
2.99989
2.99977
2.99935
2.99872
2.9964
2.99306
2.98051
2.96143
2.89787
2.77467
2.4731
1.84356
0.966489
0.505771
0.494483
0.551222
0.614979
0.663827
0.695006
0.717232
0.736099
0.753787
3
2.99999
2.99997
2.9999
2.9998
2.99942
2.99887
2.99682
2.99389
2.98272
2.96598
2.9092
2.79809
2.52974
1.92886
1.06774
0.528697
0.449754
0.501359
0.570344
0.631523
0.670639
0.696438
0.716638
0.734966
3
2.99999
2.99997
2.99992
2.99982
2.9995
2.99902
2.99725
2.99469
2.98513
2.97029
2.92126
2.81848
2.58176
2.01259
1.17781
0.556824
0.392179
0.442131
0.5241
0.598249
0.642892
0.669601
0.690008
0.708865
3
2.99999
2.99998
2.99993
2.99985
2.99958
2.99916
2.99767
2.99543
2.98757
2.97414
2.93317
2.84012
2.63106
2.10672
1.29607
0.589774
0.338598
0.394209
0.496193
0.578828
0.62331
0.647642
0.665871
0.683632
3
3
2.99998
2.99995
2.99985
2.99969
2.99915
2.99831
2.99542
2.99067
2.97596
2.94443
2.86559
2.66348
2.27961
1.47901
0.671223
0.346108
0.409074
0.516183
0.595292
0.631163
0.647085
0.659075
0.672801
3.00001
3
2.99998
2.99994
2.99988
2.99966
2.99932
2.99809
2.99629
2.98958
2.97933
2.94419
2.87824
2.70452
2.31364
1.57514
0.651218
0.288427
0.380822
0.500519
0.585651
0.622965
0.637631
0.648169
0.660684
3.00001
3
2.99999
2.99995
2.99989
2.99968
2.99937
2.99821
2.99653
2.99022
2.98068
2.9476
2.88598
2.72225
2.34902
1.63158
0.667427
0.262518
0.35671
0.473508
0.561643
0.601708
0.618084
0.629774
0.643035
3
3
2.99999
2.99996
2.99988
2.99975
2.99932
2.99865
2.99625
2.99253
2.97984
2.95686
2.88969
2.73465
2.39636
1.69677
0.760082
0.299989
0.361323
0.456689
0.544638
0.587132
0.604763
0.616455
0.629282
3.00001
3
2.99999
2.99996
2.99991
2.99974
2.99947
2.99853
2.99706
2.99214
2.98321
2.9568
2.89464
2.75149
2.39079
1.72126
0.762342
0.30577
0.345355
0.434094
0.523599
0.570698
0.591487
0.604398
0.617342
3
3
2.99999
2.99997
2.9999
2.99979
2.9994
2.9988
2.99665
2.99331
2.98177
2.96106
2.89867
2.75758
2.43721
1.76384
0.845331
0.346903
0.353494
0.430881
0.514731
0.562803
0.585034
0.59833
0.610863
3.00001
3
2.99999
2.99996
2.99992
2.99977
2.99953
2.9987
2.99738
2.99303
2.98468
2.96089
2.90317
2.77094
2.42937
1.79293
0.839365
0.348616
0.337486
0.413623
0.497036
0.548465
0.573908
0.589053
0.602269
3.00001
3
2.99999
2.99997
2.99991
2.99981
2.99946
2.99892
2.99699
2.99395
2.98373
2.96409
2.90716
2.77238
2.47582
1.81226
0.910664
0.37923
0.344393
0.410418
0.489454
0.541545
0.568604
0.584452
0.597352
3.00001
3
2.99999
2.99997
2.99992
2.99978
2.99955
2.99875
2.99752
2.99323
2.98569
2.96269
2.90937
2.78429
2.45679
1.86629
0.89185
0.376246
0.320101
0.38597
0.466979
0.524438
0.555849
0.573877
0.587378
3.00001
3
2.99999
2.99997
2.99992
2.99977
2.99955
2.9987
2.99751
2.99278
2.98588
2.96123
2.91359
2.78739
2.47519
1.89813
0.904723
0.381317
0.298075
0.359579
0.443797
0.508096
0.544016
0.563642
0.577285
3.00001
3
2.99999
2.99997
2.99993
2.99978
2.99957
2.99876
2.99761
2.99308
2.98643
2.96267
2.9168
2.79361
2.49018
1.92215
0.930622
0.386344
0.272993
0.334909
0.429416
0.50393
0.54447
0.564574
0.577307
3.00001
3
2.99999
2.99997
2.99993
2.9998
2.9996
2.99883
2.99776
2.99344
2.98715
2.96434
2.92053
2.80088
2.50597
1.94768
0.956854
0.386091
0.240183
0.313873
0.428552
0.516171
0.560796
0.579846
0.59076
3.00001
3
3
2.99998
2.99994
2.99983
2.99965
2.99901
2.99801
2.99462
2.98821
2.96907
2.92289
2.81112
2.51596
1.96237
0.999221
0.385959
0.211186
0.306358
0.443069
0.539183
0.583078
0.598242
0.605507
3.00001
3
3
2.99998
2.99994
2.99987
2.99965
2.99926
2.99814
2.99559
2.98932
2.97211
2.93238
2.81477
2.57827
1.93398
1.05706
0.357303
0.141338
0.26292
0.431349
0.53229
0.570477
0.57951
0.583458
3.00001
3
3
2.99998
2.99995
2.99985
2.99969
2.99914
2.99823
2.99533
2.98919
2.97191
2.92844
2.82202
2.54061
1.99018
1.04339
0.360378
0.143273
0.274301
0.451553
0.554304
0.588562
0.593792
0.595252
1.02466
1.06122
0.812239
0.417387
0.167778
0.208304
0.309082
0.38471
0.423662
0.438778
0.441676
0.436843
0.435235
0.431844
0.431014
0.429907
0.42739
0.42132
0.411539
0.398788
0.383596
0.366482
0.347589
0.326916
0.304346
0.280121
0.254833
0.228771
0.202089
0.175155
0.148341
0.121069
0.0944443
0.0677321
0.0427589
0.0251629
0.0330024
0.0563844
0.07489
0.0975317
0.120811
0.144295
0.16723
0.189746
0.211353
0.232072
0.253137
0.274966
0.296463
0.31728
0.337597
0.357558
0.377209
0.396615
0.415721
0.434594
0.453239
0.471635
0.489789
0.507707
0.525362
0.542776
0.559926
0.57682
0.593454
0.609794
0.6259
0.641698
0.657246
0.672499
0.687446
0.702112
0.716407
0.730403
0.743946
0.757141
0.769793
0.781992
0.793565
0.804521
0.814716
0.824089
0.832462
0.839731
0.845663
0.850094
0.852785
0.853856
0.854117
0.853822
0.85237
0.848766
0.842067
0.833909
0.824564
0.815949
0.807633
0.801402
0.796438
0.800321
1.04691
1.03915
0.886183
0.661275
0.568456
0.454346
0.354802
0.263809
0.18834
0.123687
0.0770982
0.0450605
0.0345558
0.0647942
0.0777696
0.0911509
0.0892936
0.0748547
0.0671124
0.0573116
0.0453716
0.0336231
0.0285401
0.0371202
0.0529823
0.0684363
0.0874308
0.107567
0.128308
0.149329
0.171206
0.192691
0.21444
0.23633
0.258003
0.279452
0.300368
0.320439
0.340007
0.359775
0.37957
0.399213
0.418471
0.437404
0.455583
0.472951
0.490152
0.508003
0.525879
0.543127
0.559902
0.576361
0.592624
0.608637
0.624531
0.640192
0.655835
0.67134
0.686837
0.702246
0.717564
0.732789
0.747802
0.762679
0.77722
0.791609
0.805638
0.819475
0.832975
0.846254
0.859182
0.871887
0.884207
0.896266
0.907932
0.919233
0.930132
0.940547
0.950485
0.959833
0.968549
0.976493
0.983626
0.989682
0.994627
0.998185
1.00012
1.00069
1.00057
0.9999
0.998143
0.994671
0.988539
0.981015
0.972497
0.964583
0.957033
0.951504
0.946955
0.950335
1.01951
1.03277
0.987947
0.915889
0.859501
0.798485
0.738176
0.677071
0.62146
0.569776
0.52273
0.480553
0.44489
0.412374
0.390475
0.376316
0.364382
0.354959
0.349746
0.348529
0.351502
0.357935
0.367145
0.378052
0.38959
0.401963
0.415203
0.429527
0.444241
0.459396
0.474412
0.489083
0.503722
0.51837
0.5331
0.548092
0.562852
0.577162
0.591224
0.605374
0.619647
0.634019
0.648399
0.662826
0.677028
0.690719
0.704269
0.718402
0.733143
0.747669
0.76181
0.775635
0.789269
0.802676
0.815885
0.828851
0.841648
0.854316
0.86692
0.879533
0.892063
0.904549
0.916856
0.929036
0.940992
0.952779
0.964401
0.975901
0.987275
0.998571
1.00971
1.02077
1.03162
1.0423
1.05272
1.06283
1.07264
1.08201
1.09097
1.09939
1.10724
1.11444
1.12085
1.12641
1.13087
1.13414
1.13574
1.13606
1.13577
1.13504
1.13327
1.13
1.12435
1.1176
1.10963
1.10241
1.09509
1.08992
1.08511
1.0876
1.00324
1.04042
1.04718
1.03137
1.01016
0.985972
0.95995
0.930719
0.898343
0.8629
0.826059
0.792764
0.764572
0.742375
0.726971
0.717363
0.712146
0.708892
0.70643
0.705124
0.705308
0.707024
0.709923
0.713423
0.71723
0.721059
0.725196
0.729546
0.733897
0.738043
0.742169
0.746535
0.751176
0.756213
0.761815
0.767988
0.774601
0.781437
0.788522
0.795934
0.80376
0.812011
0.82071
0.829856
0.839225
0.848498
0.857842
0.867837
0.878811
0.890326
0.901849
0.91342
0.925084
0.936922
0.948858
0.960883
0.972879
0.98486
0.996733
1.00848
1.01992
1.03104
1.04169
1.05198
1.06191
1.07165
1.0812
1.09077
1.10033
1.10997
1.11957
1.12915
1.13871
1.14816
1.15756
1.16674
1.17579
1.18442
1.1929
1.20082
1.20836
1.21522
1.22137
1.22666
1.23087
1.23402
1.23544
1.23586
1.2356
1.23493
1.23338
1.2303
1.22515
1.21914
1.21167
1.20495
1.19794
1.19289
1.18785
1.18958
0.98545
1.03426
1.06371
1.07652
1.0797
1.07777
1.07175
1.06216
1.04795
1.03033
1.01056
0.991679
0.975378
0.962647
0.953388
0.947265
0.944043
0.942246
0.940416
0.937966
0.935887
0.934752
0.934261
0.934051
0.933793
0.933291
0.932645
0.931821
0.930892
0.929993
0.929427
0.929116
0.92927
0.929785
0.930636
0.931735
0.933062
0.934492
0.936011
0.938003
0.940688
0.94395
0.947798
0.952355
0.957558
0.962922
0.968491
0.974768
0.982226
0.990732
0.999582
1.00875
1.01811
1.02788
1.03792
1.04847
1.05921
1.07025
1.0813
1.09246
1.1035
1.11446
1.12521
1.13581
1.14618
1.15632
1.16616
1.17572
1.18506
1.19419
1.20324
1.21209
1.2209
1.22949
1.23805
1.24639
1.25475
1.26273
1.27055
1.27783
1.28472
1.29094
1.29651
1.30122
1.30496
1.3076
1.30863
1.30866
1.30835
1.30761
1.30584
1.30284
1.29796
1.29245
1.28554
1.27918
1.27245
1.26743
1.26226
1.26344
0.962657
1.01422
1.05376
1.08095
1.09934
1.11141
1.11904
1.12262
1.12254
1.11884
1.11273
1.10526
1.09816
1.09207
1.08782
1.08499
1.08358
1.08304
1.08329
1.08335
1.08242
1.08111
1.07974
1.07816
1.07627
1.07394
1.07113
1.06796
1.06459
1.06104
1.05752
1.05411
1.05096
1.04806
1.04563
1.04336
1.04167
1.04018
1.03951
1.03908
1.03935
1.04028
1.0419
1.04418
1.04694
1.04999
1.05314
1.05683
1.06142
1.06713
1.07338
1.0802
1.08742
1.09521
1.10346
1.11231
1.12158
1.13132
1.14131
1.15147
1.16165
1.17179
1.18191
1.19185
1.2018
1.21157
1.22148
1.23123
1.24112
1.25078
1.26044
1.26978
1.27902
1.28798
1.29676
1.30526
1.3134
1.32136
1.32879
1.33604
1.34258
1.34877
1.3541
1.35878
1.36239
1.365
1.36601
1.36606
1.36591
1.36522
1.36334
1.36036
1.35558
1.3504
1.3439
1.3379
1.33143
1.32651
1.32116
1.32197
0.93845
0.987866
1.02964
1.06318
1.08978
1.11107
1.12737
1.14015
1.1494
1.15558
1.15904
1.16049
1.16092
1.16111
1.16173
1.16299
1.16472
1.16653
1.16797
1.16916
1.17023
1.17074
1.16974
1.16799
1.16563
1.16274
1.15924
1.15523
1.15085
1.14626
1.14136
1.13641
1.13168
1.12725
1.12314
1.11945
1.11614
1.11333
1.11074
1.10871
1.10702
1.10597
1.10548
1.10554
1.10616
1.10713
1.10831
1.1101
1.11271
1.11628
1.12073
1.12608
1.13197
1.13861
1.14585
1.15376
1.16212
1.17091
1.17997
1.18931
1.19883
1.20852
1.21833
1.22821
1.23819
1.24815
1.25813
1.26792
1.27764
1.28709
1.29643
1.30553
1.31457
1.32326
1.33185
1.34004
1.3481
1.35574
1.3631
1.37001
1.37646
1.38234
1.38756
1.39196
1.39547
1.39782
1.39881
1.39895
1.39891
1.39832
1.39664
1.39388
1.38973
1.38522
1.37963
1.3744
1.36866
1.36413
1.359
1.35964
0.915904
0.960867
1.00132
1.03665
1.06643
1.09169
1.11355
1.13201
1.14787
1.16048
1.17064
1.17862
1.18507
1.19044
1.19531
1.19999
1.20441
1.20854
1.21199
1.21492
1.21696
1.21847
1.21938
1.2197
1.21836
1.21594
1.21284
1.20897
1.20457
1.1998
1.19478
1.18944
1.18411
1.17885
1.17394
1.16923
1.16518
1.16121
1.15808
1.15501
1.15304
1.15101
1.14993
1.14917
1.14944
1.1499
1.1503
1.15072
1.15193
1.15442
1.15768
1.16148
1.16581
1.17085
1.17663
1.18311
1.19025
1.19787
1.20599
1.21442
1.22331
1.23242
1.24192
1.25151
1.26137
1.27119
1.28118
1.29104
1.30096
1.31068
1.32036
1.32977
1.33902
1.34796
1.35664
1.36507
1.3731
1.38088
1.38814
1.39506
1.40135
1.40715
1.41213
1.41642
1.41964
1.42184
1.42261
1.42276
1.42266
1.42193
1.41992
1.41709
1.41298
1.40874
1.40353
1.39873
1.39338
1.38914
1.384
1.3845
0.895662
0.9353
0.972904
1.00739
1.03843
1.06601
1.09052
1.1122
1.13107
1.14794
1.16258
1.17522
1.18611
1.19546
1.2038
1.21138
1.21826
1.22458
1.23008
1.2348
1.23879
1.2419
1.24396
1.24517
1.24594
1.24561
1.24383
1.24091
1.23719
1.23287
1.22825
1.22342
1.21819
1.2131
1.20798
1.20336
1.19874
1.19497
1.19119
1.18828
1.18541
1.18347
1.18192
1.1808
1.18047
1.18052
1.18054
1.18068
1.18101
1.18197
1.18402
1.18704
1.19063
1.19462
1.19918
1.20458
1.21074
1.21741
1.22468
1.23239
1.24069
1.24937
1.25857
1.26799
1.27779
1.28766
1.2977
1.30767
1.31764
1.32744
1.33706
1.34646
1.35556
1.36446
1.37296
1.38129
1.38915
1.39675
1.40386
1.41055
1.41668
1.42219
1.42698
1.43095
1.43397
1.43585
1.43653
1.43674
1.43667
1.43591
1.43397
1.4313
1.42765
1.42404
1.4196
1.41562
1.41097
1.40733
1.40253
1.40309
0.878538
0.912958
0.946753
0.979048
1.00929
1.03728
1.06299
1.08654
1.10802
1.12744
1.14495
1.16043
1.17433
1.18667
1.19776
1.20776
1.21683
1.22498
1.23239
1.2387
1.24445
1.24904
1.25303
1.25572
1.25766
1.25848
1.25901
1.25821
1.25604
1.25296
1.24907
1.24511
1.24057
1.23623
1.23131
1.22717
1.22262
1.21906
1.21527
1.21246
1.20963
1.20773
1.20579
1.20491
1.20426
1.20438
1.20438
1.20427
1.20451
1.20538
1.20679
1.20864
1.21124
1.21468
1.21866
1.22297
1.22779
1.23333
1.23964
1.24655
1.25426
1.26258
1.27155
1.28096
1.29072
1.30071
1.31074
1.3208
1.33069
1.34046
1.3499
1.3592
1.36809
1.37683
1.38513
1.39322
1.40085
1.40817
1.41498
1.42136
1.42714
1.43229
1.4367
1.44029
1.44295
1.44448
1.44499
1.44522
1.44513
1.44431
1.44233
1.43993
1.43665
1.43365
1.42995
1.42672
1.42286
1.41984
1.41544
1.41617
0.865288
0.895328
0.92544
0.955009
0.983506
1.01059
1.03619
1.06015
1.08254
1.10329
1.12245
1.13998
1.156
1.17052
1.18375
1.19565
1.20661
1.21642
1.22552
1.23343
1.24076
1.24688
1.25249
1.25683
1.26052
1.26294
1.26465
1.26535
1.26571
1.26472
1.2624
1.25958
1.25595
1.25249
1.24821
1.24445
1.24026
1.23681
1.2333
1.23052
1.2278
1.22596
1.22418
1.22324
1.22256
1.22288
1.22319
1.2233
1.22347
1.22427
1.22585
1.22766
1.22953
1.23181
1.23492
1.23885
1.24322
1.24791
1.25309
1.25922
1.26658
1.27482
1.28375
1.29322
1.30298
1.31292
1.32284
1.3327
1.34232
1.35176
1.36089
1.3698
1.37838
1.38671
1.3947
1.40238
1.40967
1.4166
1.42302
1.42899
1.43429
1.43897
1.44291
1.44601
1.44822
1.44934
1.44974
1.44994
1.4498
1.4489
1.44702
1.44492
1.44221
1.4398
1.43691
1.43442
1.43138
1.42898
1.42517
1.42621
0.85489
0.881458
0.908443
0.93541
0.961938
0.987678
1.01245
1.03608
1.05851
1.07968
1.09952
1.11806
1.13524
1.15116
1.16578
1.17929
1.19166
1.20305
1.21356
1.22306
1.2318
1.23958
1.24664
1.25271
1.25806
1.26231
1.26573
1.26809
1.26959
1.27023
1.27041
1.2694
1.26727
1.26489
1.2617
1.25853
1.25483
1.25173
1.24845
1.24593
1.24334
1.24153
1.23981
1.23888
1.23825
1.23852
1.23894
1.23931
1.23972
1.2405
1.24188
1.24353
1.24517
1.247
1.24951
1.25296
1.25712
1.26161
1.26653
1.27234
1.27965
1.288
1.29695
1.30632
1.31589
1.32549
1.33502
1.34434
1.35346
1.36233
1.37098
1.37934
1.38751
1.39532
1.40294
1.41013
1.41703
1.42349
1.42945
1.43491
1.4397
1.44385
1.44721
1.44977
1.45145
1.45219
1.45254
1.45265
1.45235
1.45135
1.44965
1.44793
1.44585
1.44405
1.44195
1.44019
1.43802
1.43625
1.43319
1.43478
0.847403
0.871161
0.89548
0.920044
0.944549
0.968703
0.992289
1.01511
1.0371
1.05809
1.07808
1.09694
1.11471
1.13136
1.14691
1.1614
1.17492
1.18746
1.19917
1.20999
1.2201
1.2292
1.23774
1.24528
1.25223
1.25809
1.26339
1.2674
1.27088
1.27308
1.27463
1.27526
1.2755
1.27463
1.27297
1.27094
1.26809
1.26552
1.26275
1.26045
1.25813
1.25643
1.2549
1.25402
1.25349
1.25373
1.25426
1.25475
1.25516
1.25579
1.25683
1.25807
1.25932
1.26088
1.26325
1.26659
1.27066
1.27504
1.27994
1.28593
1.29341
1.30165
1.31032
1.3193
1.32836
1.3374
1.34634
1.35507
1.36367
1.37199
1.38018
1.38808
1.39581
1.40322
1.4104
1.41719
1.42363
1.42962
1.43508
1.44
1.44423
1.4478
1.45058
1.45257
1.4537
1.4542
1.45445
1.45448
1.45398
1.45295
1.45159
1.45035
1.44896
1.44784
1.44661
1.44563
1.44441
1.44333
1.44117
1.44342
0.841303
0.863102
0.885401
0.908004
0.930703
0.953284
0.97555
0.997344
1.01853
1.03905
1.05875
1.07764
1.09559
1.11265
1.12877
1.14398
1.15832
1.17182
1.18452
1.19651
1.20768
1.21814
1.22787
1.23684
1.2451
1.25262
1.25935
1.26516
1.27027
1.27432
1.27766
1.27983
1.28143
1.28207
1.28248
1.28187
1.28053
1.27889
1.27681
1.27488
1.2729
1.27138
1.27002
1.26913
1.26867
1.26868
1.26916
1.26961
1.26991
1.27032
1.27108
1.27206
1.27315
1.27471
1.27716
1.28056
1.28455
1.28886
1.29387
1.30014
1.30755
1.31548
1.32377
1.33223
1.34075
1.34922
1.35756
1.36575
1.37379
1.38165
1.38935
1.39682
1.4041
1.4111
1.41784
1.42417
1.43017
1.43561
1.44057
1.44488
1.44853
1.45148
1.45364
1.45508
1.45575
1.4561
1.45621
1.45608
1.45537
1.45451
1.45357
1.45282
1.45214
1.45165
1.45129
1.45108
1.4508
1.45043
1.44916
1.45202
0.835158
0.855842
0.876822
0.898004
0.919269
0.940468
0.961468
0.982151
1.00241
1.02217
1.04137
1.05992
1.0778
1.09493
1.11135
1.12699
1.14191
1.15611
1.16964
1.1825
1.19473
1.20626
1.21715
1.22741
1.23698
1.24589
1.25419
1.26163
1.26835
1.27426
1.27931
1.28334
1.28675
1.28908
1.29064
1.29137
1.29196
1.29158
1.29047
1.28908
1.28749
1.28613
1.28494
1.28402
1.28356
1.28342
1.28377
1.28407
1.28417
1.28434
1.28478
1.28546
1.2864
1.28799
1.29057
1.29401
1.29787
1.3022
1.30742
1.31392
1.3211
1.32869
1.33657
1.3446
1.35264
1.36065
1.36853
1.37633
1.38395
1.39145
1.39872
1.40583
1.41265
1.41925
1.42547
1.43136
1.43678
1.44168
1.44604
1.44971
1.45273
1.45502
1.45661
1.45741
1.45786
1.45805
1.45804
1.45752
1.4569
1.45632
1.45583
1.45563
1.45559
1.45572
1.45606
1.45661
1.45708
1.45743
1.45692
1.46033
0.829124
0.84901
0.869069
0.889248
0.909466
0.929643
0.949671
0.969469
0.988963
1.00809
1.0268
1.04504
1.06275
1.07991
1.09648
1.11246
1.12781
1.14259
1.15675
1.17038
1.18343
1.19593
1.20778
1.21912
1.22981
1.23995
1.24942
1.25829
1.26634
1.2737
1.28021
1.28591
1.29065
1.29465
1.2977
1.29982
1.30137
1.30207
1.30254
1.30228
1.30149
1.30042
1.29944
1.29843
1.29786
1.29742
1.2976
1.29772
1.29763
1.29761
1.29783
1.29836
1.29934
1.30113
1.30388
1.30726
1.31102
1.31543
1.32088
1.32722
1.3341
1.34131
1.3488
1.35638
1.36402
1.37162
1.37915
1.38661
1.39389
1.40104
1.40796
1.41464
1.42105
1.42712
1.43284
1.43812
1.44294
1.44715
1.4508
1.45375
1.45605
1.45766
1.45859
1.4591
1.45937
1.45941
1.45901
1.45853
1.45804
1.45786
1.45792
1.4582
1.45867
1.45935
1.46033
1.46164
1.46274
1.46356
1.46374
1.46748
0.822731
0.841754
0.860911
0.880165
0.899474
0.918778
0.938034
0.95714
0.976052
0.994701
1.01304
1.03102
1.04863
1.06578
1.0825
1.09872
1.11446
1.12967
1.14441
1.15861
1.17239
1.18558
1.19828
1.2104
1.22203
1.23306
1.24354
1.25341
1.26267
1.27117
1.27901
1.28602
1.29218
1.29748
1.30192
1.30539
1.30814
1.31025
1.31158
1.31224
1.31268
1.31254
1.31204
1.31131
1.31078
1.31027
1.31032
1.31036
1.31023
1.31016
1.31035
1.3109
1.31205
1.314
1.31677
1.31999
1.32368
1.3281
1.33347
1.33944
1.34586
1.35265
1.35964
1.36678
1.37398
1.38116
1.38835
1.3954
1.40239
1.40916
1.41577
1.42209
1.42811
1.43376
1.43897
1.44373
1.44792
1.45152
1.45446
1.45673
1.45831
1.45929
1.45982
1.46013
1.46018
1.45985
1.45926
1.45901
1.45892
1.45922
1.45966
1.46026
1.46121
1.46268
1.46453
1.4665
1.46818
1.46948
1.46995
1.47363
0.815402
0.833796
0.852167
0.870564
0.889016
0.907517
0.926011
0.944469
0.962798
0.980981
0.998939
1.01665
1.03408
1.05118
1.06792
1.0843
1.10026
1.11583
1.13095
1.14566
1.15991
1.17373
1.18706
1.19987
1.2122
1.22401
1.23531
1.24607
1.25629
1.26591
1.2749
1.28321
1.29081
1.29757
1.30354
1.30864
1.31266
1.31606
1.31895
1.32088
1.32219
1.32308
1.32345
1.32345
1.32321
1.3228
1.32272
1.32268
1.32252
1.3224
1.32258
1.32315
1.32425
1.32608
1.32867
1.33168
1.33519
1.33941
1.34439
1.34992
1.35589
1.36218
1.36871
1.37533
1.38206
1.3888
1.39555
1.40224
1.40884
1.41527
1.42149
1.42744
1.43301
1.43821
1.44285
1.44704
1.45055
1.45343
1.45565
1.45719
1.45813
1.45865
1.45897
1.45901
1.45857
1.45805
1.45773
1.4579
1.4583
1.45887
1.45965
1.46082
1.46266
1.46495
1.46742
1.46979
1.47195
1.47374
1.47449
1.47798
0.805797
0.824213
0.842396
0.860427
0.878423
0.896424
0.914421
0.932394
0.950288
0.968081
0.985715
1.00319
1.02043
1.03746
1.05419
1.07066
1.08678
1.1026
1.11804
1.13313
1.14784
1.16218
1.17607
1.18953
1.20252
1.21507
1.22717
1.23881
1.24995
1.26062
1.2707
1.28017
1.28895
1.297
1.30416
1.31053
1.3161
1.32075
1.32476
1.32817
1.3306
1.33234
1.33352
1.33403
1.33423
1.33427
1.33418
1.33406
1.33383
1.33364
1.33378
1.33429
1.33514
1.33657
1.33882
1.34159
1.34481
1.34868
1.35324
1.35839
1.36391
1.3698
1.37587
1.38215
1.3885
1.3949
1.40132
1.4076
1.41381
1.41975
1.42551
1.43089
1.43595
1.44054
1.44463
1.44819
1.4511
1.45332
1.45491
1.45575
1.45623
1.4564
1.45627
1.45552
1.45476
1.45426
1.45436
1.45478
1.45537
1.45614
1.45742
1.45931
1.46199
1.46475
1.46772
1.47054
1.47324
1.47562
1.47669
1.48005
0.795174
0.813415
0.831405
0.849263
0.867078
0.884882
0.902672
0.920439
0.938136
0.955758
0.973247
0.990606
1.00779
1.02479
1.04157
1.05811
1.07439
1.09037
1.10606
1.12145
1.13649
1.15124
1.16557
1.17953
1.19305
1.20622
1.21892
1.23123
1.24311
1.25447
1.26537
1.27566
1.28533
1.29433
1.3026
1.31012
1.31689
1.32284
1.32786
1.33219
1.33575
1.33823
1.34017
1.34161
1.34241
1.3429
1.34318
1.34326
1.3432
1.34306
1.34305
1.34332
1.34387
1.34487
1.3467
1.34917
1.35208
1.35553
1.35969
1.36444
1.36965
1.37521
1.38098
1.38691
1.39286
1.39885
1.40472
1.41053
1.41617
1.42163
1.42682
1.43168
1.43616
1.44017
1.4437
1.44662
1.44891
1.45052
1.45155
1.45208
1.45231
1.45205
1.45121
1.45014
1.44961
1.44927
1.44963
1.45011
1.45072
1.45171
1.45348
1.45604
1.45912
1.46228
1.46562
1.46896
1.47204
1.47502
1.47645
1.47995
0.784113
0.801658
0.819146
0.836686
0.854271
0.871903
0.889545
0.907173
0.924764
0.94227
0.959705
0.976993
0.994173
1.01116
1.02799
1.0446
1.061
1.07715
1.09305
1.10866
1.12399
1.139
1.15372
1.16807
1.18205
1.19566
1.20887
1.2217
1.23407
1.24604
1.25749
1.26841
1.27877
1.2885
1.29766
1.30611
1.31382
1.32084
1.32694
1.33226
1.33705
1.34093
1.34395
1.34647
1.34826
1.34928
1.34997
1.35035
1.35036
1.35014
1.34994
1.34995
1.35021
1.35093
1.35245
1.35463
1.35721
1.36039
1.36421
1.36871
1.37349
1.37866
1.38393
1.3894
1.39485
1.40035
1.40572
1.41103
1.41612
1.42101
1.42556
1.42984
1.43357
1.43692
1.43971
1.44188
1.4435
1.44457
1.44532
1.44573
1.44532
1.44447
1.44339
1.44281
1.44237
1.44272
1.44322
1.44381
1.44469
1.44627
1.44864
1.45175
1.45509
1.45866
1.46237
1.46612
1.46966
1.47321
1.47499
1.47864
0.771218
0.78853
0.805799
0.823104
0.840466
0.857884
0.875342
0.892814
0.910268
0.927685
0.945013
0.962267
0.979375
0.996372
1.01319
1.02985
1.04632
1.06258
1.07862
1.09441
1.10996
1.12523
1.14026
1.15494
1.16928
1.18329
1.19692
1.21019
1.22307
1.23554
1.24758
1.25917
1.27031
1.28094
1.29096
1.30044
1.30913
1.31718
1.32447
1.33087
1.3367
1.34182
1.34594
1.3495
1.35219
1.35378
1.35487
1.35548
1.35553
1.35528
1.35496
1.35474
1.35479
1.3554
1.35677
1.35863
1.36095
1.36387
1.36758
1.37163
1.3761
1.38068
1.38556
1.39039
1.3954
1.40027
1.40517
1.40983
1.41439
1.41856
1.42254
1.42592
1.42902
1.43141
1.43343
1.43462
1.43558
1.4361
1.4364
1.43577
1.43475
1.43376
1.43309
1.43282
1.43313
1.43377
1.43448
1.43534
1.43678
1.43908
1.44207
1.44557
1.44926
1.45327
1.45727
1.46147
1.46525
1.46926
1.47132
1.47503
0.752998
0.770918
0.788758
0.806524
0.824252
0.841929
0.859568
0.877164
0.894705
0.912176
0.929552
0.946821
0.963966
0.980967
0.997828
1.01452
1.03105
1.04738
1.06354
1.07949
1.09522
1.11074
1.12604
1.14107
1.1558
1.17019
1.1843
1.19805
1.21148
1.22456
1.23726
1.24957
1.26144
1.27279
1.28361
1.29383
1.3034
1.31231
1.3206
1.32803
1.33489
1.34095
1.34615
1.35057
1.35396
1.35619
1.35781
1.35877
1.35895
1.3587
1.35841
1.35829
1.35851
1.35929
1.36056
1.36219
1.36436
1.36729
1.37048
1.3742
1.37796
1.38216
1.38631
1.39076
1.39511
1.39956
1.40386
1.40805
1.41202
1.41566
1.41895
1.42178
1.42412
1.42587
1.42706
1.42771
1.42801
1.42779
1.42665
1.42507
1.42351
1.42221
1.42153
1.42125
1.42172
1.42232
1.42314
1.42434
1.42653
1.4294
1.43304
1.43696
1.44121
1.44565
1.45006
1.45463
1.4587
1.46301
1.46533
1.46914
0.727815
0.746846
0.765791
0.784578
0.803177
0.821614
0.839895
0.858025
0.876026
0.893882
0.911612
0.92918
0.946614
0.963868
0.980975
0.997892
1.01464
1.03121
1.04757
1.06375
1.0797
1.0955
1.11102
1.1264
1.14144
1.15624
1.17071
1.18489
1.19877
1.2123
1.22554
1.23832
1.25076
1.26265
1.27413
1.285
1.29541
1.30516
1.31439
1.32283
1.33059
1.33746
1.34341
1.34847
1.35222
1.35504
1.35713
1.35827
1.35893
1.35942
1.35982
1.36034
1.36109
1.36203
1.36325
1.36494
1.36707
1.36948
1.37228
1.37534
1.37873
1.38229
1.38607
1.38995
1.39389
1.39782
1.40163
1.40527
1.40863
1.41156
1.41415
1.41607
1.41754
1.41846
1.419
1.41914
1.41852
1.41698
1.41523
1.41338
1.41165
1.4106
1.40974
1.41005
1.41063
1.41135
1.41252
1.41427
1.41728
1.42062
1.4249
1.42904
1.43375
1.43823
1.44303
1.44757
1.45207
1.45638
1.45914
1.46284
0.702272
0.721459
0.740766
0.760012
0.779125
0.798069
0.816859
0.83547
0.853918
0.872186
0.890287
0.90821
0.925961
0.943542
0.960941
0.978174
0.995213
1.01208
1.02875
1.04522
1.06149
1.07756
1.09341
1.10906
1.12444
1.13957
1.1544
1.169
1.18329
1.1973
1.21096
1.22425
1.23715
1.24961
1.26164
1.2732
1.28427
1.29483
1.3047
1.31393
1.32227
1.32975
1.33628
1.34199
1.34667
1.35045
1.35359
1.35616
1.35821
1.35981
1.36116
1.36235
1.36353
1.36474
1.3661
1.36761
1.3694
1.37136
1.37368
1.37614
1.37894
1.38186
1.38504
1.38828
1.39162
1.39489
1.39809
1.40099
1.40366
1.40579
1.40752
1.40863
1.40927
1.40958
1.40944
1.4083
1.4064
1.40439
1.40235
1.40044
1.39904
1.39802
1.39797
1.39856
1.39938
1.40044
1.40219
1.40457
1.40817
1.41199
1.41646
1.42087
1.42572
1.43032
1.43526
1.43991
1.44461
1.44901
1.45204
1.45565
0.688764
0.706069
0.723965
0.74213
0.76042
0.778763
0.797112
0.815421
0.833663
0.851818
0.869867
0.887802
0.905604
0.92327
0.940782
0.958137
0.975329
0.992348
1.0092
1.02587
1.04237
1.05869
1.07483
1.09078
1.10656
1.12209
1.1374
1.15244
1.16722
1.18168
1.19583
1.20963
1.22309
1.23615
1.24886
1.26109
1.27286
1.28403
1.29457
1.30438
1.3134
1.32161
1.32897
1.33556
1.34141
1.34658
1.3511
1.35497
1.35827
1.36102
1.36338
1.3653
1.36697
1.36839
1.36973
1.37102
1.37239
1.37386
1.37555
1.37739
1.37951
1.38183
1.38435
1.387
1.3897
1.39236
1.39484
1.3971
1.39889
1.40032
1.40116
1.40167
1.40178
1.40118
1.3996
1.3976
1.39541
1.39294
1.39106
1.38903
1.38803
1.38727
1.38773
1.38844
1.38932
1.39056
1.39255
1.3954
1.39886
1.40285
1.40698
1.41154
1.416
1.42081
1.42544
1.43032
1.43485
1.43941
1.44245
1.44608
0.675595
0.691908
0.708904
0.726247
0.743809
0.761525
0.779345
0.797224
0.815125
0.832998
0.850838
0.868594
0.88629
0.903884
0.921401
0.938802
0.956096
0.973259
0.990288
1.00718
1.02391
1.0405
1.05693
1.0732
1.08932
1.10522
1.12091
1.13632
1.15151
1.16639
1.18103
1.19533
1.20936
1.22299
1.23627
1.24902
1.2613
1.27297
1.28404
1.29445
1.3042
1.31325
1.32162
1.32934
1.33644
1.34279
1.34852
1.35355
1.35793
1.36161
1.36471
1.3672
1.36926
1.37088
1.37225
1.37341
1.37452
1.37562
1.37686
1.3782
1.3798
1.38157
1.38356
1.38562
1.38774
1.38974
1.39157
1.39305
1.39413
1.39483
1.39514
1.39496
1.39393
1.39213
1.39016
1.38752
1.38524
1.38256
1.38065
1.37885
1.37796
1.37778
1.37839
1.37915
1.38017
1.38168
1.38408
1.38701
1.39059
1.3945
1.39852
1.4031
1.40741
1.41244
1.41695
1.42213
1.4266
1.43155
1.43462
1.43861
0.65836
0.674769
0.691613
0.708679
0.725927
0.743342
0.760893
0.77853
0.796218
0.813911
0.831592
0.849232
0.866829
0.884358
0.90183
0.919231
0.936555
0.953806
0.970945
0.988004
1.00492
1.02176
1.03844
1.05502
1.07144
1.08772
1.10373
1.11957
1.13512
1.15045
1.16547
1.1802
1.19458
1.20856
1.22216
1.23525
1.24791
1.26002
1.27162
1.28264
1.2931
1.303
1.31232
1.3211
1.32932
1.33694
1.34395
1.35025
1.35582
1.36064
1.36468
1.36803
1.37066
1.37275
1.37436
1.37561
1.3767
1.37757
1.37851
1.37944
1.38059
1.3819
1.38331
1.38475
1.38613
1.38731
1.38822
1.38878
1.38908
1.38897
1.38814
1.38673
1.38487
1.3824
1.37999
1.37715
1.37475
1.37233
1.37045
1.36925
1.36854
1.36894
1.3696
1.37037
1.37147
1.3732
1.37583
1.37879
1.3825
1.38642
1.39059
1.39528
1.39974
1.40495
1.4096
1.41504
1.41966
1.42489
1.42809
1.43237
0.64412
0.660053
0.676417
0.692969
0.70969
0.726591
0.743677
0.76093
0.77831
0.795798
0.813337
0.83092
0.848487
0.866051
0.883549
0.901018
0.918393
0.935735
0.952971
0.970186
0.987266
1.00433
1.02122
1.03809
1.05476
1.07138
1.08772
1.10396
1.11987
1.13563
1.15101
1.16619
1.18096
1.19543
1.20947
1.22308
1.23626
1.24893
1.26113
1.27278
1.28395
1.29464
1.30489
1.31467
1.32397
1.33286
1.34104
1.34854
1.35528
1.36114
1.3662
1.3704
1.37381
1.37654
1.37863
1.38024
1.38149
1.3824
1.38313
1.38383
1.38461
1.38544
1.38615
1.38675
1.38728
1.38764
1.38759
1.38714
1.38599
1.38454
1.38253
1.37994
1.37706
1.37381
1.37058
1.36741
1.36453
1.36218
1.3603
1.35932
1.35908
1.35962
1.36036
1.36127
1.36279
1.36486
1.36796
1.37109
1.37505
1.37899
1.38329
1.38791
1.39246
1.39757
1.40237
1.40788
1.41273
1.41828
1.42169
1.42634
0.631887
0.647376
0.663238
0.679229
0.695359
0.711635
0.728108
0.744773
0.761622
0.778638
0.795784
0.813048
0.830375
0.847777
0.865179
0.882614
0.899996
0.917379
0.934669
0.951957
0.969116
0.986296
1.00331
1.02037
1.03723
1.05413
1.07075
1.08734
1.10358
1.11974
1.13548
1.15107
1.16618
1.18104
1.19545
1.20949
1.22312
1.23632
1.2492
1.26173
1.27397
1.2859
1.29748
1.30862
1.31935
1.32941
1.33895
1.34762
1.35551
1.36248
1.36862
1.37378
1.37814
1.38158
1.38433
1.38639
1.38785
1.38881
1.3894
1.38988
1.39027
1.39049
1.39042
1.39018
1.3897
1.38891
1.38786
1.38624
1.38418
1.38169
1.37867
1.37528
1.37152
1.3676
1.36377
1.36012
1.35697
1.35439
1.35257
1.35157
1.35155
1.35203
1.35275
1.35372
1.35556
1.35786
1.36116
1.3644
1.36835
1.37228
1.37663
1.38118
1.38591
1.39095
1.39612
1.40159
1.40693
1.41245
1.41621
1.4208
0.624649
0.639288
0.654301
0.669464
0.684801
0.700298
0.716036
0.731987
0.748189
0.764601
0.781223
0.798024
0.814973
0.832076
0.849259
0.86656
0.883873
0.901246
0.918562
0.935903
0.953123
0.970379
0.987471
1.00463
1.02161
1.03867
1.05552
1.07237
1.08893
1.10542
1.12149
1.13746
1.15291
1.16822
1.18303
1.19764
1.21189
1.22591
1.23968
1.25322
1.26651
1.27955
1.29225
1.30455
1.31638
1.32755
1.33809
1.34782
1.35681
1.3648
1.37193
1.37805
1.38324
1.38749
1.39085
1.39335
1.39505
1.39595
1.3964
1.39669
1.39673
1.39633
1.39547
1.39433
1.39287
1.39104
1.38888
1.38618
1.38307
1.37944
1.37543
1.37114
1.3666
1.36214
1.35787
1.35397
1.35072
1.34815
1.34639
1.34564
1.34571
1.3461
1.34676
1.34783
1.34971
1.35214
1.35518
1.35835
1.36212
1.36595
1.37031
1.37483
1.37967
1.3848
1.39016
1.39571
1.40129
1.40667
1.4107
1.41497
0.616053
0.630398
0.644979
0.659679
0.674507
0.689504
0.704712
0.720146
0.735829
0.751753
0.767922
0.78432
0.800919
0.817721
0.834661
0.851764
0.868937
0.886206
0.903468
0.920773
0.937998
0.955276
0.972421
0.989662
1.00673
1.02391
1.04085
1.05783
1.07453
1.09117
1.1075
1.12372
1.13961
1.15541
1.1709
1.18632
1.20149
1.21658
1.23143
1.24617
1.26059
1.27478
1.2885
1.30186
1.3146
1.32681
1.33835
1.34911
1.35909
1.36806
1.37619
1.38316
1.38923
1.39416
1.3981
1.40104
1.40295
1.40384
1.40417
1.40427
1.40391
1.40284
1.40107
1.39893
1.39627
1.39327
1.38972
1.38578
1.38135
1.3765
1.37144
1.36619
1.36099
1.35604
1.35144
1.34746
1.34418
1.34172
1.34011
1.33962
1.33973
1.34004
1.34069
1.34186
1.34386
1.34639
1.3494
1.35266
1.35647
1.36041
1.36493
1.3696
1.37467
1.38004
1.38557
1.39131
1.39696
1.40237
1.40649
1.41054
0.610339
0.623814
0.63761
0.651613
0.665813
0.680236
0.694915
0.709873
0.725116
0.740663
0.756483
0.772595
0.788938
0.80554
0.822316
0.839283
0.856363
0.873557
0.89081
0.908127
0.925437
0.942795
0.960055
0.977381
0.994522
1.01177
1.02877
1.0459
1.06274
1.07967
1.09631
1.11302
1.12949
1.14597
1.16224
1.17849
1.19453
1.21051
1.22622
1.24183
1.25702
1.27211
1.2866
1.30088
1.31439
1.3275
1.33972
1.3513
1.36197
1.3717
1.38058
1.38827
1.3951
1.40071
1.4053
1.40879
1.41108
1.41213
1.41249
1.41248
1.41181
1.41026
1.40768
1.40453
1.40071
1.39635
1.39141
1.38602
1.38018
1.37414
1.36791
1.36172
1.35583
1.35028
1.34539
1.34122
1.33787
1.33544
1.33399
1.33352
1.33358
1.33381
1.33441
1.33571
1.3377
1.34031
1.34325
1.34669
1.35052
1.35473
1.35943
1.36434
1.36967
1.37519
1.38093
1.38678
1.39258
1.39811
1.40237
1.4065
0.600359
0.613642
0.62731
0.641233
0.655401
0.669794
0.684462
0.69941
0.714654
0.73021
0.746039
0.76218
0.778543
0.795178
0.811992
0.829009
0.846173
0.863452
0.880831
0.898256
0.915711
0.93319
0.950624
0.968118
0.985504
1.00302
1.02037
1.03794
1.05522
1.07274
1.08993
1.10729
1.12436
1.14148
1.15838
1.17522
1.19186
1.20838
1.22464
1.24075
1.25649
1.27204
1.28703
1.30175
1.31572
1.32932
1.342
1.35416
1.36533
1.37572
1.38522
1.39358
1.40113
1.40735
1.41262
1.41657
1.41923
1.42044
1.42067
1.42048
1.41958
1.41747
1.41417
1.40989
1.40501
1.39926
1.39309
1.38632
1.37924
1.37205
1.36476
1.35783
1.35126
1.34534
1.34021
1.33593
1.33255
1.33024
1.3288
1.32841
1.3283
1.32848
1.32912
1.33045
1.33252
1.3352
1.33823
1.34187
1.34588
1.35033
1.35522
1.3603
1.36589
1.3715
1.37752
1.38343
1.38945
1.39511
1.39953
1.40379
0.590156
0.603557
0.617567
0.631991
0.646763
0.661765
0.677062
0.692602
0.708462
0.724605
0.741028
0.757727
0.774625
0.791749
0.809016
0.826443
0.843993
0.861622
0.879351
0.897089
0.914866
0.932599
0.950311
0.967962
0.985573
1.00317
1.02067
1.03826
1.05561
1.07317
1.09036
1.10779
1.12483
1.14203
1.15892
1.17582
1.19252
1.2091
1.22553
1.24171
1.25767
1.27329
1.28855
1.30339
1.31763
1.33147
1.34442
1.35696
1.3685
1.37935
1.38937
1.39822
1.40632
1.41312
1.41881
1.42327
1.42632
1.42763
1.42803
1.42784
1.42689
1.42461
1.42072
1.41577
1.40978
1.40295
1.39544
1.38731
1.37897
1.3704
1.36222
1.35432
1.34728
1.34095
1.33562
1.33124
1.32777
1.32534
1.32385
1.32325
1.32306
1.32315
1.32391
1.32539
1.32785
1.33072
1.33417
1.33809
1.34237
1.3471
1.35227
1.35757
1.36347
1.36916
1.37552
1.38141
1.38782
1.39349
1.39819
1.4025
0.589589
0.603116
0.617763
0.633078
0.648821
0.664749
0.680869
0.697096
0.71353
0.730102
0.746835
0.763698
0.780651
0.797722
0.814847
0.832055
0.849329
0.866632
0.884021
0.901372
0.918788
0.936122
0.9535
0.970756
0.988071
1.00522
1.02242
1.03947
1.05653
1.07356
1.09052
1.1076
1.12448
1.14159
1.15843
1.17545
1.19222
1.20898
1.22555
1.24188
1.25805
1.27377
1.28926
1.30423
1.31871
1.33281
1.34604
1.35896
1.37091
1.38219
1.39273
1.40211
1.41069
1.41808
1.42418
1.42908
1.43254
1.43391
1.43439
1.43424
1.43322
1.43079
1.42649
1.42093
1.414
1.40613
1.39737
1.38808
1.37852
1.36897
1.35978
1.3512
1.34334
1.33659
1.33063
1.32589
1.32224
1.31943
1.31807
1.31761
1.31751
1.31772
1.31898
1.32088
1.32395
1.32717
1.33111
1.3353
1.33986
1.34483
1.35001
1.35544
1.36136
1.36713
1.37373
1.37976
1.38661
1.39223
1.39727
1.40131
0.601995
0.615189
0.629869
0.64529
0.660896
0.676383
0.691746
0.707009
0.722313
0.737657
0.75312
0.768718
0.784468
0.800401
0.816485
0.832736
0.849146
0.865674
0.882382
0.899159
0.916094
0.933065
0.950132
0.967158
0.984272
1.00125
1.0184
1.03539
1.05261
1.06971
1.08701
1.10427
1.12158
1.13895
1.15618
1.17351
1.19061
1.20768
1.22451
1.24114
1.25748
1.27347
1.28913
1.30434
1.31908
1.33345
1.34701
1.36029
1.37262
1.38427
1.39522
1.40503
1.41385
1.42176
1.42808
1.43327
1.43709
1.43855
1.43899
1.43881
1.43772
1.43513
1.43053
1.42443
1.41683
1.40811
1.3985
1.38831
1.37777
1.3674
1.35718
1.34773
1.33908
1.33141
1.3252
1.32011
1.31628
1.31411
1.31316
1.31294
1.31352
1.31414
1.31606
1.31846
1.32181
1.32523
1.3293
1.33349
1.338
1.34293
1.34797
1.3535
1.35931
1.36517
1.37191
1.37809
1.38521
1.39086
1.39625
1.40009
0.613459
0.623744
0.636374
0.650125
0.663875
0.677428
0.690974
0.704729
0.718819
0.733248
0.748026
0.763119
0.778502
0.794155
0.810039
0.826131
0.842421
0.858846
0.875464
0.892159
0.909021
0.925941
0.94298
0.960074
0.977307
0.994565
1.01205
1.02949
1.04719
1.06479
1.08263
1.1003
1.11814
1.13581
1.15352
1.17105
1.18851
1.20574
1.22276
1.23953
1.25593
1.27209
1.28779
1.30313
1.31801
1.33248
1.34625
1.35972
1.37225
1.38417
1.39537
1.40548
1.41442
1.4227
1.42914
1.43448
1.43843
1.44007
1.44037
1.44028
1.43917
1.43654
1.4318
1.42525
1.41717
1.40786
1.39766
1.38669
1.37551
1.36417
1.35324
1.34287
1.33358
1.32575
1.3192
1.31431
1.31134
1.30962
1.30901
1.30959
1.31074
1.31188
1.3142
1.31693
1.32032
1.32391
1.328
1.33229
1.33683
1.34178
1.34692
1.3525
1.35836
1.36443
1.37118
1.37789
1.38509
1.39109
1.39671
1.40032
0.588273
0.596073
0.608969
0.625085
0.640594
0.655293
0.669891
0.684754
0.699961
0.715447
0.731172
0.747106
0.763212
0.779489
0.795905
0.81245
0.829131
0.845892
0.86281
0.879766
0.896905
0.914082
0.931445
0.948877
0.966495
0.984173
1.00204
1.01991
1.03795
1.05593
1.07401
1.09199
1.11004
1.12793
1.14584
1.16355
1.18118
1.19856
1.21573
1.23265
1.2492
1.26551
1.28139
1.29693
1.31202
1.32672
1.34076
1.35451
1.36732
1.37955
1.39101
1.40134
1.41056
1.41904
1.42564
1.43118
1.43532
1.43697
1.43728
1.4371
1.43594
1.43321
1.42827
1.42137
1.41276
1.40286
1.39207
1.38045
1.36876
1.35707
1.34597
1.33594
1.32703
1.3198
1.31401
1.30981
1.30734
1.30611
1.30599
1.30692
1.3082
1.30989
1.31228
1.31545
1.31916
1.3233
1.32779
1.3326
1.33767
1.34301
1.34868
1.35454
1.36082
1.36716
1.37427
1.38141
1.38886
1.39527
1.40085
1.4042
0.597884
0.604066
0.615542
0.631312
0.647327
0.661873
0.676082
0.690629
0.705615
0.720928
0.736491
0.752267
0.768207
0.784324
0.800555
0.816925
0.833379
0.849918
0.866563
0.883261
0.900127
0.917069
0.934226
0.951514
0.969037
0.986679
1.00456
1.02247
1.04059
1.05865
1.07685
1.09494
1.11309
1.13113
1.1491
1.16696
1.18463
1.2021
1.21932
1.23624
1.25283
1.26912
1.28499
1.3006
1.31569
1.33044
1.34459
1.35837
1.37124
1.38365
1.39516
1.40556
1.41501
1.42356
1.43029
1.43599
1.44039
1.44217
1.44255
1.44272
1.44165
1.43901
1.43414
1.42707
1.4182
1.40786
1.39646
1.38396
1.37148
1.35882
1.34708
1.33637
1.32726
1.31981
1.31406
1.31029
1.30781
1.30636
1.30637
1.30703
1.30775
1.30906
1.31098
1.3136
1.31681
1.32054
1.32472
1.32925
1.33407
1.33916
1.34461
1.35039
1.3566
1.36308
1.37023
1.37731
1.38475
1.39106
1.39624
1.39936
)
;

boundaryField
{
    inlet
    {
        type            calculated;
        value           uniform 3.00001;
    }
    outlet
    {
        type            calculated;
        value           nonuniform List<scalar> 
40
(
0.800321
0.950335
1.0876
1.18958
1.26344
1.32197
1.35964
1.3845
1.40309
1.41617
1.42621
1.43478
1.44342
1.45202
1.46033
1.46748
1.47363
1.47798
1.48005
1.47995
1.47864
1.47503
1.46914
1.46284
1.45565
1.44608
1.43861
1.43237
1.42634
1.4208
1.41497
1.41054
1.4065
1.40379
1.4025
1.40131
1.40009
1.40032
1.4042
1.39936
)
;
    }
    bottom
    {
        type            symmetryPlane;
    }
    top
    {
        type            symmetryPlane;
    }
    obstacle
    {
        type            calculated;
        value           uniform 0;
    }
    defaultFaces
    {
        type            empty;
    }
}


// ************************************************************************* //
