/*--------------------------------*- C++ -*----------------------------------*\
  =========                 |
  \\      /  F ield         | OpenFOAM: The Open Source CFD Toolbox
   \\    /   O peration     | Website:  https://openfoam.org
    \\  /    A nd           | Version:  6
     \\/     M anipulation  |
\*---------------------------------------------------------------------------*/
FoamFile
{
    version     2.0;
    format      ascii;
    class       volScalarField;
    location    "9.5";
    object      p;
}
// * * * * * * * * * * * * * * * * * * * * * * * * * * * * * * * * * * * * * //

dimensions      [1 -1 -2 0 0 0 0];

internalField   nonuniform List<scalar> 
5250
(
1.00012
1.00065
1.00168
1.00442
1.0095
1.02473
1.05037
1.14118
1.28199
1.85568
3.01562
7.00662
15.1661
13.8944
12.081
11.3818
11.4236
11.6204
11.914
12.0817
12.1783
12.2605
12.3348
12.3882
12.4217
1.00012
1.00065
1.00167
1.00441
1.00947
1.02465
1.0502
1.14073
1.28102
1.85308
3.0089
6.98581
15.1215
13.8529
12.047
11.3635
11.4117
11.6157
11.9049
12.0687
12.1657
12.25
12.326
12.3802
12.4152
1.00012
1.00064
1.00166
1.00438
1.00941
1.02448
1.04984
1.13979
1.27872
1.84767
2.99303
6.93748
15.0217
13.7711
11.9791
11.3199
11.376
11.5889
11.8686
12.0245
12.1208
12.2071
12.2846
12.3396
12.3765
1.00011
1.00064
1.00164
1.00433
1.0093
1.02421
1.04925
1.13832
1.27488
1.83933
2.96671
6.85954
14.8672
13.6555
11.8882
11.2536
11.3156
11.5335
11.8001
11.946
12.0392
12.1246
12.2013
12.2555
12.2932
1.00011
1.00063
1.00162
1.00426
1.00916
1.02384
1.04845
1.13626
1.26959
1.82761
2.93011
6.75174
14.6581
13.5051
11.7763
11.1675
11.2335
11.4522
11.7038
11.8379
11.9257
12.0073
12.081
12.1329
12.1707
1.00011
1.00061
1.00158
1.00418
1.00898
1.02334
1.04749
1.1335
1.26315
1.81171
2.88389
6.61305
14.3923
13.3207
11.644
11.0628
11.1304
11.3447
11.5774
11.6968
11.776
11.8503
11.9174
11.9651
12.0036
1.00011
1.0006
1.00154
1.00407
1.00875
1.02276
1.04633
1.13011
1.25594
1.79089
2.82945
6.44284
14.068
13.1008
11.4919
10.9421
11.0086
11.2119
11.42
11.5199
11.5836
11.6431
11.6964
11.7341
11.7718
1.0001
1.00058
1.0015
1.00395
1.0085
1.02207
1.04499
1.12607
1.24808
1.76502
2.76709
6.24089
13.683
12.8449
11.3226
10.8087
10.8703
11.0543
11.2308
11.3053
11.345
11.3776
11.4003
11.4085
11.4326
1.0001
1.00056
1.00145
1.00381
1.0082
1.02127
1.04342
1.12141
1.23899
1.73518
2.69532
6.01032
13.2325
12.5424
11.1533
10.6684
10.7192
10.8722
11.0108
11.0514
11.0543
11.0412
11.0013
10.9324
10.8971
1.0001
1.00054
1.00138
1.00365
1.00785
1.02037
1.04166
1.11609
1.22885
1.7012
2.61445
5.75246
12.7121
12.1807
11.0046
10.5268
10.559
10.6682
10.7619
10.7599
10.7245
10.6297
10.4584
10.209
9.89458
1.00009
1.00051
1.00131
1.00346
1.00746
1.01933
1.03965
1.11005
1.21743
1.66309
2.52431
5.46961
12.1237
11.7727
10.867
10.3885
10.3939
10.449
10.4906
10.4601
10.356
10.1327
9.76252
9.0953
7.54965
1.00009
1.00048
1.00123
1.00325
1.00701
1.01815
1.03726
1.10332
1.20345
1.6218
2.41831
5.1667
11.4681
11.3307
10.749
10.2683
10.215
10.2356
10.2271
10.1578
9.97303
9.61278
9.07661
8.24366
6.77207
1.00008
1.00044
1.00114
1.00301
1.00648
1.01678
1.03441
1.09574
1.18601
1.57701
2.29001
4.83688
10.7148
10.949
10.6324
10.1636
10.0484
10.0371
9.99268
9.86621
9.60053
9.18668
8.61346
7.83972
6.81193
1.00007
1.0004
1.00104
1.00273
1.00589
1.01522
1.03128
1.08695
1.16683
1.52642
2.13957
4.46034
9.81072
10.7208
10.5092
10.0843
9.91629
9.86524
9.77457
9.59431
9.29968
8.89703
8.37488
7.7287
6.94422
1.00006
1.00036
1.00092
1.00243
1.00524
1.01351
1.02782
1.07692
1.14828
1.46228
1.99753
4.00249
8.74324
10.6029
10.4422
10.0513
9.8031
9.70027
9.58126
9.38158
9.09371
8.72137
8.26616
7.73398
7.12839
1.00006
1.00031
1.0008
1.00209
1.00452
1.01164
1.024
1.06585
1.12758
1.39138
1.83923
3.49341
7.4813
10.6179
10.4602
10.0382
9.7023
9.55447
9.42264
9.22548
8.95603
8.61876
8.21884
7.75872
7.26497
1.00005
1.00026
1.00067
1.00176
1.0038
1.00971
1.02004
1.0543
1.10588
1.31716
1.67146
2.95661
6.00373
10.6543
10.5013
10.053
9.63286
9.43994
9.30105
9.11273
8.86374
8.55991
8.21104
7.81227
7.39096
1.00004
1.00022
1.00056
1.00146
1.00316
1.00806
1.01666
1.04454
1.08845
1.25549
1.54111
2.54822
4.95692
10.3968
10.3984
10.0886
9.59664
9.35169
9.20553
9.03113
8.80431
8.53145
8.2194
7.8762
7.515
1.00003
1.00018
1.00047
1.00123
1.00265
1.00674
1.01397
1.03729
1.07262
1.21856
1.42183
2.36358
4.24306
9.55895
10.1892
10.0102
9.60137
9.29961
9.13364
8.97436
8.77358
8.53209
8.2465
7.95111
7.64087
1.00003
1.00015
1.00039
1.00102
1.00221
1.00561
1.01164
1.03097
1.06072
1.18117
1.34493
2.1264
3.61175
8.14479
10.0372
9.93721
9.63253
9.30137
9.10481
8.95043
8.77182
8.54713
8.30182
8.04345
7.77203
1.00002
1.00012
1.00032
1.00084
1.00181
1.00459
1.00952
1.02517
1.0497
1.14605
1.27452
1.89846
3.02509
6.65106
10.0653
9.99344
9.71892
9.33556
9.11343
8.9573
8.78769
8.5894
8.3797
8.15064
7.90755
1.00002
1.0001
1.00026
1.00068
1.00146
1.0037
1.00771
1.02005
1.04055
1.11253
1.22335
1.66819
2.5017
5.10233
10.0168
10.1069
9.89055
9.43814
9.15317
8.98924
8.83631
8.67072
8.47898
8.26751
8.04337
1.00001
1.00008
1.00021
1.00055
1.00119
1.00301
1.00629
1.01636
1.03305
1.09214
1.1801
1.54723
2.22109
4.48873
9.47918
10.0801
9.91726
9.54733
9.23791
9.06178
8.92421
8.76804
8.58539
8.38502
8.1743
1.00001
1.00007
1.00017
1.00045
1.00097
1.00245
1.00511
1.01331
1.02674
1.0761
1.14027
1.46199
1.95167
3.9233
8.25096
10.0059
9.9336
9.68471
9.35813
9.16301
9.01943
8.86608
8.69056
8.49902
8.29872
1.00001
1.00005
1.00014
1.00036
1.00078
1.00197
1.00409
1.01068
1.02136
1.06111
1.11054
1.37142
1.73155
3.29972
6.72121
10.0705
10.0542
9.87901
9.52931
9.28516
9.11912
8.96361
8.79373
8.60963
8.4173
1.00001
1.00004
1.00012
1.00027
1.00068
1.00144
1.00367
1.00756
1.02002
1.03993
1.11359
1.2225
1.67909
2.5292
5.15908
10.1037
10.336
10.1512
9.7528
9.43406
9.23067
9.06408
8.89432
8.71485
8.52909
1.00001
1.00003
1.0001
1.00022
1.00056
1.00119
1.00303
1.00626
1.01653
1.03307
1.09381
1.18134
1.562
2.24582
4.58125
9.67075
10.4441
10.2941
9.93946
9.57878
9.3387
9.15751
8.98701
8.81215
8.63279
1.00001
1.00003
1.00008
1.00018
1.00046
1.00098
1.00249
1.00514
1.01362
1.02696
1.07879
1.14276
1.48248
1.99657
4.06755
8.63303
10.5
10.4143
10.1387
9.72936
9.44633
9.24749
9.07482
8.90412
8.73111
1
1.00002
1.00007
1.00015
1.00038
1.0008
1.00203
1.00419
1.01113
1.02183
1.06487
1.1141
1.39986
1.78662
3.4975
7.27014
10.7302
10.6748
10.3845
9.86809
9.5338
9.32363
9.15455
8.99061
8.82461
1
1.00002
1.00005
1.00013
1.00029
1.00072
1.00152
1.00391
1.00797
1.02158
1.04186
1.12587
1.2366
1.77116
2.72864
5.8239
11.2083
11.0949
10.6516
10.0103
9.62077
9.39566
9.22721
9.06877
8.91023
1
1.00002
1.00005
1.00011
1.00027
1.00057
1.00144
1.00298
1.00779
1.01564
1.04398
1.08165
1.26362
1.5111
2.63994
5.01279
11.0214
11.1471
10.8257
10.1685
9.71674
9.46355
9.29122
9.13898
8.98943
1
1.00001
1.00004
1.00009
1.00023
1.0005
1.00127
1.00264
1.0069
1.01396
1.03869
1.07394
1.23124
1.44151
2.48081
4.50427
10.3972
11.1538
10.8962
10.3286
9.83607
9.5399
9.35205
9.20273
9.06225
1
1.00001
1.00004
1.00008
1.00021
1.00044
1.00112
1.00232
1.00608
1.01231
1.0342
1.06481
1.2071
1.38051
2.329
4.08007
9.54898
11.2139
11.0185
10.5198
9.95943
9.60768
9.4034
9.26
9.1306
1
1.00001
1.00003
1.00007
1.00018
1.00038
1.00097
1.00201
1.0053
1.01061
1.03014
1.05496
1.18658
1.32521
2.18906
3.69216
8.6758
11.4171
11.2327
10.6929
10.0352
9.63923
9.4363
9.30654
9.19014
1
1.00001
1.00003
1.00006
1.00015
1.00033
1.00083
1.00172
1.00454
1.00897
1.02615
1.04604
1.16361
1.27529
2.05179
3.31375
7.75986
11.8657
11.5786
10.8058
10.0346
9.6264
9.44322
9.33757
9.23787
1
1.00001
1.00002
1.00006
1.00012
1.00031
1.00065
1.00167
1.00337
1.00932
1.01694
1.05628
1.092
1.34638
1.65681
3.15755
6.47005
12.4265
12.0078
10.948
10.0461
9.62369
9.46001
9.37461
9.28595
1
1.00001
1.00002
1.00005
1.00012
1.00027
1.00067
1.0014
1.00368
1.00745
1.02058
1.03968
1.12279
1.22441
1.76837
2.70314
5.99949
12.4439
12.0531
10.9908
10.0682
9.63756
9.48546
9.41101
9.32876
1
1.00001
1.00002
1.00005
1.00012
1.00025
1.00063
1.00131
1.00343
1.00696
1.01924
1.03709
1.11485
1.20883
1.71911
2.59057
5.72717
12.2507
11.9473
11.0223
10.1215
9.683
9.52825
9.45308
9.37098
1
1.00001
1.00002
1.00004
1.0001
1.00025
1.00052
1.00134
1.00273
1.00739
1.0144
1.04349
1.07604
1.27083
1.50688
2.7273
5.25052
11.9132
11.7661
11.1266
10.233
9.76324
9.58221
9.49555
9.40997
1
1.00001
1.00002
1.00004
1.0001
1.00021
1.00053
1.00109
1.0029
1.00569
1.01692
1.02925
1.10586
1.17679
1.65947
2.4346
5.27337
11.5562
11.5994
11.1692
10.3286
9.8387
9.63045
9.52949
9.43968
1
1.00001
1.00001
1.00004
1.00009
1.00022
1.00046
1.00119
1.00243
1.00663
1.01295
1.03923
1.06917
1.24803
1.45207
2.61843
4.84675
11.2565
11.5802
11.1962
10.4212
9.91541
9.6807
9.56347
9.46739
1
1.00001
1.00001
1.00003
1.00009
1.00018
1.00047
1.00097
1.00261
1.00502
1.01547
1.02622
1.09728
1.16057
1.61115
2.31535
4.95745
10.9384
11.5372
11.1966
10.4824
9.97178
9.71689
9.58495
9.48313
1
1.00001
1.00001
1.00004
1.00008
1.0002
1.00041
1.00107
1.0022
1.00604
1.01151
1.03642
1.06188
1.2335
1.40782
2.52638
4.57849
10.7182
11.5579
11.2364
10.5528
10.0297
9.75066
9.60127
9.493
1
1
1.00001
1.00003
1.00008
1.00017
1.00045
1.00093
1.00248
1.00489
1.01455
1.02517
1.0921
1.15011
1.57867
2.22545
4.7379
10.4692
11.5529
11.2608
10.6112
10.0691
9.76239
9.59796
9.48795
1
1
1.00001
1.00003
1.00008
1.00018
1.00045
1.00094
1.00251
1.00508
1.01433
1.02681
1.08861
1.15142
1.56019
2.18516
4.66565
10.2954
11.6031
11.3221
10.6752
10.09
9.74903
9.57434
9.46882
1
1
1.00001
1.00003
1.00008
1.00017
1.00043
1.00091
1.00241
1.00489
1.01382
1.02586
1.08569
1.14641
1.54508
2.1494
4.58834
10.1797
11.7542
11.4531
10.7416
10.0738
9.69338
9.51808
9.43036
1
1
1.00001
1.00003
1.00007
1.00016
1.00041
1.00085
1.00227
1.00462
1.01313
1.02467
1.08222
1.14076
1.52951
2.11465
4.51919
10.1096
12.0056
11.6372
10.7745
9.99472
9.57952
9.42391
9.36974
1
1
1.00001
1.00003
1.00006
1.00014
1.00036
1.00073
1.002
1.00388
1.01213
1.02057
1.07965
1.12851
1.5177
2.0963
4.45055
10.124
12.35
11.8561
10.7441
9.85984
9.44371
9.32836
9.31117
1
1
1.00001
1.00002
1.00005
1.00013
1.00027
1.00074
1.00137
1.00445
1.00729
1.02825
1.0444
1.19056
1.31988
2.33962
4.13484
10.244
12.7555
12.065
10.6389
9.69047
9.30509
9.24247
9.2489
1
1
1.00001
1.00002
1.00006
1.00012
1.00031
1.00064
1.00177
1.00331
1.01111
1.01835
1.07457
1.12155
1.49357
2.0769
4.38588
10.2375
12.959
12.1916
10.612
9.60644
9.23227
9.20332
9.21806
4.20561
3.09925
3.27056
3.99383
4.0511
3.92477
3.77453
3.67455
3.63184
3.62105
3.6284
3.65066
3.66656
3.67997
3.68959
3.69899
3.71454
3.74129
3.77966
3.82654
3.87971
3.93776
4.00014
4.06692
4.13813
4.21244
4.28745
4.36184
4.43483
4.50567
4.57317
4.63738
4.69772
4.75344
4.80449
4.85081
4.89429
4.93638
4.97472
5.00515
5.02869
5.04596
5.05799
5.06496
5.067
5.06564
5.06054
5.04936
5.03308
5.01387
4.99188
4.96699
4.93924
4.90879
4.87588
4.84071
4.80345
4.76432
4.72347
4.68107
4.63728
4.59226
4.54615
4.49908
4.45123
4.40276
4.35379
4.3045
4.25501
4.20547
4.15603
4.10683
4.05805
4.00986
3.96244
3.91601
3.87078
3.827
3.78494
3.74493
3.70733
3.67256
3.64111
3.61356
3.59059
3.57299
3.5616
3.55752
3.55792
3.55979
3.56491
3.57646
3.60008
3.63381
3.67158
3.70998
3.74672
3.77959
3.80615
3.82591
4.76973
3.79687
3.85879
4.09274
4.00415
3.8718
3.76334
3.69424
3.66362
3.6573
3.66847
3.68764
3.68604
3.68959
3.68956
3.69169
3.70306
3.72972
3.76904
3.81589
3.86849
3.92573
3.98712
4.05282
4.12426
4.19934
4.27459
4.34954
4.42333
4.49502
4.5634
4.62869
4.68979
4.74624
4.79809
4.84549
4.8893
4.93055
4.96836
4.99922
5.02319
5.04086
5.05312
5.06023
5.06229
5.06125
5.05704
5.04695
5.02979
5.01008
4.98802
4.96325
4.93565
4.90535
4.87256
4.83751
4.80037
4.76137
4.72064
4.67836
4.63468
4.58975
4.54373
4.49673
4.44896
4.40054
4.35163
4.30239
4.25295
4.20347
4.15407
4.10493
4.05619
4.00805
3.96069
3.9143
3.86913
3.8254
3.7834
3.74344
3.70589
3.67114
3.63971
3.61216
3.58919
3.57159
3.56024
3.55653
3.55704
3.55909
3.56439
3.57595
3.59947
3.63266
3.67052
3.70942
3.74686
3.78053
3.80779
3.83053
5.68513
4.91626
4.61675
4.4273
4.1976
4.00458
3.85894
3.75806
3.69208
3.65857
3.65323
3.65658
3.66395
3.67777
3.68644
3.69643
3.71407
3.74176
3.77941
3.82466
3.87571
3.93141
3.99156
4.05586
4.12483
4.19735
4.27087
4.34458
4.41731
4.48826
4.55598
4.62043
4.68089
4.73701
4.7888
4.83636
4.88024
4.92115
4.95822
4.98947
5.0142
5.03269
5.04551
5.05306
5.0554
5.05471
5.05162
5.04357
5.02701
5.00656
4.98421
4.95958
4.93227
4.90223
4.86961
4.83467
4.79759
4.75861
4.71791
4.67565
4.63199
4.58706
4.5411
4.49413
4.44639
4.39801
4.34912
4.29994
4.25055
4.2011
4.15175
4.10266
4.05399
4.00591
3.95862
3.91232
3.86725
3.82363
3.78175
3.74192
3.70449
3.66987
3.63855
3.61112
3.58825
3.5708
3.55958
3.55664
3.55724
3.55948
3.56496
3.57669
3.60023
3.63239
3.67003
3.7094
3.74761
3.78216
3.81015
3.83607
6.16936
5.50626
5.05807
4.75727
4.50726
4.28093
4.08414
3.93255
3.8256
3.76671
3.75129
3.75238
3.75641
3.76295
3.76462
3.76718
3.77356
3.78768
3.81467
3.85248
3.89821
3.94918
4.00472
4.06446
4.12865
4.19667
4.26671
4.33664
4.40665
4.47534
4.54194
4.60566
4.66585
4.72217
4.7744
4.82254
4.86683
4.9074
4.94398
4.97546
5.00089
5.02031
5.03381
5.04188
5.04436
5.0438
5.04136
5.03487
5.02084
4.99965
4.9765
4.95161
4.92443
4.89469
4.86243
4.8278
4.79103
4.75231
4.71184
4.66978
4.62629
4.58155
4.53565
4.48888
4.44131
4.39313
4.34442
4.29541
4.24619
4.19689
4.1477
4.09876
4.05025
4.00234
3.95524
3.90915
3.86431
3.82091
3.77927
3.73968
3.70252
3.6682
3.63721
3.6101
3.58752
3.57035
3.55931
3.55731
3.55803
3.56048
3.56631
3.57861
3.60172
3.63286
3.66971
3.70896
3.74758
3.78297
3.81157
3.84103
6.497
5.91068
5.43725
5.08186
4.80124
4.56162
4.35405
4.18542
4.05895
3.975
3.92695
3.90023
3.8828
3.86972
3.85851
3.85187
3.85279
3.8583
3.8732
3.90425
3.94461
3.98949
4.0373
4.08859
4.14406
4.20365
4.26649
4.33093
4.39685
4.46284
4.5275
4.58999
4.64939
4.70553
4.75782
4.80621
4.85067
4.89084
4.92724
4.95891
4.98489
5.00527
5.01971
5.02859
5.03142
5.03096
5.02898
5.02373
5.01228
4.99193
4.96851
4.94318
4.9158
4.88613
4.85408
4.81973
4.78321
4.74472
4.70444
4.66257
4.6193
4.57477
4.52915
4.48262
4.43528
4.3873
4.33878
4.28996
4.24093
4.19183
4.14286
4.09414
4.04589
3.99826
3.95148
3.90572
3.86128
3.81836
3.77725
3.73818
3.70152
3.6677
3.63719
3.61056
3.58847
3.57181
3.56131
3.56028
3.56109
3.56378
3.57008
3.5832
3.60605
3.63596
3.67133
3.70951
3.74765
3.78335
3.81202
3.84461
6.74439
6.23973
5.79541
5.43061
5.13199
4.8799
4.66347
4.48137
4.33448
4.22273
4.14305
4.08859
4.05094
4.0237
4.00306
3.98796
3.9798
3.98009
3.98318
3.99299
4.01457
4.04601
4.08168
4.12215
4.16696
4.2163
4.27003
4.32757
4.38626
4.44719
4.50849
4.56875
4.62691
4.68232
4.73442
4.78289
4.82747
4.86806
4.90461
4.93658
4.96312
4.98454
5.00001
5.00991
5.01345
5.01306
5.01138
5.00701
4.99752
4.97921
4.9565
4.931
4.90339
4.87374
4.84194
4.80795
4.77183
4.73377
4.69389
4.65239
4.60948
4.5653
4.52005
4.47382
4.42685
4.37923
4.3311
4.28261
4.23394
4.18519
4.13656
4.08821
4.04035
3.99315
3.94691
3.9018
3.85798
3.81568
3.77515
3.73671
3.70073
3.66764
3.63789
3.61208
3.5909
3.57516
3.56566
3.56568
3.56659
3.56954
3.57634
3.5904
3.61296
3.64143
3.67469
3.71075
3.74724
3.7823
3.8104
3.84534
6.95357
6.52232
6.12474
5.77547
5.47492
5.21799
4.99648
4.80471
4.64196
4.50851
4.40358
4.32364
4.2634
4.21724
4.18046
4.1506
4.12736
4.11154
4.10196
4.10209
4.10487
4.11379
4.13341
4.16274
4.19679
4.23629
4.28044
4.32888
4.38129
4.43446
4.4903
4.54697
4.60277
4.65666
4.70789
4.75594
4.80039
4.84099
4.87754
4.9097
4.93695
4.95922
4.97551
4.98634
4.99109
4.99082
4.98948
4.98591
4.97812
4.96238
4.94112
4.91592
4.88833
4.85873
4.82713
4.79349
4.7578
4.72016
4.68077
4.6398
4.59739
4.55373
4.50898
4.46329
4.41682
4.3697
4.32205
4.27403
4.22581
4.17752
4.12939
4.08158
4.03437
3.98792
3.94242
3.89801
3.85489
3.81333
3.7736
3.73607
3.70109
3.66902
3.64041
3.61583
3.59595
3.58142
3.57361
3.57381
3.57504
3.57843
3.58586
3.60093
3.62272
3.64942
3.68008
3.71326
3.74708
3.78052
3.80721
3.84374
7.14291
6.77268
6.42044
6.09816
5.81121
5.55653
5.33055
5.13056
4.95651
4.80849
4.68403
4.58156
4.49843
4.43099
4.37547
4.32905
4.29046
4.25973
4.23635
4.22031
4.2101
4.21024
4.2128
4.22088
4.23868
4.2666
4.29966
4.33839
4.38157
4.42844
4.4762
4.52684
4.57825
4.62901
4.67809
4.72472
4.7683
4.80845
4.84478
4.87699
4.90465
4.92744
4.94505
4.95706
4.96302
4.96294
4.96202
4.95927
4.95294
4.93984
4.92023
4.89625
4.86933
4.84001
4.8088
4.7755
4.74029
4.70326
4.66452
4.62422
4.58252
4.53954
4.49547
4.45044
4.40462
4.35811
4.3111
4.2637
4.21611
4.16847
4.12103
4.07402
4.02763
3.982
3.93728
3.89371
3.85148
3.81091
3.77228
3.73597
3.70226
3.67163
3.64456
3.6216
3.60339
3.59039
3.58461
3.58493
3.58642
3.59027
3.59846
3.61413
3.63484
3.65942
3.6871
3.7168
3.74716
3.778
3.8027
3.83949
7.32094
6.99983
6.68783
6.39346
6.12191
5.87427
5.64987
5.44829
5.26755
5.10644
4.9655
4.84416
4.74138
4.65443
4.58057
4.5174
4.46326
4.41757
4.3798
4.34933
4.32566
4.30957
4.29976
4.30002
4.3028
4.31107
4.32881
4.35656
4.38969
4.42779
4.46933
4.51171
4.55688
4.60284
4.64833
4.69227
4.734
4.77285
4.80839
4.84011
4.86771
4.89079
4.90904
4.92241
4.92952
4.93045
4.92978
4.92755
4.92235
4.91154
4.89407
4.87179
4.84612
4.8176
4.78708
4.75435
4.7197
4.68327
4.64529
4.60585
4.56501
4.52288
4.47966
4.43547
4.39047
4.34477
4.29854
4.25192
4.2051
4.15833
4.11183
4.06578
4.02032
3.97564
3.93192
3.88942
3.84837
3.80907
3.77185
3.73699
3.70492
3.6761
3.65095
3.62996
3.61377
3.60259
3.59902
3.59947
3.6012
3.60545
3.61436
3.62999
3.64947
3.67169
3.69602
3.72182
3.74818
3.77567
3.79767
3.8337
7.49178
7.20858
6.9293
6.65995
6.40498
6.16681
5.94627
5.74342
5.55775
5.38893
5.23738
5.10272
4.98387
4.87986
4.78922
4.71019
4.64128
4.58147
4.53019
4.48671
4.45047
4.42129
4.39911
4.38452
4.37715
4.37769
4.38096
4.38993
4.40883
4.43587
4.46812
4.5036
4.54049
4.57998
4.62033
4.66022
4.69889
4.73542
4.76929
4.79984
4.82679
4.84981
4.86825
4.88238
4.89115
4.89319
4.89272
4.89101
4.88686
4.87817
4.86273
4.84254
4.81855
4.79136
4.76156
4.7295
4.69587
4.66029
4.62309
4.58469
4.54481
4.50367
4.46144
4.41825
4.37421
4.32946
4.28414
4.23845
4.19264
4.14696
4.10154
4.05657
4.01221
3.96868
3.92618
3.885
3.84536
3.80761
3.77207
3.73901
3.70891
3.6822
3.65931
3.64063
3.62673
3.61772
3.6163
3.61689
3.61883
3.62343
3.63296
3.6481
3.66601
3.68553
3.70626
3.72793
3.75
3.77361
3.79247
3.8266
7.65607
7.40089
7.14678
6.89798
6.65809
6.4297
6.21433
6.01268
5.82509
5.6517
5.49272
5.34814
5.21766
5.10079
4.99673
4.90436
4.8225
4.75006
4.68643
4.63103
4.58323
4.54248
4.50865
4.48168
4.46174
4.44883
4.44281
4.44347
4.44699
4.45622
4.47532
4.50116
4.53002
4.56109
4.59493
4.62981
4.6645
4.69789
4.72927
4.75795
4.78359
4.80595
4.82422
4.83864
4.84861
4.85204
4.85174
4.85052
4.84736
4.84054
4.82713
4.80894
4.78674
4.76102
4.7327
4.70174
4.66893
4.63432
4.598
4.56131
4.52227
4.48214
4.44103
4.39897
4.35603
4.31234
4.2681
4.22358
4.17898
4.13451
4.09032
4.0466
4.00354
3.96137
3.92034
3.8807
3.84275
3.80684
3.7732
3.74233
3.71457
3.69034
3.67001
3.65397
3.64255
3.63622
3.6363
3.63707
3.63934
3.64443
3.65474
3.6687
3.68441
3.70087
3.71784
3.7353
3.75299
3.77239
3.78788
3.81876
7.81206
7.5772
7.34212
7.10975
6.88288
6.66385
6.4544
6.25566
6.06838
5.89299
5.72983
5.5791
5.44083
5.31483
5.20065
5.09763
5.00494
4.9217
4.84718
4.78089
4.72236
4.67092
4.62623
4.58805
4.5564
4.53132
4.51295
4.50096
4.49548
4.49612
4.49944
4.50818
4.52629
4.5483
4.57288
4.60147
4.63141
4.661
4.68924
4.71543
4.73929
4.76035
4.77826
4.79256
4.80302
4.80787
4.80779
4.80702
4.80466
4.79928
4.78825
4.77176
4.75129
4.72735
4.70049
4.67114
4.63937
4.6059
4.57073
4.53524
4.49765
4.45846
4.41853
4.37768
4.33592
4.29343
4.25048
4.20729
4.16405
4.12094
4.07814
4.03586
3.99431
3.95372
3.91438
3.87655
3.84056
3.80678
3.77542
3.74702
3.72191
3.70047
3.68301
3.66984
3.6611
3.65789
3.6582
3.6594
3.66236
3.66862
3.6789
3.69105
3.70402
3.71715
3.7303
3.74361
3.75692
3.77193
3.78443
3.80994
7.9578
7.73815
7.51774
7.29864
7.083
6.87282
6.66982
6.47527
6.29009
6.1149
5.95017
5.79619
5.65313
5.52097
5.39949
5.28832
5.18689
5.09454
5.01057
4.93452
4.86606
4.80459
4.74971
4.70104
4.65849
4.62201
4.59173
4.56765
4.54978
4.53809
4.53215
4.53266
4.53562
4.54349
4.55952
4.57701
4.60043
4.62507
4.64936
4.67266
4.69446
4.71406
4.73109
4.74496
4.75552
4.76139
4.76197
4.7614
4.75958
4.75526
4.74632
4.73162
4.713
4.69086
4.66572
4.63795
4.60758
4.57533
4.54145
4.50764
4.47075
4.43292
4.39426
4.35465
4.31418
4.27308
4.23157
4.18984
4.14809
4.10648
4.06525
4.02457
3.98472
3.94594
3.90852
3.87276
3.83902
3.80759
3.77889
3.7533
3.73116
3.71281
3.69849
3.68837
3.68261
3.68195
3.68245
3.68408
3.68783
3.69544
3.70485
3.71478
3.72471
3.73434
3.74371
3.75287
3.76178
3.77216
3.78158
3.80118
8.09361
7.88579
7.67709
7.46903
7.26326
7.0615
6.86527
6.67584
6.49413
6.32083
6.15643
6.00129
5.85562
5.7195
5.59286
5.47549
5.36701
5.26695
5.17472
5.0899
5.01228
4.9414
4.87687
4.81833
4.76558
4.71855
4.67723
4.64173
4.61216
4.58849
4.57102
4.55937
4.55309
4.55345
4.55592
4.56243
4.57565
4.59218
4.61071
4.63047
4.64978
4.66756
4.68338
4.69654
4.70681
4.71326
4.71458
4.71418
4.71272
4.70923
4.70196
4.68912
4.67239
4.65207
4.62873
4.60256
4.57372
4.54285
4.5109
4.47787
4.44226
4.40582
4.36845
4.33015
4.29109
4.25148
4.21152
4.17137
4.13123
4.09128
4.05176
4.01289
3.97493
3.93816
3.90291
3.86949
3.83829
3.80956
3.7838
3.76133
3.74248
3.72747
3.7165
3.70957
3.70712
3.7074
3.70844
3.71099
3.71634
3.72401
3.73181
3.7392
3.74596
3.7521
3.75773
3.76265
3.76718
3.77279
3.77901
3.79241
8.22095
8.02257
7.82358
7.62507
7.4283
7.23466
7.04545
6.86173
6.68437
6.51402
6.35118
6.1962
6.04933
5.91069
5.78032
5.6581
5.54381
5.43713
5.33765
5.24496
5.15888
5.07921
5.0056
4.93775
4.87542
4.8185
4.76701
4.72098
4.68059
4.64594
4.61702
4.59403
4.57684
4.56536
4.55873
4.55887
4.56037
4.5652
4.57562
4.59021
4.60566
4.62109
4.63529
4.64743
4.65741
4.66387
4.66588
4.66557
4.66449
4.66173
4.65591
4.64479
4.62981
4.61129
4.58976
4.5652
4.53814
4.50887
4.47902
4.44643
4.41245
4.37742
4.34138
4.30448
4.26694
4.22892
4.19058
4.15211
4.1137
4.07555
4.03789
4.001
3.96513
3.93062
3.89778
3.86699
3.83861
3.81293
3.79042
3.77138
3.75607
3.74465
3.73718
3.73359
3.7337
3.73438
3.73628
3.74044
3.74707
3.75362
3.75914
3.76383
3.7674
3.7702
3.77221
3.77271
3.773
3.77396
3.77657
3.78344
8.34042
8.15038
7.96014
7.77047
7.58226
7.39662
7.21449
7.03672
6.86406
6.69711
6.53636
6.38217
6.23482
6.09447
5.96121
5.83502
5.71579
5.60334
5.4974
5.39763
5.3039
5.21618
5.13423
5.05781
4.98672
4.92082
4.86007
4.80452
4.75426
4.70941
4.67007
4.63635
4.6083
4.58592
4.56902
4.55802
4.5518
4.55002
4.55118
4.55508
4.56358
4.57513
4.58676
4.59746
4.60691
4.61337
4.61596
4.61579
4.61504
4.61295
4.60836
4.59901
4.58551
4.56869
4.5489
4.52615
4.50095
4.47387
4.44517
4.41398
4.38154
4.34793
4.31331
4.27793
4.24197
4.20558
4.16895
4.13225
4.09567
4.05945
4.02384
3.9891
3.95555
3.92353
3.89338
3.86552
3.84019
3.81793
3.799
3.78368
3.77214
3.76448
3.76057
3.76028
3.76082
3.76257
3.76651
3.77279
3.77858
3.78323
3.78609
3.78826
3.78857
3.78814
3.78649
3.78266
3.77743
3.77456
3.77479
3.77693
8.45128
8.26925
8.08775
7.90711
7.72771
7.55005
7.3749
7.20299
7.03501
6.87152
6.71302
6.55988
6.4124
6.27079
6.13519
6.00566
5.88218
5.76468
5.65303
5.54696
5.44642
5.35144
5.26191
5.17767
5.09855
5.02442
4.95521
4.89091
4.83159
4.77735
4.72835
4.68472
4.64652
4.61404
4.58711
4.56559
4.54984
4.53885
4.53099
4.52973
4.53056
4.53341
4.53967
4.54768
4.55554
4.56162
4.56488
4.56487
4.56441
4.56287
4.55926
4.55176
4.53952
4.52437
4.50623
4.48557
4.46231
4.43741
4.4098
4.38041
4.34957
4.31749
4.28443
4.25065
4.21634
4.18166
4.14681
4.11197
4.07736
4.04321
4.0098
3.97743
3.94643
3.91716
3.89
3.86543
3.84352
3.8249
3.80982
3.79847
3.79087
3.78704
3.78673
3.78728
3.7891
3.79325
3.79984
3.80569
3.80964
3.81195
3.81245
3.81213
3.81068
3.80685
3.7989
3.79013
3.78167
3.77522
3.77223
3.77335
8.55694
8.38293
8.20982
8.03759
7.86621
7.69591
7.52721
7.36072
7.19707
7.03683
6.88047
6.7284
6.58095
6.43836
6.30082
6.16847
6.04137
5.91953
5.80291
5.6914
5.58488
5.48348
5.38722
5.29599
5.20965
5.1281
5.05126
4.97909
4.91161
4.84889
4.79102
4.73818
4.69056
4.64829
4.61157
4.58054
4.55499
4.53537
4.5191
4.50783
4.50133
4.4991
4.49952
4.50116
4.50485
4.50946
4.51254
4.51295
4.51262
4.51143
4.50851
4.50235
4.4916
4.47828
4.462
4.44338
4.42224
4.3991
4.3733
4.34571
4.31658
4.2862
4.25485
4.22279
4.19021
4.15734
4.12436
4.0915
4.05898
4.02707
3.99605
3.96626
3.93805
3.91182
3.88798
3.86679
3.84876
3.83413
3.82315
3.8159
3.81225
3.81229
3.81298
3.81515
3.81999
3.82729
3.83367
3.83757
3.83952
3.83947
3.83881
3.83667
3.8316
3.82137
3.80959
3.79772
3.78624
3.77671
3.76969
3.77049
8.65779
8.49152
8.32633
8.16194
7.99786
7.83412
7.67111
7.50941
7.3496
7.19225
7.03785
6.88682
6.73949
6.59618
6.45711
6.32247
6.19238
6.06693
5.94613
5.82998
5.71837
5.61142
5.50928
5.41187
5.31912
5.23093
5.14722
5.06797
4.99317
4.92285
4.85711
4.79609
4.73995
4.6889
4.64311
4.60265
4.56768
4.53827
4.51462
4.49399
4.47898
4.4689
4.46264
4.45933
4.45898
4.45928
4.46008
4.46014
4.45983
4.45872
4.45607
4.45059
4.44171
4.43041
4.4162
4.39954
4.38045
4.35925
4.33546
4.30979
4.28256
4.25407
4.22459
4.19438
4.16367
4.13271
4.10174
4.07098
4.04072
4.01122
3.98281
3.95586
3.93074
3.90783
3.88767
3.87021
3.85625
3.84585
3.83917
3.8361
3.83624
3.83721
3.84005
3.8462
3.85437
3.86168
3.86606
3.86786
3.86775
3.86696
3.8646
3.85911
3.84794
3.83436
3.81988
3.8052
3.79069
3.77835
3.76719
3.76773
8.75174
8.59411
8.43717
8.2801
8.12248
7.96443
7.80635
7.6488
7.49236
7.33762
7.18505
7.03508
6.88807
6.74435
6.6042
6.46782
6.3354
6.20705
6.08285
5.96283
5.84693
5.73525
5.62798
5.52515
5.42671
5.3326
5.24274
5.15712
5.0757
4.99852
4.92564
4.85717
4.79327
4.73409
4.67984
4.63066
4.58676
4.54826
4.51534
4.48787
4.46372
4.44551
4.43199
4.42223
4.41603
4.41216
4.40988
4.40833
4.40687
4.40492
4.4019
4.39722
4.39018
4.38076
4.36864
4.35388
4.33698
4.3178
4.29623
4.27263
4.24749
4.22108
4.19363
4.16544
4.13675
4.10788
4.07906
4.05059
4.02274
3.99585
3.97028
3.94643
3.92468
3.90549
3.88912
3.87595
3.86634
3.86038
3.85802
3.85832
3.85974
3.86347
3.87129
3.88051
3.88877
3.8943
3.89628
3.89618
3.89544
3.89319
3.88797
3.8772
3.86255
3.84647
3.8295
3.81224
3.79498
3.78009
3.76498
3.7653
8.84001
8.69058
8.54076
8.38993
8.23795
8.085
7.93148
7.77787
7.62472
7.47254
7.32184
7.17308
7.02668
6.88295
6.7422
6.60466
6.47053
6.33996
6.21305
6.08988
5.97047
5.85479
5.74307
5.63549
5.53203
5.43262
5.33723
5.24582
5.15839
5.07495
4.99557
4.92035
4.84943
4.7829
4.721
4.66387
4.61173
4.56478
4.52305
4.48681
4.45535
4.42825
4.40715
4.39074
4.3781
4.36922
4.36269
4.35793
4.35432
4.35126
4.34776
4.34335
4.33733
4.32945
4.3192
4.30646
4.29176
4.27493
4.25552
4.23422
4.21135
4.18718
4.16196
4.13597
4.10952
4.08291
4.05644
4.03044
4.00526
3.98125
3.95882
3.93838
3.92036
3.90525
3.89297
3.88421
3.87911
3.87765
3.87814
3.88014
3.88502
3.89491
3.90531
3.9146
3.92135
3.92429
3.92425
3.92366
3.92174
3.91713
3.90747
3.89269
3.87571
3.85739
3.83814
3.81862
3.799
3.78188
3.76344
3.76327
8.92211
8.78054
8.63722
8.49198
8.34492
8.19637
8.04677
7.89661
7.74643
7.59673
7.44801
7.30071
7.15523
7.01191
6.87104
6.73287
6.5976
6.4654
6.3364
6.21069
6.08834
5.96932
5.85385
5.74217
5.63428
5.53016
5.42978
5.33313
5.24023
5.1511
5.06579
4.98436
4.90693
4.83367
4.76472
4.70032
4.64061
4.58583
4.53617
4.49177
4.45299
4.41822
4.38879
4.36476
4.34536
4.33071
4.31915
4.3102
4.3037
4.29871
4.29409
4.28934
4.28377
4.27701
4.26827
4.25766
4.24515
4.23044
4.21345
4.19458
4.17416
4.15241
4.1296
4.10602
4.08202
4.05788
4.034
4.01074
3.98849
3.96764
3.94867
3.93195
3.91798
3.90692
3.89924
3.89487
3.89464
3.89543
3.89824
3.90473
3.9162
3.92815
3.9387
3.94668
3.95113
3.95163
3.95119
3.94966
3.94582
3.93765
3.92358
3.9065
3.88751
3.86718
3.84593
3.82446
3.80285
3.78372
3.76307
3.76113
8.99974
8.86493
8.7268
8.58594
8.44288
8.29811
8.15205
8.00514
7.85785
7.71068
7.56407
7.41845
7.27419
7.13161
6.99101
6.85264
6.7167
6.58337
6.45279
6.32508
6.20031
6.07851
5.95981
5.84449
5.73266
5.62432
5.51946
5.41809
5.32024
5.22594
5.13526
5.04825
4.96504
4.88575
4.81054
4.73957
4.67304
4.61116
4.55416
4.50222
4.45548
4.4142
4.37672
4.34539
4.31888
4.29766
4.28017
4.26644
4.25609
4.24818
4.24173
4.23592
4.23009
4.22397
4.21643
4.20758
4.19711
4.18462
4.17004
4.15377
4.13593
4.11679
4.0966
4.07568
4.05435
4.03297
4.01191
3.99161
3.97254
3.95514
3.93992
3.92725
3.91771
3.91112
3.90804
3.90827
3.90971
3.91378
3.92257
3.9352
3.94851
3.96047
3.97014
3.97618
3.97782
3.97754
3.97642
3.97348
3.96709
3.95421
3.93766
3.9187
3.89795
3.8759
3.85299
3.82985
3.80658
3.78568
3.76333
3.75944
9.06876
8.94061
8.80753
8.67101
8.53184
8.39065
8.24799
8.10426
7.95988
7.81531
7.67095
7.5272
7.38439
7.24283
7.10281
6.96455
6.82828
6.69418
6.5624
6.43309
6.30631
6.18218
6.06068
5.94213
5.82676
5.71463
5.60573
5.50011
5.39779
5.29882
5.20328
5.11121
5.02275
4.93798
4.85706
4.78015
4.70743
4.63909
4.57536
4.51644
4.46254
4.41385
4.36999
4.33114
4.29769
4.26958
4.24604
4.22689
4.21209
4.20038
4.19119
4.18378
4.17716
4.17069
4.16427
4.1568
4.1479
4.13751
4.12548
4.11183
4.09672
4.08036
4.06299
4.04491
4.02645
4.00803
3.99008
3.97309
3.95758
3.94403
3.93298
3.92471
3.91964
3.91809
3.91863
3.9209
3.92653
3.93808
3.95188
3.96624
3.97962
3.99087
3.9992
4.0026
4.0025
4.00178
3.99967
3.99473
3.98454
3.96866
3.95008
3.92943
3.90717
3.88368
3.85939
3.83485
3.81019
3.78774
3.76408
3.7584
9.12632
9.00433
8.87599
8.74372
8.60867
8.4714
8.33238
8.19212
8.05101
7.90942
7.76769
7.62619
7.4852
7.34504
7.20595
7.06819
6.93196
6.79746
6.66486
6.5343
6.4059
6.27977
6.15593
6.03461
5.91613
5.80061
5.68809
5.57864
5.47229
5.3691
5.26915
5.1725
5.07927
4.98955
4.9035
4.82123
4.74295
4.66881
4.59902
4.5338
4.47338
4.4179
4.36781
4.32183
4.28168
4.24689
4.21706
4.19225
4.17216
4.15609
4.14364
4.13362
4.12545
4.11851
4.11207
4.10538
4.09803
4.08964
4.08
4.06901
4.05674
4.04332
4.02895
4.01392
3.99858
3.9834
3.96887
3.95553
3.94394
3.93457
3.92804
3.92429
3.92436
3.92543
3.92893
3.93677
3.95024
3.96557
3.98117
3.99595
4.00891
4.01928
4.02537
4.02638
4.02596
4.02443
4.02074
4.01284
3.99887
3.98121
3.96107
3.939
3.91546
3.89077
3.86532
3.83959
3.81373
3.78995
3.76516
3.75796
9.1796
9.06078
8.93554
8.80674
8.67543
8.54201
8.40678
8.2701
8.13231
7.99375
7.85475
7.7156
7.57658
7.43797
7.30001
7.16294
7.02699
6.89235
6.75922
6.62775
6.49809
6.37036
6.24463
6.12101
5.99982
5.88131
5.7656
5.65274
5.54279
5.43582
5.33192
5.23116
5.13365
5.0395
4.94883
4.86178
4.77851
4.69918
4.62398
4.55312
4.48681
4.42526
4.3687
4.31709
4.27039
4.22913
4.19321
4.1625
4.13685
4.11587
4.0991
4.08586
4.07547
4.06718
4.06024
4.05395
4.04771
4.04106
4.03367
4.02535
4.01604
4.00571
3.99451
3.98272
3.97078
3.95916
3.94841
3.93911
3.93184
3.92702
3.92538
3.92587
3.92808
3.93353
3.94479
3.95907
3.97558
3.99271
4.00922
4.02415
4.0365
4.04553
4.04875
4.04857
4.04763
4.04504
4.03929
4.02763
4.01139
3.99224
3.9708
3.9476
3.92296
3.8973
3.87084
3.84412
3.81722
3.79232
3.76657
3.75796
9.22585
9.10959
8.98709
8.86154
8.7338
8.60406
8.47247
8.33927
8.20475
8.06921
7.93292
7.79615
7.65917
7.52221
7.38551
7.24931
7.11384
6.97929
6.84588
6.71378
6.58314
6.45412
6.32681
6.2013
6.07786
5.95682
5.8383
5.72242
5.60926
5.49891
5.39146
5.287
5.18565
5.0875
4.99271
4.90136
4.81364
4.72966
4.64964
4.57372
4.50215
4.43512
4.37284
4.31569
4.26291
4.21575
4.17389
4.13733
4.10609
4.07995
4.05857
4.04146
4.02804
4.01763
4.00951
4.00297
3.99735
3.99209
3.98679
3.9811
3.97475
3.96757
3.95964
3.95132
3.94309
3.93537
3.9288
3.92393
3.92132
3.92159
3.92308
3.92711
3.93567
3.94852
3.96432
3.982
4.00056
4.01902
4.03616
4.05084
4.06229
4.069
4.06979
4.06928
4.06755
4.06341
4.05474
4.04027
4.02244
4.00203
3.9795
3.95535
3.92981
3.90332
3.876
3.84845
3.82067
3.79482
3.76825
3.75834
9.26869
9.15369
9.03316
8.91019
8.78544
8.65892
8.5306
8.40061
8.26916
8.13649
8.00281
7.86837
7.73339
7.59809
7.4627
7.32745
7.19257
7.05827
6.92476
6.79223
6.66086
6.53082
6.40222
6.27516
6.14987
6.02667
5.90573
5.78722
5.67123
5.55789
5.44729
5.33956
5.23478
5.13308
5.03458
4.93938
4.84766
4.75953
4.67517
4.59476
4.51847
4.44652
4.3791
4.31647
4.25863
4.20581
4.15827
4.11613
4.07948
4.04817
4.022
4.00065
3.98368
3.97056
3.96064
3.95324
3.9477
3.94341
3.93993
3.9367
3.93314
3.92899
3.9244
3.9199
3.91574
3.9122
3.91034
3.9106
3.91192
3.91542
3.92287
3.93362
3.94805
3.96535
3.98452
4.00485
4.02526
4.04469
4.06193
4.07581
4.08577
4.08959
4.08936
4.0883
4.08549
4.07939
4.06738
4.05131
4.03223
4.01079
3.98739
3.96244
3.93616
3.90897
3.88093
3.85265
3.82412
3.79744
3.77021
3.75918
9.30727
9.19309
9.07414
8.9533
8.83109
8.70735
8.58194
8.45488
8.32628
8.1963
8.06511
7.9329
7.79985
7.66617
7.53208
7.3978
7.26356
7.12959
6.9961
6.86331
6.7314
6.60057
6.47092
6.34262
6.21578
6.09073
5.96768
5.84688
5.7284
5.61243
5.49904
5.3884
5.28059
5.17573
5.07395
4.97536
4.8801
4.78829
4.70011
4.61573
4.53531
4.45903
4.38709
4.3197
4.25718
4.19919
4.14641
4.09904
4.0571
4.02064
3.98956
3.96372
3.94283
3.9265
3.91418
3.90531
3.89926
3.89542
3.89347
3.89233
3.8912
3.88994
3.88882
3.88869
3.8889
3.88974
3.89187
3.89648
3.90425
3.91408
3.92664
3.94282
3.96173
3.98279
4.00514
4.0278
4.04959
4.06937
4.08603
4.09859
4.1065
4.10773
4.10722
4.10547
4.10132
4.09261
4.07848
4.06097
4.04093
4.01866
3.99456
3.96897
3.94209
3.91428
3.88565
3.85673
3.82755
3.80017
3.77235
3.76049
9.33703
9.2243
9.10736
8.9889
8.86932
8.74836
8.62579
8.50155
8.37566
8.24825
8.11943
7.98937
7.85821
7.72615
7.59339
7.46015
7.32665
7.19312
7.0598
6.92692
6.79466
6.66324
6.53279
6.40351
6.27545
6.14891
6.02415
5.90142
5.78083
5.6626
5.54681
5.43365
5.32317
5.21557
5.11089
5.00931
4.91093
4.81588
4.72431
4.63634
4.55216
4.47196
4.39595
4.32429
4.25727
4.19482
4.13743
4.08522
4.03836
3.99691
3.96102
3.93064
3.90564
3.88574
3.87058
3.85968
3.85254
3.8487
3.84814
3.84832
3.8489
3.85022
3.85292
3.8568
3.86183
3.86793
3.8756
3.88564
3.89863
3.91426
3.93234
3.95324
3.97643
4.00111
4.02623
4.05062
4.07306
4.09249
4.10799
4.1189
4.12425
4.12409
4.12316
4.12058
4.11494
4.10351
4.08801
4.06951
4.04867
4.02575
4.00111
3.97499
3.94763
3.9193
3.89016
3.86068
3.83096
3.80296
3.77468
3.76224
9.36358
9.25173
9.13647
9.02007
8.90281
8.78432
8.66427
8.54252
8.41904
8.29389
8.16716
8.039
7.90953
7.77893
7.64739
7.51512
7.38234
7.24929
7.1162
6.98332
6.85083
6.71899
6.58792
6.45783
6.32879
6.20107
6.07488
5.95052
5.82812
5.70794
5.59006
5.4747
5.3619
5.25189
5.14468
5.04048
4.93935
4.84145
4.74691
4.65586
4.56847
4.48489
4.4053
4.32989
4.25893
4.19252
4.1309
4.07418
4.02271
3.9767
3.93628
3.90149
3.87234
3.8487
3.83035
3.81701
3.80829
3.80419
3.80431
3.80504
3.8069
3.81088
3.81753
3.8257
3.83549
3.84698
3.86035
3.87605
3.89452
3.9157
3.93939
3.96516
3.99242
4.02019
4.04735
4.07267
4.09506
4.11361
4.12761
4.1367
4.1393
4.1389
4.13741
4.13376
4.12611
4.11288
4.09637
4.07715
4.05568
4.03224
4.00714
3.9806
3.95285
3.92408
3.89451
3.86454
3.83437
3.80583
3.77715
3.76439
9.37925
9.26961
9.15713
9.04358
8.92914
8.81342
8.69607
8.57687
8.45578
8.33283
8.2081
8.08172
7.95383
7.82459
7.69419
7.56285
7.43078
7.29823
7.16543
7.03263
6.90006
6.76793
6.63642
6.50573
6.37594
6.24731
6.12001
5.99435
5.8705
5.74872
5.62912
5.51191
5.39716
5.28509
5.17571
5.06923
4.96571
4.86532
4.76815
4.67438
4.58411
4.49755
4.41483
4.33615
4.26166
4.19165
4.12611
4.06546
4.00996
3.95977
3.91513
3.87614
3.84294
3.81553
3.79385
3.7778
3.76712
3.76229
3.76253
3.76366
3.76659
3.77273
3.78284
3.79533
3.80998
3.82686
3.84603
3.86768
3.892
3.91882
3.94779
3.97812
4.0089
4.03908
4.06751
4.0931
4.11491
4.13226
4.14467
4.15179
4.15232
4.15171
4.1497
4.14502
4.13536
4.12097
4.10369
4.0839
4.06194
4.03809
4.01264
3.98576
3.95768
3.92857
3.89864
3.86827
3.83769
3.80871
3.77967
3.76673
9.3896
9.28283
9.17347
9.06282
8.95111
8.83801
8.72315
8.6063
8.48738
8.3664
8.24345
8.11863
7.99211
7.86406
7.73466
7.60413
7.4727
7.34062
7.20812
7.07545
6.94285
6.81054
6.67869
6.54752
6.41713
6.28774
6.1595
6.03276
5.90768
5.78457
5.6635
5.54474
5.42831
5.31446
5.20323
5.09481
4.98926
4.88675
4.78736
4.69126
4.59852
4.50937
4.42386
4.3423
4.26477
4.1916
4.12284
4.0588
3.99968
3.94575
3.89726
3.8544
3.81741
3.78637
3.76138
3.74248
3.72963
3.7235
3.72377
3.72516
3.72874
3.73635
3.74964
3.76626
3.78578
3.80808
3.83313
3.86083
3.89102
3.92329
3.95706
3.99134
4.02502
4.05694
4.08603
4.11138
4.1323
4.1483
4.15919
4.16414
4.16394
4.16291
4.16021
4.15438
4.14294
4.128
4.1102
4.08996
4.06761
4.04345
4.01772
3.99058
3.96223
3.93283
3.9026
3.87188
3.84096
3.81158
3.78223
3.7691
9.38839
9.28715
9.18269
9.07589
8.96734
8.85704
8.74472
8.6302
8.5134
8.39432
8.27304
8.14968
8.02442
7.89743
7.76894
7.63915
7.50831
7.37666
7.24446
7.11195
6.97937
6.84696
6.7149
6.58341
6.45261
6.32269
6.19378
6.06626
5.94024
5.81608
5.69382
5.57376
5.45593
5.34058
5.22776
5.11766
5.01034
4.90598
4.80464
4.7065
4.61164
4.52026
4.43243
4.34842
4.2683
4.19238
4.12073
4.05372
3.99146
3.93426
3.88239
3.83608
3.79564
3.76123
3.73308
3.71136
3.69627
3.68844
3.68869
3.69019
3.69415
3.70264
3.71871
3.73917
3.76334
3.79095
3.82172
3.85528
3.89114
3.92851
3.96655
4.0041
4.03996
4.07298
4.10223
4.12701
4.14687
4.16154
4.17104
4.17406
4.17368
4.17227
4.16887
4.16176
4.14949
4.134
4.11579
4.09522
4.0726
4.04821
4.02227
3.99492
3.96638
3.93674
3.90627
3.87526
3.84405
3.81434
3.78471
3.77133
9.37856
9.2851
9.18678
9.08457
8.9794
8.87176
8.76175
8.64935
8.53447
8.4171
8.29732
8.17525
8.0511
7.92507
7.79738
7.66826
7.53796
7.40673
7.27483
7.1425
7.01001
6.87755
6.74535
6.6136
6.48249
6.35219
6.22287
6.09479
5.96808
5.84308
5.71984
5.5987
5.47968
5.36307
5.2489
5.13738
5.02859
4.92266
4.8197
4.71983
4.62319
4.52991
4.44014
4.35404
4.27173
4.19351
4.11943
4.04985
3.9849
3.9249
3.87015
3.82084
3.77737
3.73995
3.70891
3.68453
3.66726
3.65756
3.65775
3.65928
3.66346
3.67258
3.69081
3.71472
3.74331
3.77602
3.81226
3.85131
3.89228
3.93422
3.97585
4.01594
4.05327
4.08684
4.11591
4.13995
4.15878
4.17224
4.18061
4.18215
4.18167
4.18
4.17611
4.16802
4.15514
4.13916
4.12064
4.09985
4.07706
4.05252
4.02642
3.99891
3.97019
3.94034
3.90969
3.87842
3.84698
3.81697
3.78709
3.77339
9.35831
9.27779
9.18719
9.09005
8.98803
8.88261
8.77456
8.66402
8.55089
8.4351
8.31669
8.19581
8.07268
7.94753
7.82058
7.6921
7.56232
7.4315
7.29992
7.1678
7.03541
6.90298
6.77072
6.63883
6.50753
6.37696
6.24735
6.11883
5.99162
5.86593
5.74193
5.6199
5.49992
5.38225
5.26693
5.15423
5.04415
4.9369
4.83257
4.73127
4.63316
4.5383
4.44691
4.35908
4.275
4.19489
4.11882
4.04716
3.97999
3.91766
3.86046
3.80862
3.76254
3.72253
3.68894
3.66217
3.64291
3.63134
3.63146
3.63295
3.63728
3.64687
3.66633
3.69336
3.72606
3.76347
3.8047
3.84867
3.89412
3.93977
3.98418
4.02605
4.06427
4.09797
4.12663
4.14991
4.16786
4.18028
4.1879
4.18835
4.18785
4.18602
4.18184
4.17304
4.15961
4.14333
4.12463
4.10372
4.08083
4.05618
4.02997
4.00234
3.97349
3.94349
3.91269
3.88123
3.84959
3.81935
3.78924
3.77519
9.32385
9.26085
9.181
9.08943
8.99056
8.88751
8.78176
8.67345
8.56226
8.44808
8.33101
8.2113
8.08919
7.96491
7.83873
7.71089
7.58165
7.45127
7.32003
7.18816
7.05593
6.92356
6.79128
6.65929
6.5278
6.39697
6.26705
6.13813
6.01049
5.88423
5.75963
5.63686
5.51611
5.39757
5.28136
5.16768
5.05661
4.94831
4.84288
4.74045
4.64114
4.54507
4.45239
4.36323
4.27773
4.19612
4.11849
4.04516
3.97624
3.91207
3.85293
3.79907
3.75088
3.70877
3.67308
3.64431
3.62334
3.6101
3.61015
3.61159
3.61599
3.62593
3.64619
3.67585
3.71213
3.7537
3.79926
3.84741
3.89654
3.94505
3.99146
4.03446
4.07307
4.10665
4.13475
4.15744
4.17457
4.18634
4.19328
4.19326
4.19273
4.1908
4.18633
4.17695
4.16324
4.1468
4.12799
4.10699
4.08403
4.05932
4.03302
4.00531
3.97634
3.94623
3.91529
3.88368
3.85187
3.82146
3.79113
3.77666
9.29082
9.24876
9.17976
9.08969
8.99102
8.88963
8.78625
8.68013
8.5707
8.45792
8.34201
8.22326
8.10194
7.97834
7.8527
7.72531
7.59643
7.46632
7.33527
7.20353
7.07137
6.93901
6.8067
6.67464
6.54304
6.41205
6.28191
6.15272
6.02476
5.89812
5.7731
5.6498
5.5285
5.40931
5.29244
5.17801
5.06618
4.95707
4.85082
4.74753
4.64731
4.55033
4.45667
4.36651
4.27996
4.19723
4.11842
4.04386
3.97363
3.90807
3.84746
3.79207
3.74227
3.69855
3.66123
3.63091
3.60858
3.59409
3.59389
3.59529
3.59975
3.60991
3.63072
3.66237
3.70147
3.74639
3.79544
3.84686
3.89873
3.94927
3.99696
4.04058
4.07927
4.11257
4.14021
4.1624
4.17893
4.19034
4.19687
4.19692
4.19625
4.19416
4.18932
4.17947
4.16588
4.14939
4.13049
4.10943
4.08642
4.06166
4.03531
4.00754
3.9785
3.94832
3.91727
3.88559
3.85361
3.82317
3.79247
3.77764
9.24858
9.23345
9.18663
9.09096
8.98684
8.88664
8.78674
8.68352
8.57594
8.46432
8.34924
8.23113
8.11033
7.98714
7.86186
7.73476
7.60612
7.47622
7.34532
7.21369
7.0816
6.94928
6.81697
6.68486
6.55318
6.42208
6.29176
6.16237
6.03416
5.90726
5.78194
5.6583
5.53662
5.41701
5.29969
5.18478
5.07245
4.96282
4.85601
4.75216
4.65137
4.55378
4.4595
4.36869
4.28146
4.19801
4.11845
4.04308
3.97199
3.90553
3.84396
3.78756
3.73672
3.69193
3.65354
3.62219
3.59892
3.58368
3.58312
3.58452
3.58903
3.59938
3.6206
3.65356
3.6946
3.74183
3.79329
3.84694
3.90059
3.95243
4.00085
4.04472
4.08336
4.11637
4.14373
4.1655
4.1817
4.19302
4.19934
4.19931
4.19854
4.19631
4.19139
4.18142
4.16777
4.15127
4.13232
4.1112
4.08815
4.06335
4.03698
4.00917
3.98008
3.94984
3.91872
3.88699
3.85487
3.82443
3.79359
3.77799
9.2357
9.22562
9.18718
9.10011
8.98779
8.88511
8.78677
8.68526
8.57862
8.46751
8.35278
8.23496
8.11441
7.99143
7.86632
7.73936
7.61083
7.481
7.35016
7.21856
7.08649
6.95418
6.82186
6.68974
6.55804
6.4269
6.29654
6.1671
6.0388
5.9118
5.78633
5.66254
5.54066
5.42084
5.30328
5.18813
5.07552
4.96561
4.85852
4.75438
4.65328
4.55539
4.46078
4.36964
4.28206
4.19825
4.11831
4.04254
3.97102
3.90412
3.84207
3.78516
3.73381
3.68847
3.64954
3.61766
3.59392
3.57825
3.5775
3.5789
3.58347
3.59394
3.61542
3.64906
3.6911
3.73956
3.79228
3.84708
3.9016
3.95404
4.00275
4.04669
4.08526
4.1181
4.14532
4.16687
4.18277
4.19425
4.20055
4.2004
4.19959
4.1973
4.19233
4.18227
4.16863
4.15212
4.13315
4.11201
4.08893
4.06412
4.03774
4.00992
3.98082
3.95056
3.9194
3.88764
3.85547
3.825
3.79439
3.77795
)
;

boundaryField
{
    inlet
    {
        type            fixedValue;
        value           uniform 1;
    }
    outlet
    {
        type            waveTransmissive;
        gamma           1.4;
        fieldInf        1;
        lInf            3;
        value           nonuniform List<scalar> 
40
(
3.8098
3.81443
3.81998
3.82492
3.82844
3.82911
3.8274
3.82301
3.81705
3.80978
3.80178
3.79285
3.78398
3.77518
3.7662
3.75952
3.75593
3.75314
3.75048
3.74816
3.74626
3.74426
3.74271
3.74181
3.74147
3.74158
3.74208
3.74303
3.74443
3.74625
3.74846
3.75083
3.7532
3.75543
3.75747
3.75924
3.76067
3.76156
3.76182
3.76177
)
;
    }
    bottom
    {
        type            symmetryPlane;
    }
    top
    {
        type            symmetryPlane;
    }
    obstacle
    {
        type            zeroGradient;
    }
    defaultFaces
    {
        type            empty;
    }
}


// ************************************************************************* //
