/*--------------------------------*- C++ -*----------------------------------*\
  =========                 |
  \\      /  F ield         | OpenFOAM: The Open Source CFD Toolbox
   \\    /   O peration     | Website:  https://openfoam.org
    \\  /    A nd           | Version:  6
     \\/     M anipulation  |
\*---------------------------------------------------------------------------*/
FoamFile
{
    version     2.0;
    format      ascii;
    class       volScalarField;
    location    "8";
    object      p;
}
// * * * * * * * * * * * * * * * * * * * * * * * * * * * * * * * * * * * * * //

dimensions      [1 -1 -2 0 0 0 0];

internalField   nonuniform List<scalar> 
5250
(
1.00005
1.0003
1.00076
1.002
1.00432
1.01112
1.02291
1.06269
1.12165
1.37066
1.79347
3.35517
7.49946
16.0397
14.3688
12.4018
11.6899
11.7504
11.9852
12.2691
12.419
12.5053
12.5772
12.6353
12.6726
1.00005
1.00029
1.00076
1.002
1.00431
1.01108
1.02283
1.06246
1.12123
1.36931
1.79065
3.34639
7.47446
15.9921
14.3224
12.3641
11.6699
11.7379
11.9807
12.2599
12.4061
12.4934
12.5677
12.627
12.6663
1.00005
1.00029
1.00075
1.00198
1.00428
1.01099
1.02266
1.06197
1.12035
1.36628
1.78422
3.32576
7.41334
15.8853
14.234
12.2881
11.6208
11.6982
11.9508
12.2199
12.3589
12.4467
12.5237
12.5844
12.6262
1.00005
1.00029
1.00074
1.00196
1.00422
1.01086
1.02239
1.06119
1.11895
1.36135
1.77369
3.29165
7.312
15.7199
14.1146
12.1859
11.5444
11.6289
11.8874
12.1423
12.2718
12.3579
12.4352
12.4957
12.5384
1.00005
1.00028
1.00073
1.00192
1.00415
1.01067
1.02201
1.06009
1.11699
1.35445
1.75892
3.24383
7.1713
15.4961
13.9628
12.0593
11.444
11.5331
11.7924
12.0323
12.1512
12.233
12.3082
12.3656
12.4079
1.00005
1.00028
1.00071
1.00188
1.00406
1.01043
1.02152
1.05868
1.11447
1.34561
1.73992
3.18256
6.99276
15.2103
13.7753
11.9096
11.3208
11.4117
11.6662
11.887
11.9924
12.0664
12.1362
12.1894
12.2324
1.00005
1.00027
1.00069
1.00183
1.00395
1.01014
1.02092
1.05698
1.1114
1.3349
1.71686
3.10878
6.78002
14.8588
13.5448
11.7411
11.1768
11.2654
11.507
11.7033
11.7896
11.8482
11.9044
11.9468
11.9883
1.00005
1.00026
1.00067
1.00177
1.00381
1.00979
1.02022
1.05497
1.10777
1.32239
1.68987
3.02315
6.53538
14.4376
13.272
11.5523
11.0157
11.0973
11.316
11.4792
11.5378
11.5699
11.5957
11.6077
11.6353
1.00004
1.00025
1.00064
1.00169
1.00366
1.0094
1.01942
1.05268
1.10371
1.30803
1.65935
2.9267
6.2568
13.9419
12.9596
11.3433
10.8415
10.9115
11.0957
11.2137
11.2318
11.22
11.1828
11.1149
11.0801
1.00004
1.00024
1.00061
1.00162
1.00349
1.00896
1.01852
1.05017
1.09856
1.29397
1.61867
2.84237
5.92557
13.3685
12.6001
11.1334
10.662
10.7131
10.8472
10.9047
10.8807
10.798
10.6279
10.3709
10.0518
1.00004
1.00022
1.00058
1.00153
1.0033
1.00847
1.01751
1.04739
1.09258
1.27906
1.57207
2.75661
5.55745
12.7096
12.1586
10.9757
10.4904
10.5084
10.5744
10.5694
10.4968
10.2991
9.91236
9.23066
7.66034
1.00004
1.00021
1.00054
1.00143
1.00309
1.00792
1.0164
1.04432
1.08645
1.26127
1.5284
2.6448
5.18615
11.9669
11.6625
10.8461
10.3372
10.2871
10.2945
10.2518
10.0997
9.76441
9.19668
8.34389
6.85125
1.00003
1.00019
1.0005
1.00132
1.00285
1.00731
1.01515
1.04091
1.07982
1.24115
1.4837
2.51523
4.803
11.1498
11.1485
10.7459
10.2116
10.0793
10.0426
9.94548
9.72023
9.2968
8.70042
7.91021
6.88094
1.00003
1.00018
1.00045
1.00119
1.00258
1.00662
1.01373
1.03703
1.07204
1.21867
1.43073
2.37209
4.36382
10.1709
10.8716
10.6004
10.0966
9.90244
9.81916
9.66696
9.38948
8.97593
8.43671
7.77778
6.99358
1.00003
1.00016
1.0004
1.00105
1.00228
1.00585
1.01214
1.0326
1.06389
1.19225
1.37261
2.20922
3.8777
9.03408
10.696
10.4924
10.0311
9.75023
9.61024
9.43256
9.15578
8.77853
8.31158
7.77822
7.17297
1.00002
1.00013
1.00034
1.0009
1.00196
1.005
1.01039
1.02781
1.05413
1.16515
1.30523
2.03761
3.36701
7.7416
10.6454
10.4616
9.9864
9.61323
9.4282
9.2475
8.99239
8.65631
8.25208
7.79332
7.30114
1.00002
1.00011
1.00029
1.00076
1.00165
1.00419
1.00873
1.02306
1.04619
1.13327
1.25638
1.82024
2.86137
6.2549
10.6229
10.4478
9.96108
9.50482
9.28298
9.10789
8.87942
8.58273
8.23433
7.83492
7.42247
1.00002
1.00009
1.00024
1.00063
1.00136
1.00346
1.00723
1.01891
1.03829
1.10707
1.21248
1.64197
2.45244
5.08518
10.3514
10.3172
9.93856
9.42608
9.17184
9.00481
8.80445
8.54529
8.24103
7.90193
7.54945
1.00001
1.00008
1.0002
1.00052
1.00112
1.00285
1.00594
1.01555
1.03137
1.08884
1.16996
1.5343
2.18608
4.44459
9.5143
10.0197
9.82334
9.39487
9.1073
8.9372
8.76264
8.54261
8.26724
7.98015
7.67907
1.00001
1.00006
1.00016
1.00042
1.00091
1.00231
1.00482
1.01263
1.02539
1.07264
1.13377
1.44349
1.91174
3.81417
8.01681
9.75013
9.66547
9.40997
9.11065
8.92545
8.76289
8.55823
8.32444
8.07746
7.81456
1.00001
1.00005
1.00013
1.00033
1.00073
1.00184
1.00383
1.01
1.02014
1.05709
1.10506
1.3456
1.69144
3.14521
6.37838
9.68496
9.68052
9.49352
9.15376
8.94648
8.78599
8.607
8.41365
8.19376
7.95555
1.00001
1.00004
1.0001
1.00026
1.00057
1.00143
1.00299
1.00772
1.01567
1.04306
1.08202
1.2526
1.50217
2.52033
4.67843
9.44398
9.77574
9.62238
9.28136
9.02051
8.85674
8.70709
8.52771
8.32062
8.09742
1.00001
1.00003
1.00008
1.0002
1.00044
1.00111
1.00234
1.00601
1.01225
1.03332
1.06397
1.19813
1.36714
2.24428
3.84417
8.54709
9.76441
9.67707
9.4426
9.16831
8.98333
8.82382
8.64663
8.44809
8.23681
1
1.00002
1.00006
1.00016
1.00034
1.00086
1.0018
1.00462
1.00937
1.02578
1.04768
1.15633
1.27082
1.97425
3.13047
6.90817
9.75701
9.78572
9.64657
9.35336
9.11766
8.93932
8.76393
8.57485
8.37505
1
1.00002
1.00005
1.00012
1.00026
1.00066
1.00139
1.00356
1.00729
1.01953
1.03857
1.11207
1.21442
1.67625
2.48876
5.04919
9.72084
10.0546
9.90988
9.58647
9.28706
9.07576
8.89272
8.70757
8.51637
1
1.00001
1.00004
1.00009
1.00022
1.00047
1.00118
1.00246
1.00641
1.01292
1.03594
1.06734
1.21645
1.40029
2.35738
4.13959
9.18558
10.2187
10.1062
9.82226
9.47357
9.22442
9.02823
8.84428
8.65979
1
1.00001
1.00003
1.00007
1.00017
1.00037
1.00093
1.00192
1.00505
1.01008
1.02867
1.05173
1.17695
1.30435
2.11423
3.48254
7.89489
10.3451
10.2935
10.0733
9.6645
9.36877
9.15621
8.97341
8.7965
1
1.00001
1.00002
1.00005
1.00014
1.00029
1.00075
1.00156
1.00406
1.00824
1.02263
1.04376
1.1351
1.24417
1.85148
2.86822
6.29013
10.6289
10.6126
10.3773
9.89279
9.52418
9.28627
9.10279
8.93309
1
1.00001
1.00002
1.00004
1.00011
1.00023
1.0006
1.00125
1.00326
1.00663
1.01819
1.03554
1.10674
1.20034
1.65931
2.45398
5.1729
10.5171
10.8356
10.6036
10.1028
9.68522
9.42029
9.23067
9.06529
1
1.00001
1.00001
1.00004
1.00008
1.0002
1.00043
1.0011
1.00225
1.00607
1.0118
1.03581
1.06184
1.2271
1.39508
2.45617
4.38096
10.0194
10.9284
10.7416
10.3082
9.86155
9.56342
9.3601
9.19578
1
1
1.00001
1.00003
1.00007
1.00015
1.00039
1.0008
1.00211
1.00414
1.0123
1.02102
1.07786
1.12248
1.49325
1.97561
4.12549
8.8542
11.0624
10.9394
10.5584
10.0372
9.69179
9.47786
9.31942
1
1
1.00001
1.00002
1.00006
1.00013
1.00034
1.00071
1.00187
1.00379
1.01051
1.01989
1.06406
1.10676
1.4092
1.78091
3.59863
7.59412
11.4626
11.3303
10.8406
10.1754
9.77844
9.56634
9.42291
1
1
1.00001
1.00002
1.00005
1.00012
1.0003
1.00062
1.00161
1.00328
1.00894
1.01741
1.05236
1.09343
1.32116
1.63496
2.99296
5.98915
12.1323
11.8692
11.125
10.2992
9.85282
9.6439
9.51434
1
1
1.00001
1.00002
1.00005
1.0001
1.00026
1.00055
1.00143
1.00292
1.00793
1.01564
1.04573
1.0838
1.27946
1.54527
2.77305
5.41675
12.0237
11.8753
11.276
10.4019
9.9233
9.71009
9.58565
1
1
1.00001
1.00002
1.00004
1.00009
1.00023
1.00047
1.00125
1.00255
1.007
1.01377
1.0411
1.07447
1.25779
1.47879
2.68972
5.02952
11.6495
11.7606
11.3382
10.5143
10.0222
9.78523
9.64543
1
1
1.00001
1.00001
1.00003
1.00008
1.00016
1.00043
1.00086
1.00247
1.00436
1.01531
1.02405
1.09805
1.15599
1.62486
2.33163
5.05042
11.1082
11.6544
11.3197
10.6183
10.1138
9.84024
9.67723
1
1
1.00001
1.00001
1.00003
1.00006
1.00017
1.00035
1.00095
1.00193
1.00552
1.01038
1.03455
1.05715
1.22959
1.38819
2.51452
4.50646
10.6787
11.6768
11.3636
10.6972
10.1644
9.85378
9.67622
1
1
1
1.00001
1.00003
1.00005
1.00014
1.0003
1.00082
1.00164
1.00491
1.00875
1.03177
1.05036
1.21251
1.35137
2.4245
4.24863
10.2033
11.7492
11.4497
10.7664
10.1651
9.82975
9.65426
1
1
1
1.00001
1.00002
1.00005
1.0001
1.00028
1.0005
1.00169
1.00275
1.01092
1.01664
1.07471
1.11424
1.5038
2.03088
4.29613
9.62424
11.8997
11.5798
10.8092
10.1256
9.76296
9.60333
1
1
1
1.00001
1.00002
1.00004
1.0001
1.00019
1.00058
1.00098
1.00362
1.00566
1.02439
1.03641
1.17241
1.27257
2.22422
3.71997
9.0334
12.2582
11.8385
10.8538
10.0488
9.67318
9.54593
1
1
1
1.00001
1.00001
1.00004
1.00008
1.00022
1.00039
1.00131
1.00212
1.00847
1.01279
1.05917
1.08844
1.40525
1.79432
3.61773
8.00367
12.8316
12.2625
10.9554
10.0099
9.62025
9.518
1
1
1
1.00001
1.00002
1.00003
1.00009
1.00018
1.00051
1.0009
1.00315
1.00494
1.0205
1.03052
1.13822
1.21812
1.92364
3.00196
7.07115
13.4509
12.6593
11.0202
10.0096
9.61436
9.51798
1
1
1
1.00001
1.00002
1.00004
1.00008
1.00022
1.00042
1.00126
1.00212
1.0078
1.01183
1.05088
1.07592
1.32735
1.621
3.03717
6.31327
13.5043
12.7429
11.1304
10.0792
9.6562
9.54726
1
1
1
1.00001
1.00002
1.00004
1.00011
1.00022
1.00057
1.00117
1.00323
1.00608
1.01954
1.03179
1.12757
1.20263
1.81272
2.73017
6.27178
13.2112
12.6039
11.1774
10.1708
9.72943
9.59695
1
1
1
1.00001
1.00002
1.00004
1.00011
1.00024
1.00063
1.00129
1.00347
1.00691
1.01976
1.03696
1.1212
1.21123
1.77399
2.67322
6.09137
12.8958
12.4209
11.203
10.247
9.79966
9.64853
1
1
1
1.00001
1.00002
1.00005
1.00012
1.00024
1.00063
1.00128
1.00345
1.00686
1.0195
1.03638
1.11897
1.20654
1.75633
2.63069
5.95597
12.6621
12.2902
11.2327
10.3121
9.85923
9.69286
1
1
1
1.00001
1.00002
1.00004
1.00011
1.00023
1.00061
1.00125
1.00336
1.00668
1.01906
1.03555
1.11665
1.20226
1.7421
2.59625
5.84982
12.4686
12.175
11.2427
10.348
9.88957
9.71662
1
1
1
1.00001
1.00002
1.00004
1.0001
1.00021
1.00054
1.00109
1.00303
1.00545
1.01828
1.02852
1.11755
1.18178
1.7433
2.56697
5.77062
12.366
12.1306
11.2856
10.3792
9.89682
9.71617
1
1
1
1.00001
1.00002
1.00004
1.00009
1.00023
1.00047
1.00126
1.00249
1.00717
1.01296
1.04425
1.07223
1.28271
1.51572
2.81931
5.39777
12.2967
12.1294
11.4149
10.4365
9.9161
9.72289
1
1
1
1.00001
1.00002
1.00004
1.00009
1.00019
1.00051
1.00101
1.00287
1.00509
1.01771
1.02738
1.1151
1.17767
1.73194
2.53825
5.67803
12.2167
12.0562
11.3189
10.412
9.9162
9.72571
4.27398
3.23486
3.45403
4.19111
4.27773
4.14848
4.02321
3.93136
3.87137
3.83807
3.80427
3.76249
3.71664
3.67175
3.64411
3.63288
3.63025
3.63409
3.64313
3.65504
3.67349
3.70263
3.74325
3.79353
3.85145
3.91527
3.98344
4.05447
4.12726
4.20097
4.2759
4.35183
4.42639
4.49823
4.56628
4.62985
4.68885
4.74318
4.79226
4.83585
4.87499
4.91105
4.94452
4.97148
4.99156
5.00497
5.01272
5.01494
5.01351
5.00818
4.99656
4.97897
4.95819
4.93421
4.90704
4.87637
4.84269
4.80595
4.76673
4.72486
4.68096
4.63488
4.58712
4.53758
4.48673
4.43446
4.38121
4.32692
4.27195
4.21627
4.16018
4.10371
4.04703
3.99024
3.93344
3.8767
3.82012
3.7637
3.70754
3.65166
3.59612
3.54097
3.48635
3.43238
3.37927
3.32725
3.27665
3.22784
3.18128
3.13751
3.09721
3.06121
3.03062
3.00688
2.99171
2.98808
2.98885
2.99167
2.99836
3.01242
4.84039
3.94497
4.04361
4.32389
4.24803
4.12628
4.03036
3.96273
3.91001
3.86385
3.8179
3.7643
3.71118
3.66335
3.6314
3.61839
3.61683
3.62608
3.63967
3.65275
3.67012
3.69781
3.73756
3.78722
3.84431
3.90709
3.97409
4.04395
4.11557
4.18798
4.26187
4.33877
4.41397
4.48645
4.55503
4.6192
4.67893
4.73397
4.78385
4.82855
4.86854
4.90471
4.93738
4.96426
4.98456
4.99831
5.00635
5.00868
5.00765
5.00334
4.99293
4.97459
4.95331
4.92925
4.90225
4.87189
4.83844
4.80193
4.76282
4.72117
4.67739
4.63153
4.5839
4.53459
4.48386
4.43179
4.37865
4.32452
4.26963
4.21406
4.15803
4.10161
4.04497
3.98818
3.9314
3.87466
3.81808
3.76168
3.70555
3.64971
3.59422
3.53916
3.48465
3.43083
3.37786
3.32601
3.27559
3.22698
3.18063
3.13706
3.09697
3.06117
3.03078
3.00722
2.99225
2.98971
2.99064
2.99388
3.00147
3.01759
5.75791
5.03743
4.81337
4.66323
4.40893
4.21527
4.0728
3.96577
3.88377
3.83056
3.79669
3.75478
3.70726
3.66441
3.63523
3.62331
3.62583
3.63551
3.64564
3.65384
3.66816
3.6951
3.73473
3.78425
3.8413
3.90425
3.97158
4.04188
4.11411
4.18741
4.26163
4.33717
4.41165
4.48331
4.55132
4.61497
4.67418
4.72872
4.77821
4.82268
4.8624
4.898
4.92954
4.95593
4.97624
4.99022
4.99826
5.00039
4.99953
4.99603
4.98722
4.96924
4.947
4.92249
4.89552
4.86548
4.83232
4.79614
4.75733
4.71597
4.67242
4.62679
4.57937
4.53026
4.47974
4.42791
4.37497
4.32104
4.2663
4.21089
4.15495
4.09861
4.04202
3.98527
3.92851
3.87178
3.81522
3.75884
3.70277
3.64698
3.59159
3.53668
3.48237
3.42878
3.37608
3.32453
3.27445
3.22622
3.18027
3.13715
3.09753
3.06225
3.03242
3.00948
2.99525
2.99441
2.99557
2.99942
3.00842
3.0277
6.23365
5.60856
5.21892
4.94444
4.68139
4.43134
4.2265
4.07864
3.98291
3.91837
3.86683
3.81128
3.7528
3.70143
3.6649
3.64554
3.64119
3.64333
3.64981
3.66307
3.68308
3.71244
3.7514
3.79931
3.85451
3.91522
3.98
4.04763
4.11719
4.18794
4.25983
4.33239
4.40367
4.47329
4.53997
4.60268
4.66113
4.715
4.76413
4.80838
4.84796
4.88319
4.91411
4.94013
4.96041
4.97465
4.98287
4.98495
4.98423
4.98136
4.97403
4.95848
4.93565
4.91046
4.88323
4.85345
4.82073
4.78512
4.74679
4.70596
4.66288
4.61774
4.57076
4.52213
4.47202
4.4206
4.36802
4.31443
4.25998
4.20482
4.14908
4.09292
4.03645
3.97982
3.92316
3.86654
3.81007
3.75384
3.69791
3.64229
3.58711
3.53248
3.47849
3.42529
3.3731
3.32215
3.27271
3.22515
3.17991
3.13755
3.09876
3.06442
3.03574
3.01407
3.00179
3.00202
3.00372
3.00867
3.01974
3.04309
6.55177
5.99083
5.55823
5.23024
4.95557
4.708
4.49573
4.32252
4.19728
4.10229
4.01805
3.93755
3.86197
3.79764
3.74964
3.71981
3.70704
3.70738
3.7108
3.71976
3.73784
3.76285
3.79688
3.83956
3.88935
3.94463
4.00405
4.06649
4.1311
4.19718
4.26432
4.33202
4.39927
4.46546
4.52928
4.58983
4.64666
4.69926
4.74746
4.79105
4.83007
4.86458
4.89468
4.92008
4.94023
4.95471
4.96335
4.96567
4.96507
4.96273
4.95673
4.94383
4.92197
4.8967
4.86922
4.83944
4.8071
4.77205
4.73436
4.69415
4.65166
4.60707
4.56063
4.51249
4.46287
4.41188
4.35972
4.3065
4.2524
4.19751
4.14203
4.08607
4.02979
3.97334
3.91686
3.86041
3.80412
3.74812
3.69246
3.63729
3.58255
3.52839
3.47488
3.42223
3.37065
3.32037
3.27172
3.22502
3.18074
3.13949
3.10198
3.06914
3.0422
3.0225
3.01394
3.01453
3.01706
3.02359
3.0376
3.06673
6.79397
6.30989
5.89012
5.5511
5.26556
5.01414
4.7926
4.60349
4.44688
4.31718
4.20505
4.10484
4.01515
3.9381
3.87652
3.83229
3.80527
3.79343
3.79372
3.79685
3.80593
3.8257
3.85799
3.89678
3.94085
3.98917
4.041
4.09574
4.15281
4.21165
4.27183
4.33304
4.39466
4.45566
4.51542
4.57293
4.62744
4.67815
4.72509
4.76775
4.80611
4.83995
4.86949
4.89445
4.91454
4.92938
4.93861
4.94147
4.94098
4.93901
4.93399
4.9232
4.90332
4.87888
4.85147
4.82165
4.78952
4.75496
4.71793
4.67844
4.63666
4.59274
4.54694
4.4994
4.45034
4.3999
4.34824
4.29548
4.24179
4.18728
4.13214
4.0765
4.02055
3.96442
3.9083
3.85236
3.79664
3.74115
3.68593
3.63114
3.57684
3.52318
3.47025
3.41829
3.3675
3.31815
3.27058
3.22513
3.18226
3.14265
3.10702
3.07635
3.05193
3.0351
3.03076
3.03169
3.03509
3.0434
3.06076
3.09656
6.99659
6.58468
6.20912
5.87816
5.58956
5.3354
5.10669
4.90279
4.72422
4.5696
4.43512
4.31688
4.21259
4.12219
4.04699
3.98846
3.94723
3.92224
3.91292
3.9136
3.91724
3.92679
3.94686
3.97587
4.01045
4.04893
4.09072
4.13559
4.18311
4.2329
4.28466
4.33797
4.39274
4.44739
4.50187
4.55513
4.60629
4.65462
4.69965
4.74094
4.77823
4.81131
4.8402
4.86463
4.88463
4.89967
4.9095
4.91327
4.9129
4.91129
4.90713
4.89816
4.88064
4.85773
4.83099
4.80141
4.76951
4.73537
4.69896
4.66021
4.61922
4.57608
4.531
4.48416
4.43574
4.38589
4.33478
4.28252
4.22928
4.1752
4.12047
4.06527
4.00988
3.95444
3.899
3.84362
3.78836
3.7333
3.67854
3.62421
3.57046
3.51745
3.46533
3.41434
3.36465
3.3166
3.2705
3.22668
3.18578
3.14842
3.11541
3.08775
3.0668
3.05411
3.05375
3.05507
3.05951
3.06997
3.09131
3.13473
7.18875
6.83243
6.49603
6.18744
5.90824
5.65254
5.41825
5.20636
5.01529
4.84475
4.6936
4.55996
4.44201
4.33901
4.25115
4.17916
4.12344
4.08365
4.05924
4.04756
4.04556
4.04677
4.0515
4.06282
4.08555
4.11266
4.14428
4.17949
4.21741
4.25796
4.3009
4.34584
4.39254
4.44015
4.4885
4.5365
4.5834
4.62842
4.67091
4.71028
4.74613
4.77816
4.80624
4.83021
4.85004
4.86514
4.87557
4.88041
4.88019
4.87896
4.87563
4.8683
4.85342
4.83228
4.80674
4.77792
4.74657
4.71294
4.67713
4.6391
4.5989
4.55659
4.51232
4.46624
4.41854
4.36936
4.31885
4.26715
4.21442
4.16088
4.10681
4.05242
3.99782
3.94304
3.88818
3.83329
3.77853
3.724
3.66984
3.6162
3.56323
3.51113
3.46006
3.41029
3.36201
3.31559
3.27129
3.22961
3.19119
3.1567
3.12705
3.1033
3.08656
3.08008
3.08069
3.08326
3.08988
3.10424
3.12881
3.17808
7.36908
7.05814
6.75596
6.46928
6.20119
5.9515
5.72008
5.50447
5.30574
5.12563
4.96394
4.8196
4.69119
4.57796
4.47941
4.39558
4.32645
4.27186
4.23159
4.2044
4.18759
4.17736
4.17297
4.17368
4.17723
4.18648
4.20562
4.22928
4.25636
4.28756
4.32149
4.35783
4.39632
4.43653
4.47788
4.51977
4.56155
4.60243
4.64164
4.67848
4.71239
4.74297
4.76998
4.79324
4.81261
4.82781
4.83855
4.84433
4.84428
4.84344
4.84086
4.83491
4.82258
4.80321
4.77921
4.75165
4.72119
4.68826
4.65307
4.61573
4.57627
4.53478
4.49133
4.44606
4.39911
4.35063
4.30075
4.24964
4.19759
4.14488
4.0917
4.03811
3.9842
3.93007
3.87582
3.82159
3.7675
3.71372
3.66037
3.60764
3.55569
3.50472
3.45497
3.40667
3.36013
3.31568
3.27359
3.23458
3.19925
3.16836
3.14286
3.12379
3.11249
3.11134
3.1125
3.1165
3.12612
3.14636
3.17201
3.22181
7.54125
7.2641
6.98983
6.72372
6.46914
6.22782
6.00038
5.78699
5.58888
5.40623
5.23933
5.08809
4.95196
4.83043
4.72271
4.62825
4.54664
4.47765
4.4212
4.37685
4.34306
4.31759
4.29865
4.28515
4.27612
4.276
4.27781
4.28387
4.2974
4.31896
4.34325
4.37148
4.4022
4.43526
4.46959
4.50513
4.54135
4.57752
4.61283
4.64653
4.67796
4.70664
4.73223
4.75447
4.77316
4.78804
4.79888
4.80514
4.80559
4.80499
4.80293
4.798
4.78766
4.7701
4.74793
4.72199
4.69282
4.66086
4.62644
4.58981
4.55109
4.51037
4.46774
4.42329
4.37713
4.32938
4.2802
4.22992
4.17882
4.12706
4.07473
4.02195
3.96881
3.91545
3.86199
3.80858
3.75536
3.70249
3.65015
3.59852
3.5478
3.49822
3.45004
3.40355
3.35911
3.31695
3.27769
3.24193
3.21036
3.18383
3.1633
3.1497
3.14508
3.1457
3.14822
3.15475
3.16888
3.19576
3.21939
3.26457
7.70711
7.45421
7.20183
6.95393
6.71361
6.48303
6.26349
6.05591
5.86111
5.67958
5.51171
5.35763
5.21702
5.08897
4.97284
4.86809
4.77441
4.69155
4.6195
4.55832
4.50741
4.46548
4.4311
4.40313
4.38081
4.36478
4.35419
4.35162
4.35282
4.35739
4.36809
4.38751
4.40962
4.4353
4.46284
4.49232
4.52314
4.55444
4.5855
4.61559
4.64408
4.67046
4.6943
4.71523
4.73299
4.74726
4.75787
4.76416
4.76512
4.76464
4.76289
4.75863
4.74962
4.73374
4.71342
4.68925
4.6616
4.63087
4.59743
4.5616
4.52364
4.48369
4.44185
4.39822
4.35286
4.3059
4.25766
4.20842
4.15834
4.10752
4.05612
4.00422
3.95199
3.89954
3.84702
3.79459
3.7424
3.69065
3.6395
3.58919
3.53994
3.49202
3.44573
3.40142
3.35946
3.3201
3.28418
3.25231
3.22522
3.20382
3.18889
3.18175
3.18194
3.18348
3.1881
3.19866
3.21994
3.2472
3.26743
3.30538
7.86622
7.63162
7.3972
7.16577
6.93978
6.72126
6.51165
6.31194
6.12283
5.94476
5.778
5.62255
5.47816
5.34432
5.22055
5.10644
5.00173
4.90632
4.82019
4.74358
4.67657
4.61862
4.56888
4.52654
4.49081
4.46137
4.438
4.42113
4.40992
4.40572
4.40656
4.41023
4.41914
4.43668
4.45616
4.47914
4.5049
4.53167
4.55861
4.58501
4.61039
4.63429
4.6562
4.67567
4.69233
4.70582
4.71597
4.72206
4.7232
4.72277
4.72119
4.71731
4.70908
4.69456
4.67588
4.65343
4.6274
4.59806
4.56578
4.53091
4.49378
4.45462
4.41358
4.37073
4.32619
4.2802
4.23307
4.18492
4.1359
4.08614
4.03575
3.9849
3.9337
3.88232
3.8309
3.77963
3.72866
3.67821
3.62849
3.57974
3.53224
3.48629
3.44225
3.40057
3.36135
3.32548
3.29352
3.2662
3.24432
3.22871
3.22006
3.21924
3.22033
3.22408
3.2329
3.25097
3.27373
3.29766
3.31336
3.34345
8.01964
7.80033
7.58153
7.36517
7.15305
6.94675
6.7475
6.55614
6.37323
6.19907
6.03382
5.87748
5.72992
5.59092
5.46023
5.33765
5.22311
5.11661
5.01826
4.92826
4.84698
4.77448
4.71037
4.65411
4.60509
4.5628
4.52692
4.49744
4.47424
4.45754
4.44651
4.44169
4.44233
4.44544
4.45322
4.46836
4.48624
4.50789
4.53051
4.55325
4.57567
4.59717
4.61716
4.63516
4.65072
4.66343
4.67301
4.67894
4.68001
4.67961
4.6781
4.6744
4.66659
4.65312
4.63581
4.61488
4.5904
4.56252
4.53152
4.49776
4.46158
4.42329
4.38306
4.34103
4.29743
4.25258
4.20661
4.15963
4.11177
4.06316
4.01394
3.96424
3.91423
3.86407
3.81392
3.76397
3.71442
3.6655
3.61743
3.57052
3.52507
3.48144
3.44007
3.40133
3.36553
3.33367
3.30633
3.28428
3.26827
3.259
3.25709
3.25799
3.26124
3.26915
3.28548
3.30692
3.32718
3.3456
3.35655
3.3788
8.17053
7.96467
7.75963
7.55674
7.35719
7.1621
6.97235
6.78856
6.6111
6.44022
6.27605
6.11867
5.96812
5.8244
5.68754
5.55757
5.43457
5.31869
5.2101
5.10897
5.01569
4.93067
4.85382
4.78488
4.72343
4.66903
4.6213
4.58006
4.54509
4.51624
4.4937
4.47725
4.46644
4.4613
4.46179
4.46448
4.4712
4.48483
4.5009
4.51916
4.53851
4.55763
4.57581
4.59243
4.60696
4.61903
4.62818
4.63398
4.63507
4.63467
4.63321
4.62965
4.62217
4.60958
4.5934
4.57378
4.5507
4.52423
4.49458
4.46205
4.42697
4.38966
4.35032
4.30925
4.26678
4.22312
4.17836
4.13262
4.08601
4.03867
3.99072
3.94233
3.89366
3.84488
3.79618
3.74776
3.69984
3.65268
3.60655
3.56178
3.51873
3.47783
3.43967
3.4041
3.37247
3.34527
3.32322
3.30709
3.29744
3.29495
3.29574
3.29876
3.30615
3.32154
3.34222
3.36201
3.37763
3.39006
3.39714
3.41194
8.32203
8.12724
7.9337
7.74222
7.55342
7.36784
7.18601
7.0083
6.83502
6.66641
6.50269
6.34404
6.19072
6.04292
5.90087
5.76479
5.63489
5.5114
5.39453
5.28442
5.1814
5.08595
4.99818
4.91806
4.84533
4.77969
4.72081
4.66833
4.62211
4.5821
4.54816
4.52021
4.49811
4.48178
4.47103
4.46498
4.46512
4.46695
4.47236
4.48386
4.49848
4.51426
4.53044
4.54572
4.55941
4.57116
4.58002
4.58586
4.58738
4.58701
4.58564
4.58231
4.57535
4.56367
4.54856
4.53012
4.50833
4.48322
4.45493
4.42373
4.38991
4.35374
4.3155
4.27561
4.23437
4.19195
4.14848
4.10405
4.05879
4.01282
3.96629
3.91935
3.87217
3.82495
3.77789
3.73121
3.68516
3.64003
3.59613
3.55386
3.51361
3.47598
3.44112
3.40976
3.38281
3.36093
3.34484
3.33516
3.3323
3.33305
3.33597
3.34325
3.3585
3.37896
3.39855
3.414
3.42426
3.43128
3.43535
3.44435
8.47408
8.28849
8.10441
7.92222
7.74214
7.56412
7.38836
7.21511
7.0447
6.87744
6.71369
6.55378
6.3981
6.24701
6.10087
5.96
5.82468
5.6952
5.57173
5.45448
5.34358
5.23951
5.14253
5.05274
4.97
4.89416
4.82493
4.76206
4.70532
4.65454
4.60956
4.57045
4.53712
4.50953
4.48769
4.47129
4.46139
4.4534
4.4534
4.45473
4.45898
4.4682
4.48079
4.49378
4.50655
4.51806
4.52696
4.53338
4.53576
4.53547
4.53432
4.53148
4.52552
4.51492
4.50093
4.48368
4.46315
4.4394
4.41254
4.3828
4.35041
4.31559
4.27872
4.24023
4.20035
4.15928
4.11716
4.07412
4.03028
3.9858
3.9408
3.89544
3.84993
3.80445
3.75923
3.71452
3.67061
3.62781
3.58651
3.54713
3.5102
3.47632
3.44526
3.41875
3.3972
3.38134
3.37177
3.36892
3.36964
3.37261
3.38002
3.39557
3.41648
3.43641
3.45209
3.46222
3.46755
3.47023
3.4721
3.4768
8.62001
8.44418
8.26956
8.09595
7.92297
7.7507
7.57935
7.40925
7.24079
7.07439
6.91053
6.74966
6.59225
6.43875
6.28957
6.1451
6.00561
5.87143
5.74272
5.6197
5.5024
5.39122
5.28647
5.18832
5.09676
5.01171
4.93298
4.86037
4.79369
4.73276
4.67742
4.62763
4.58346
4.54485
4.51191
4.48462
4.46306
4.44731
4.43455
4.4275
4.427
4.42801
4.43136
4.43872
4.44901
4.45913
4.46813
4.47512
4.47899
4.47891
4.47818
4.47614
4.47163
4.46253
4.44982
4.43387
4.41471
4.39243
4.36716
4.33908
4.30834
4.27517
4.23998
4.20309
4.16474
4.12514
4.08448
4.04294
4.00064
3.95776
3.91442
3.87083
3.82715
3.78362
3.74048
3.69801
3.65653
3.61643
3.57812
3.54211
3.50914
3.47896
3.45297
3.43189
3.41641
3.40712
3.40445
3.40521
3.40833
3.41613
3.43246
3.45404
3.47475
3.4912
3.50196
3.50684
3.50839
3.50833
3.5081
3.50924
8.7653
8.59785
8.43083
8.2638
8.09631
7.92833
7.76017
7.59226
7.42514
7.25937
7.09549
6.93404
6.77552
6.62037
6.46904
6.32188
6.17922
6.0413
5.90833
5.78049
5.65785
5.54066
5.42929
5.3239
5.22453
5.1312
5.04379
4.96219
4.88621
4.81573
4.75064
4.69084
4.63631
4.58726
4.54368
4.50557
4.4731
4.44651
4.42512
4.40712
4.39598
4.38928
4.38797
4.38869
4.39115
4.39665
4.40421
4.41072
4.41585
4.41711
4.41674
4.41543
4.41229
4.40573
4.39476
4.3803
4.36266
4.34206
4.31863
4.29248
4.26367
4.23248
4.19922
4.16416
4.12753
4.0896
4.05057
4.01066
3.97004
3.92888
3.88737
3.84568
3.80404
3.76267
3.72186
3.68193
3.64324
3.60624
3.57139
3.5394
3.51051
3.48511
3.46473
3.44982
3.44099
3.43875
3.43959
3.44297
3.45136
3.46886
3.49137
3.51308
3.53068
3.54263
3.54818
3.54876
3.54829
3.54648
3.54199
3.54227
8.90536
8.74605
8.58613
8.42482
8.2618
8.09723
7.93157
7.76546
7.59954
7.43446
7.27082
7.1092
6.94999
6.79371
6.64077
6.49151
6.34623
6.20518
6.06857
5.93656
5.80928
5.68686
5.56967
5.45793
5.3517
5.251
5.15579
5.06599
4.9815
4.90221
4.82804
4.75893
4.69487
4.63585
4.582
4.53361
4.4908
4.45363
4.42258
4.39536
4.37278
4.35695
4.34648
4.34
4.33769
4.33807
4.33953
4.34289
4.34745
4.3501
4.35002
4.34941
4.34763
4.34358
4.33526
4.32255
4.30676
4.28819
4.2669
4.24293
4.21636
4.18742
4.15634
4.12336
4.08871
4.05267
4.01548
3.97739
3.9386
3.89935
3.85982
3.82025
3.78085
3.74191
3.70373
3.66669
3.63121
3.59777
3.56697
3.53967
3.51508
3.49555
3.48134
3.47318
3.47156
3.47252
3.47627
3.48549
3.50451
3.52813
3.55098
3.56994
3.58339
3.59036
3.59135
3.59078
3.58876
3.58379
3.57301
3.57251
9.04255
8.89059
8.73676
8.57999
8.42024
8.258
8.09405
7.92921
7.76423
7.59982
7.43656
7.2749
7.1154
6.95842
6.80428
6.65335
6.50589
6.36219
6.22244
6.08681
5.95546
5.82847
5.70617
5.58888
5.47663
5.36945
5.26732
5.1702
5.07804
4.99076
4.90832
4.83068
4.75783
4.68984
4.62679
4.56876
4.51588
4.46836
4.42651
4.39108
4.35908
4.33239
4.31227
4.29735
4.28712
4.28085
4.27763
4.27768
4.27813
4.27926
4.27969
4.27943
4.27841
4.27584
4.27032
4.2601
4.24684
4.23077
4.21193
4.19039
4.16629
4.13984
4.11119
4.08054
4.04814
4.01425
3.97916
3.94313
3.90642
3.86927
3.83196
3.79472
3.75783
3.72162
3.68642
3.65269
3.62088
3.59155
3.56561
3.5426
3.52411
3.5109
3.5034
3.50269
3.50384
3.50811
3.51841
3.53943
3.56417
3.58812
3.60853
3.62368
3.63267
3.63466
3.63424
3.63255
3.62821
3.61897
3.60135
3.59969
9.17448
9.02904
8.87952
8.7256
8.56795
8.40742
8.2449
8.08123
7.91724
7.75361
7.59091
7.42957
7.27004
7.11266
6.95777
6.80565
6.65659
6.5108
6.36852
6.22991
6.09512
5.96425
5.83756
5.71546
5.59802
5.48525
5.37711
5.27358
5.17462
5.08021
4.99031
4.90494
4.82409
4.74783
4.67623
4.60941
4.54753
4.49081
4.43943
4.39357
4.35399
4.31711
4.28655
4.26218
4.2433
4.22942
4.21981
4.21401
4.21073
4.20926
4.20856
4.20783
4.20661
4.20434
4.20027
4.19322
4.18306
4.16987
4.15379
4.13494
4.11354
4.08978
4.0638
4.03575
4.00588
3.97444
3.94172
3.90802
3.87362
3.83885
3.80399
3.76937
3.7353
3.70217
3.67037
3.64042
3.61282
3.58837
3.56729
3.54985
3.538
3.53153
3.53163
3.5332
3.53841
3.55041
3.57349
3.59929
3.62436
3.64625
3.66321
3.6744
3.67823
3.67802
3.67678
3.67324
3.66529
3.6504
3.62926
3.6254
9.29088
9.15286
9.0072
8.85551
8.69965
8.54079
8.37986
8.21771
8.0551
7.89268
7.73094
7.57034
7.41128
7.25409
7.09903
6.94636
6.7963
6.64911
6.50496
6.36405
6.22655
6.0926
5.96229
5.83608
5.71425
5.59675
5.48348
5.37443
5.26956
5.16889
5.07241
4.98015
4.89215
4.80846
4.72917
4.65439
4.58426
4.51895
4.45867
4.40364
4.35413
4.31046
4.26989
4.23598
4.20802
4.18566
4.16845
4.15585
4.14716
4.14151
4.13799
4.13564
4.13372
4.1315
4.12834
4.12337
4.11594
4.1057
4.0926
4.07674
4.05831
4.03747
4.01436
3.98916
3.96208
3.93336
3.90331
3.87223
3.84046
3.80834
3.77626
3.74457
3.71368
3.68401
3.65608
3.63039
3.60762
3.58876
3.57275
3.56233
3.55742
3.55779
3.5601
3.56673
3.58137
3.60558
3.63282
3.65932
3.68271
3.70171
3.71496
3.7214
3.72149
3.72072
3.71802
3.71151
3.69786
3.67946
3.65602
3.64968
9.39138
9.25743
9.11364
8.96368
8.80974
8.65314
8.49471
8.33513
8.17521
8.01517
7.85543
7.69646
7.53866
7.38232
7.22774
7.07512
6.9247
6.77672
6.63137
6.48885
6.34931
6.21293
6.07973
5.95011
5.82452
5.70295
5.5853
5.47152
5.36157
5.25548
5.15327
5.05497
4.96065
4.87036
4.7842
4.70228
4.62473
4.55172
4.48344
4.42013
4.36198
4.30948
4.26189
4.21838
4.1816
4.15068
4.12532
4.1052
4.08988
4.07875
4.07099
4.06571
4.06199
4.05905
4.05607
4.05226
4.04682
4.03919
4.02905
4.01631
4.001
3.98327
3.96324
3.94108
3.917
3.89124
3.86412
3.83595
3.80712
3.77799
3.74905
3.72068
3.6934
3.66771
3.64417
3.6234
3.60641
3.59236
3.58353
3.58038
3.58108
3.58428
3.59265
3.61046
3.63621
3.6645
3.69227
3.71743
3.7383
3.7541
3.76261
3.76465
3.76409
3.76198
3.75672
3.74547
3.72628
3.70585
3.68093
3.67241
9.46702
9.33552
9.19364
9.04586
8.89475
8.74147
8.58667
8.43084
8.27431
8.11768
7.96142
7.80576
7.65087
7.49694
7.34414
7.19271
7.04287
6.89487
6.74895
6.60537
6.46434
6.32602
6.19054
6.05802
5.92898
5.80374
5.68219
5.56422
5.44978
5.33891
5.23164
5.12802
5.0281
4.93198
4.83973
4.75146
4.66731
4.58743
4.51201
4.44126
4.37542
4.31471
4.25967
4.20894
4.16328
4.12409
4.09062
4.06276
4.04027
4.02274
4.00964
4.00016
3.99338
3.98858
3.98483
3.98123
3.97696
3.97131
3.96376
3.95399
3.94185
3.92737
3.91062
3.89174
3.87091
3.84839
3.82446
3.7995
3.77391
3.74816
3.72271
3.69812
3.67489
3.65368
3.63502
3.61991
3.60845
3.60074
3.59992
3.60107
3.60539
3.61583
3.63728
3.66436
3.69376
3.72283
3.74966
3.77258
3.79058
3.80219
3.80606
3.80577
3.80431
3.80034
3.79156
3.77398
3.75211
3.72987
3.70378
3.69341
9.5206
9.38833
9.2483
9.10341
8.95611
8.80729
8.65744
8.50686
8.35577
8.20445
8.0531
7.9018
7.75066
7.5998
7.44942
7.29974
7.151
7.00348
6.85748
6.71326
6.57109
6.43118
6.29371
6.15873
6.0267
5.89815
5.77306
5.65138
5.53305
5.41808
5.30646
5.19825
5.0935
4.9923
4.89472
4.8009
4.71094
4.625
4.54331
4.46602
4.39336
4.32554
4.26283
4.20566
4.15226
4.10468
4.06316
4.02757
3.99777
3.97351
3.95433
3.93977
3.92917
3.92147
3.91589
3.91159
3.90767
3.90329
3.89778
3.89063
3.88145
3.87014
3.85672
3.84125
3.82388
3.80484
3.78442
3.76301
3.74106
3.71908
3.69762
3.67727
3.65868
3.64247
3.62937
3.62054
3.61468
3.61494
3.61699
3.62311
3.6367
3.6607
3.68917
3.71971
3.7502
3.77881
3.80394
3.824
3.8385
3.84523
3.84521
3.84434
3.84143
3.83452
3.8202
3.79919
3.77531
3.75147
3.72441
3.71256
9.54514
9.41404
9.27796
9.13827
8.99654
8.8539
8.71072
8.56701
8.42271
8.27779
8.13226
7.98616
7.83955
7.69251
7.54521
7.39784
7.25065
7.10396
6.95809
6.81339
6.6702
6.52882
6.38949
6.25235
6.11765
5.98593
5.85753
5.73244
5.61062
5.49202
5.37662
5.26446
5.15556
5.04999
4.94785
4.84922
4.75425
4.66311
4.57589
4.49282
4.41412
4.34
4.27073
4.20653
4.1476
4.09258
4.04388
4.00095
3.96386
3.93256
3.90685
3.88636
3.8707
3.85896
3.85051
3.84449
3.8401
3.83616
3.8322
3.82729
3.82091
3.81265
3.80255
3.79054
3.77673
3.76129
3.74459
3.72699
3.70904
3.69122
3.67422
3.65859
3.64519
3.63442
3.62772
3.62469
3.62544
3.62875
3.63721
3.65494
3.68008
3.70982
3.74166
3.77375
3.80433
3.8317
3.85431
3.8709
3.88091
3.8828
3.88215
3.87989
3.87443
3.86289
3.84386
3.82122
3.79595
3.77087
3.74294
3.73003
9.54581
9.42206
9.29318
9.15976
9.02461
8.88917
8.75357
8.61747
8.48052
8.34248
8.20322
8.0627
7.92091
7.77793
7.63386
7.48893
7.3434
7.19762
7.05198
6.9069
6.76279
6.62004
6.47898
6.33986
6.20282
6.06832
5.93689
5.80865
5.6836
5.56168
5.44286
5.32714
5.21453
5.10509
4.99889
4.89602
4.79664
4.70084
4.60882
4.52073
4.43678
4.35716
4.28212
4.21184
4.14671
4.08613
4.03053
3.98064
3.93661
3.8985
3.86624
3.83961
3.81837
3.80199
3.78989
3.78125
3.7753
3.77102
3.76776
3.76428
3.76012
3.75478
3.74793
3.73939
3.72919
3.71756
3.70481
3.69139
3.67782
3.66464
3.65266
3.64227
3.63479
3.6298
3.6299
3.63145
3.63638
3.64753
3.66911
3.69551
3.72606
3.75908
3.79286
3.82555
3.85524
3.88045
3.89969
3.91231
3.91712
3.91678
3.91526
3.9113
3.90269
3.88585
3.86451
3.84066
3.8142
3.7883
3.75954
3.74607
9.53413
9.41984
9.29967
9.17426
9.0468
8.91917
8.7914
8.66291
8.5331
8.40161
8.26824
8.13293
7.99566
7.85649
7.71554
7.573
7.42915
7.28435
7.13901
6.9936
6.84863
6.70455
6.56179
6.42071
6.28152
6.14463
6.01052
5.87944
5.75145
5.62654
5.50467
5.38582
5.26998
5.15717
5.04748
4.94095
4.83774
4.73793
4.64171
4.54922
4.46064
4.37617
4.29604
4.22048
4.14963
4.08396
4.02218
3.96618
3.91568
3.87086
3.83199
3.79907
3.77199
3.75047
3.73413
3.72215
3.71387
3.70834
3.70475
3.70218
3.69989
3.69712
3.69326
3.68805
3.68149
3.67377
3.66526
3.65635
3.64757
3.63953
3.63321
3.62835
3.62786
3.62879
3.63222
3.6402
3.65642
3.67808
3.70591
3.73774
3.77218
3.80766
3.84236
3.87445
3.90205
3.92421
3.93955
3.94751
3.94791
3.94709
3.94441
3.93819
3.92532
3.90548
3.88252
3.85764
3.83019
3.80364
3.77438
3.7604
9.50856
9.41395
9.30602
9.18964
9.07048
8.95054
8.82988
8.70785
8.58389
8.45767
8.32906
8.19802
8.06456
7.92872
7.79058
7.6503
7.50811
7.36434
7.21943
7.07386
6.92818
6.78295
6.63866
6.49576
6.35456
6.21542
6.0788
5.94501
5.81424
5.68652
5.5618
5.44007
5.32131
5.20552
5.09275
4.98306
4.87655
4.77334
4.67354
4.57731
4.48479
4.39616
4.31158
4.23121
4.15533
4.0842
4.01786
3.9561
3.89979
3.84909
3.80419
3.76527
3.73238
3.7054
3.68404
3.66788
3.65635
3.64871
3.64413
3.64175
3.64088
3.64019
3.63895
3.63692
3.63402
3.6304
3.62637
3.62229
3.61868
3.61638
3.61655
3.61763
3.62091
3.62828
3.64066
3.65867
3.68285
3.71173
3.74477
3.78082
3.81822
3.85498
3.88927
3.91939
3.94393
3.96254
3.97352
3.97643
3.9759
3.97405
3.96963
3.96019
3.94382
3.92226
3.89852
3.87255
3.84455
3.8171
3.78789
3.77288
9.48453
9.41244
9.31699
9.20973
9.09826
8.98507
8.8701
8.75288
8.63306
8.51053
8.38532
8.25744
8.12697
7.99389
7.85823
7.72007
7.57958
7.43701
7.29275
7.14728
7.00118
6.85504
6.70946
6.56497
6.422
6.28087
6.14201
6.00581
5.87251
5.7422
5.61488
5.49054
5.36915
5.2507
5.13521
5.0227
4.91327
4.80701
4.70402
4.60446
4.50845
4.41617
4.32776
4.24337
4.16324
4.08753
4.01666
3.95002
3.88862
3.83252
3.78202
3.73731
3.69859
3.66594
3.63935
3.61857
3.60318
3.59267
3.58631
3.58354
3.58362
3.58398
3.5848
3.58601
3.58691
3.58759
3.58829
3.58933
3.59129
3.59462
3.60021
3.60842
3.61994
3.63418
3.6551
3.68114
3.71206
3.74702
3.78492
3.82426
3.86321
3.89976
3.93227
3.95946
3.98035
3.99528
4.00166
4.00152
4.00049
3.99753
3.99098
3.97773
3.95958
3.93672
3.91259
3.88579
3.85739
3.82917
3.79979
3.78416
9.48051
9.42194
9.33841
9.23974
9.1341
9.0249
8.91292
8.79811
8.68043
8.55993
8.43673
8.31092
8.18252
8.05155
7.91797
7.78177
7.64299
7.50178
7.35845
7.21343
7.0673
6.92065
6.77413
6.62835
6.48381
6.34091
6.20005
6.06166
5.92604
5.79333
5.66362
5.53688
5.4131
5.29227
5.17437
5.05942
4.94747
4.83862
4.73292
4.63053
4.53154
4.4361
4.34437
4.25646
4.1726
4.09291
4.0177
3.94705
3.88099
3.81999
3.7644
3.71442
3.67031
3.63227
3.60037
3.57464
3.55493
3.54093
3.53207
3.52829
3.52852
3.52942
3.53154
3.53561
3.54031
3.54558
3.55129
3.55779
3.56558
3.57514
3.58734
3.60287
3.62197
3.64504
3.67323
3.70626
3.74346
3.78368
3.82534
3.86658
3.90557
3.94059
3.9704
3.99419
4.01146
4.0226
4.0246
4.024
4.02212
4.01765
4.00847
3.99204
3.97305
3.94952
3.92494
3.89759
3.86878
3.83995
3.81031
3.79415
9.48846
9.44077
9.36505
9.27151
9.1691
9.06202
8.95169
8.83826
8.72183
8.60258
8.48073
8.35643
8.22974
8.10062
7.96897
7.83467
7.69766
7.55801
7.41591
7.27174
7.126
6.9793
6.83232
6.68566
6.53992
6.39556
6.25303
6.11277
5.97511
5.84029
5.70843
5.57953
5.45359
5.33058
5.21049
5.09333
4.97914
4.868
4.75992
4.65509
4.55349
4.45533
4.36069
4.26973
4.18262
4.0995
4.0206
3.94619
3.87603
3.81079
3.75065
3.69587
3.64679
3.60366
3.5667
3.53607
3.51179
3.49379
3.48184
3.47595
3.47618
3.4773
3.48011
3.48584
3.49456
3.50443
3.5155
3.52784
3.5418
3.55815
3.57751
3.60078
3.6275
3.6589
3.69457
3.73421
3.77683
3.82098
3.86478
3.90638
3.94412
3.97671
4.00339
4.0237
4.03773
4.0447
4.0445
4.04346
4.04066
4.03467
4.02272
4.00508
3.98463
3.96118
3.93568
3.90799
3.87883
3.84949
3.8196
3.80284
9.51771
9.47379
9.39985
9.30668
9.20423
9.09718
8.98695
8.87386
8.75798
8.63943
8.51846
8.39524
8.26984
8.14218
8.01213
7.8795
7.74415
7.60605
7.46532
7.32223
7.17722
7.03085
6.88375
6.73657
6.58994
6.44442
6.30047
6.15858
6.01915
5.88246
5.74867
5.61785
5.48997
5.36506
5.24307
5.12404
5.00791
4.89477
4.78464
4.67767
4.57387
4.4734
4.37632
4.28276
4.19288
4.10682
4.02478
3.94695
3.87346
3.80446
3.74036
3.68129
3.62785
3.58006
3.53839
3.50301
3.47412
3.45186
3.43639
3.42733
3.4274
3.42841
3.43136
3.4377
3.4499
3.46427
3.4808
3.4993
3.52005
3.54373
3.5708
3.60188
3.63679
3.67589
3.71856
3.76398
3.81077
3.85731
3.90174
3.94244
3.97807
4.00783
4.03135
4.04844
4.05959
4.06248
4.062
4.06034
4.05647
4.04837
4.0349
4.01647
3.9952
3.97139
3.94538
3.91724
3.88768
3.85786
3.82771
3.81021
9.55399
9.50423
9.42861
9.33483
9.23212
9.12518
9.0154
8.903
8.78801
8.67051
8.5506
8.42843
8.3041
8.17758
8.04877
7.9175
7.78359
7.64694
7.50757
7.36564
7.2215
7.07563
6.92864
6.7812
6.63395
6.48752
6.34243
6.19921
6.05828
5.91999
5.78452
5.65199
5.52239
5.39577
5.27206
5.15134
5.03354
4.91875
4.80687
4.69809
4.5924
4.48991
4.39075
4.29498
4.20277
4.11423
4.02954
3.94884
3.87248
3.80026
3.73279
3.67013
3.61266
3.56076
3.51475
3.47497
3.44171
3.41525
3.39603
3.3836
3.38205
3.38297
3.38602
3.39286
3.40683
3.42556
3.44764
3.47265
3.50064
3.53198
3.56713
3.606
3.64907
3.69544
3.74424
3.79422
3.84382
3.89132
3.93518
3.9741
4.0072
4.03407
4.05466
4.06908
4.07743
4.07752
4.07688
4.07482
4.07012
4.06041
4.04512
4.02623
4.00456
3.98036
3.95395
3.92539
3.89546
3.86515
3.83479
3.81623
9.59102
9.53327
9.45432
9.35909
9.25615
9.1494
9.04015
8.92853
8.81446
8.69787
8.5788
8.45739
8.33376
8.20797
8.07997
7.94963
7.81679
7.68129
7.54307
7.40221
7.25895
7.11369
6.967
6.8195
6.67186
6.52478
6.37882
6.23457
6.09243
5.95278
5.81585
5.68179
5.55069
5.42254
5.29737
5.17519
5.05591
4.93962
4.82632
4.71604
4.60879
4.50468
4.40384
4.30627
4.21217
4.12163
4.0348
3.95184
3.87287
3.79794
3.72754
3.66177
3.60112
3.54565
3.49589
3.45214
3.41481
3.38437
3.36135
3.34564
3.34123
3.34207
3.34509
3.35214
3.36673
3.38911
3.4164
3.44796
3.48352
3.52302
3.56645
3.61336
3.66369
3.71641
3.77019
3.82343
3.87449
3.92183
3.96427
4.00093
4.03141
4.05561
4.0737
4.08604
4.09111
4.09086
4.08978
4.08709
4.08131
4.07024
4.0541
4.03473
4.01272
3.98817
3.96141
3.93245
3.90209
3.87155
3.84077
3.82097
9.62277
9.55771
9.47501
9.37771
9.27461
9.16852
9.06
8.94942
8.83656
8.72113
8.60306
8.48247
8.35951
8.23428
8.10682
7.97708
7.84495
7.7103
7.57292
7.43288
7.29036
7.14566
6.99927
6.85182
6.70397
6.55643
6.4098
6.26469
6.12152
5.9807
5.8425
5.70711
5.57466
5.44518
5.31872
5.19522
5.07472
4.95717
4.84259
4.731
4.62248
4.51704
4.41487
4.31586
4.22028
4.12811
4.03953
3.95454
3.87348
3.79651
3.72374
3.65537
3.59191
3.53344
3.48051
3.43341
3.3926
3.35861
3.33202
3.31322
3.30543
3.30615
3.30899
3.31594
3.33046
3.3557
3.38776
3.42572
3.46878
3.51639
3.5678
3.62257
3.67957
3.73762
3.79506
3.85025
3.90162
3.94799
3.98856
4.02291
4.05097
4.07289
4.08911
4.09943
4.10226
4.10189
4.10052
4.09724
4.09036
4.07836
4.06177
4.04206
4.01973
3.99487
3.96773
3.93841
3.90774
3.87671
3.84664
3.82411
9.6426
9.57606
9.49271
9.39471
9.28902
9.18597
9.07734
8.96709
8.85501
8.74035
8.62294
8.50287
8.38032
8.25547
8.12836
7.99902
7.86739
7.73329
7.59664
7.45733
7.31544
7.17125
7.02518
6.87782
6.72982
6.58192
6.43476
6.28896
6.14495
6.00319
5.86397
5.72751
5.59399
5.46343
5.33595
5.21145
5.08999
4.97147
4.85597
4.74344
4.634
4.52763
4.42445
4.3244
4.2277
4.13423
4.04422
3.95782
3.87509
3.79627
3.72159
3.65124
3.58564
3.5248
3.46932
3.41946
3.37572
3.33875
3.30901
3.28744
3.27616
3.27669
3.27923
3.28575
3.29972
3.32689
3.36295
3.40668
3.45677
3.51195
3.57091
3.63258
3.69529
3.75741
3.81724
3.87322
3.92407
3.96906
4.00772
4.04
4.06604
4.08627
4.10114
4.10933
4.11119
4.11071
4.10908
4.10532
4.09753
4.08488
4.068
4.04805
4.02545
4.00034
3.97293
3.94317
3.91233
3.8807
3.85171
3.82655
9.64529
9.58143
9.49989
9.40258
9.29725
9.19642
9.08944
8.98017
8.8694
8.75575
8.6391
8.51958
8.39741
8.27279
8.14592
8.01685
7.88551
7.75178
7.61551
7.47659
7.33505
7.19113
7.04521
6.89784
6.74968
6.60148
6.45388
6.30753
6.16289
6.02042
5.88043
5.74312
5.60871
5.47729
5.34891
5.22357
5.10123
4.98186
4.86554
4.75224
4.64205
4.53495
4.431
4.33015
4.23254
4.13815
4.04711
3.95956
3.87563
3.79554
3.71949
3.64762
3.58031
3.51771
3.46037
3.40851
3.36264
3.32346
3.2913
3.26759
3.25329
3.25363
3.25595
3.26222
3.27587
3.30349
3.34285
3.39142
3.4474
3.50915
3.57472
3.6421
3.70926
3.77421
3.83536
3.89136
3.94135
3.98494
4.02195
4.05261
4.07713
4.09631
4.10993
4.11685
4.11793
4.1174
4.11564
4.11165
4.10337
4.08987
4.07277
4.05263
4.02976
4.00452
3.97695
3.94678
3.91576
3.8834
3.85605
3.82843
9.65203
9.5912
9.50855
9.41092
9.30044
9.20531
9.09589
8.98668
8.87645
8.76348
8.64759
8.52886
8.40739
8.28337
8.15697
8.02829
7.8973
7.76389
7.62793
7.48929
7.34802
7.20429
7.05849
6.91116
6.76293
6.61452
6.46657
6.31978
6.17466
6.03168
5.89115
5.7533
5.61837
5.48646
5.35762
5.23185
5.10908
4.98935
4.87263
4.75898
4.64839
4.54087
4.43646
4.33513
4.23698
4.14196
4.05023
3.96192
3.87719
3.79622
3.71918
3.64631
3.57784
3.51404
3.45537
3.40206
3.35465
3.31385
3.27987
3.25465
3.23783
3.23803
3.2402
3.24633
3.25982
3.28712
3.32851
3.38048
3.4408
3.50741
3.57775
3.64928
3.71947
3.7862
3.84796
3.90365
3.95278
3.99524
4.03105
4.06061
4.08418
4.10257
4.11528
4.1219
4.1223
4.12172
4.11989
4.11575
4.10714
4.09326
4.07592
4.05563
4.03256
4.00719
3.97976
3.94906
3.91778
3.88575
3.8587
3.82994
9.65363
9.5924
9.51019
9.41367
9.30476
9.20962
9.10192
8.99335
8.88357
8.77079
8.65489
8.53604
8.41441
8.29019
8.16359
8.03474
7.90366
7.77022
7.63428
7.49571
7.35449
7.2108
7.06501
6.91765
6.76935
6.62084
6.47278
6.32584
6.18053
6.03731
5.89651
5.75835
5.62308
5.49081
5.36161
5.23549
5.11238
4.99232
4.8753
4.76136
4.65052
4.54276
4.43811
4.33649
4.23805
4.1427
4.05065
3.96197
3.87685
3.79547
3.71799
3.64471
3.57577
3.51148
3.45225
3.39832
3.35024
3.30872
3.27389
3.24809
3.22982
3.23008
3.23222
3.23815
3.25142
3.27879
3.32131
3.37501
3.43766
3.50696
3.57992
3.65364
3.72536
3.79289
3.85484
3.91025
3.95882
4.00064
4.03581
4.06479
4.08788
4.1057
4.11805
4.12474
4.12469
4.12406
4.12217
4.11788
4.10905
4.09512
4.07761
4.05727
4.03403
4.00846
3.98149
3.94981
3.91934
3.88656
3.8593
3.83108
)
;

boundaryField
{
    inlet
    {
        type            fixedValue;
        value           uniform 1;
    }
    outlet
    {
        type            waveTransmissive;
        gamma           1.4;
        fieldInf        1;
        lInf            3;
        value           nonuniform List<scalar> 
40
(
2.9979
3.0031
3.01315
3.02831
3.05177
3.08146
3.11954
3.16308
3.20708
3.25015
3.29125
3.32952
3.36498
3.39805
3.43026
3.46243
3.49454
3.52726
3.55725
3.5843
3.60994
3.63422
3.65699
3.67806
3.69729
3.71481
3.73089
3.74525
3.75778
3.76906
3.779
3.78759
3.79484
3.80069
3.80522
3.80824
3.81063
3.81249
3.81421
3.8153
)
;
    }
    bottom
    {
        type            symmetryPlane;
    }
    top
    {
        type            symmetryPlane;
    }
    obstacle
    {
        type            zeroGradient;
    }
    defaultFaces
    {
        type            empty;
    }
}


// ************************************************************************* //
